   6.31255565338302872326250383092773261      
   6.34695465874457149417459143653184962      
   6.38207473102093304239352768298730997      
   6.41787524449611900210549603089294963      
   6.45431425979183735516278242726130062      
   6.49134835994046240982893639177685867      
   6.52893244080731469241143597750860722      
   6.56701944472576327156845288857054674      
   6.60556002185452144150747645290269782      
   6.64450209776563713636453405669767847      
   6.68379031731287999351675616857686499      
   6.72336532263654568083952081557814585      
   6.76316280517717595365326233376913533      
   6.80311224439495038244490290544594551      
   6.84313520372141054045939221372179932      
   6.88314298686268765746982742758442962      
   6.92303334615141439077107271439549316      
   6.96268574327702949628635982391745744      
   7.00195431932452368674343592228972464      
   7.04065708328001524130563123854084034      
   7.07855853562840123559520258004594691      
   7.11534020082431381096727533955533645      
   7.15054733200323114576371976590405384      
   7.18348503550206853250506216870434921      
   7.21299806267536999976388588336990046      
   7.23695433263513189977327829551701737      
   7.25081034187957847218892131419414494      
   7.24182437545073659505891837704847809      
   7.12425171983654320579247324951923111      
   7.77913273844648091968751552762745066      
   7.95342167767317967904987695687645786      
   8.08492969380491963576933624261819842      
   8.20355368940139164693699681815293672      
   8.31831903056086200132608226132983434      
   8.43327604356245431979417332351265044      
   8.55041850712906152815697713595677783      
   8.67047632115993883627612733685507639      
   8.79305887769686661668386690122113843      
   8.91659266994910472155641638784329891      
   9.03828240985449651479659606135597419      
   9.15416902939425249725953201894140775      
   9.25920480416835732210373160695149412      
   9.34707821759927095541146981411747219      
   9.40868873069934784975498712393047991      
   9.42198469593816592693066675738171263      
   9.41987254357134311281782191364245252      
   9.41780043147806977293090806293882505      
   9.41575371626791478959570660623739149      
   9.41371892016237867530977445773409732      
   9.41168366229209551757184425992401220      
   9.40963659357509581443738171923669821      
   9.40756733499208544544343726265077360      
   9.40546641906894161190062266725462536      
   9.40332523441470462975918547484716735      
   9.40113597315483282430408096696778847      
   9.39889158111364225027433606981729763      
   9.39658571060928898670479689836021984      
   9.39421267574991539772541016781125811      
   9.39176741008407243279584252436414946      
   9.38924542650705032722922541637389191      
   9.38664277931798222546005792252235028      
   9.38395602831614254284434336605800103      
   9.38118220484589553866401198694619897      
   9.37831877970096284748778719721311937      
   9.37536363276766590206822407881755911      
   9.37231502438960799626930598678618862      
   9.36917156830437026723715523447946354      
   9.36593220611218784783985448369859181      
   9.36259618319341648700221552438444099      
   9.35916302600601998449871534594050205      
