   4.07910024243713940860870598923923715      
   3.99933378426085884275805519185436015      
   3.92015660754046126556724595551680581      
   3.84148476545527710372250275253201749      
   3.76323133871925703461369791187033792      
   3.68530516855389517514156196404468970      
   3.60760942336240630481393197352653869      
   3.53003993981899786262534354418120650      
   3.45248326088804873009893191107022663      
   3.37481426755207070588559720770016150      
   3.29689326422061763358880039442789059      
   3.21856232441234416712245761840644475      
   3.13964062463691894477443772538858711      
   3.05991837635592764686286510011495965      
   2.97914878513974696722641321429851834      
   2.89703718319416920381552668463908690      
   2.81322602748162219577214834337083637      
   2.72727370758465800678865880604163622      
   2.63862383720093652127011216171557257      
   2.54655947255336506575613443161866779      
   2.45013262789462759669157977389628411      
   2.34805165011188577674447787037004322      
   2.23849300047091897908423888126092843      
   2.11876752915329557586292977989221147      
   1.98467372401452145416463852134071629      
   1.82904881197091832855223411151921761      
   1.63771918636381925587852163233104801      
   1.37380727525934335468020179470007901      
  0.833619324774249047437005813777351836      
   8.61358598293831681707299561355829904      
   16.5873387670942883116063442756113197      
   23.6816843742574027949711433680001558      
   30.3363711934001685097863953489928959      
   36.7517849356345148715785542147648448      
   43.0637002690019023460333880876013099      
   49.3840345832272225030768588670286051      
   55.8056889741577829854522894719041846      
   62.3897357751341716157211755658840863      
   69.1490106960967256098310322426669225      
   76.0401518975171304916918840172128003      
   82.9658584812419641557089500386254057      
   89.7800708653564177690894872233778153      
   96.2842540839782837552537058645037886      
   102.180317621537666714286466072302061      
   106.746021865456693276217745304986274      
   110.842219312618434123690527763667812      
   114.909251517498836745628132485651416      
   118.942170752599754415305102178464161      
   122.936868355157761758263275420705050      
   126.890016828885574561667351831120347      
   130.798990824256700195875571119942165      
   134.661778641292290078304432553647364      
   138.476892646311051616170756897963750      
   142.243284137456395369895653767294051      
   145.960265906267546627601379859300046      
   149.627444047045742697160389696608804      
   153.244659397065223280140315243402324      
   156.811938247104452128248362396688941      
   160.329451535140747904622718949533860      
   163.797481534171425867436585138438325      
   167.216394989409249093836997239541724      
   170.586621694644522750630754799045088      
   173.908637582618872205564918936648341      
   177.182951512073978869673938845560444      
   180.410095047249599360871944219238366      
   183.590614637546976265942177609200646      
   186.725065702343434399404064955305976      
   189.814008216677766737689224968937589      
   192.858003468465452328706870262226292      
   195.857611722093669922419870906090420      
