   235.280623255560065767173916372200344      
   235.267416041613366799044398618009633      
   235.245371159244097756232513493127752      
   235.214474221392287767569465170917328      
   235.174715626896189970665630958896450      
   235.126092373656353438795173732181285      
   235.068609559844388533471805983959621      
   235.002281523564941789909419842097195      
   234.927132593893152976607149184895424      
   234.843197443255637643143990711202127      
   234.750521005348847635581272973851991      
   234.649157831262446892794279754637125      
   234.539170612058552283282515741661022      
   234.420627454737206552935876272861131      
   234.293597442781953573990534547293873      
   234.158144119386961022327141767682547      
   234.014316813694930976830906038221780      
   233.862140123721826192969651302769151      
   233.701602257736378249313372377596167      
   233.532643209311109108362051687394246      
   233.355143837350350995885021583654454      
   233.168916834581778221471528486583420      
   232.973700336169725387547263672037935      
   232.769154605155840567229284344585334      
   232.554861900143783241626660614587720      
   232.330329334408385555486086174766946      
   232.094994309686211953192075887455772      
   231.848231964376536861968764056549099      
   231.589364014385103380063988000605000      
   231.317668371328929978848934955523253      
   231.032388978897312191837751003714621      
   230.732745396065159243608043766713371      
   230.417941757277970238287514873221468      
   230.087174842783619198568114251016424      
   229.739641087334273941277585737316405      
   229.374542436931928074207076565569450      
   228.991091030229333258838162785636270      
   228.588512731497118684637250179720784      
   228.166049578306572174614475112409263      
   227.722961231996884252811179611252043      
   227.258525531810841915117709259728400      
   226.772038260268669729195232613779642      
   226.262812227473432862837483970098933      
   225.730175777219058864458855864962940      
   225.173470811446387939003612309670457      
   224.592050419699371411899284474642726      
   223.985276190765253940593368637024797      
   223.352515272598921778339093957233043      
   222.693137235929627691138338478452848      
   222.006510786795061758269832039232586      
   221.292000362232446765625641895017099      
   220.548962634815491732144827435522798      
   219.776742941825495777948280028412025      
   218.974671646943766734248104313894592      
   218.142060434212096326354978690081906      
   217.278198527080985546257562969557943      
   216.382348818224050749854619004053813      
   215.453743889745843469840738003845077      
   214.491581896815205460969082167732242      
   213.495022282196001321231853339168241      
   212.463181282648457148506900102983925      
   211.395127181788656969551411896990662      
   210.289875257789249755747552138321479      
   209.146382365974427384530961554491864      
   207.963541088508254596298261058692757      
   206.740173373610156476483395482554778      
   205.475023574985332920473493480538006      
   204.166750789166456266141117363619131      
   202.813920371934230949697470436821803      
   201.414994496129121801703200666475894      
   199.968321588593114101762887615629647      
   198.472124456532370991247407349562118      
   196.924486877234261828501348135209963      
   195.323338382094878047059665365164650      
   193.666436911674741585180458560337646      
   191.951348951897029214113203795439199      
   190.175426676117430312372899346101214      
   188.335781512456384067235552290213204      
   186.429253419724930675628763068265115      
   184.452374982640857714757216413700825      
   182.401329213432224117008927981168137      
   180.271899656434908450000926249517344      
   178.059411010273923495924881043734610      
   175.758657976778654090437015615491258      
   173.363819367328818703847994235706310      
   170.868353577605204521706850122710697      
   168.264870281842819167115097319951781      
   165.544971442254132235349564567887876      
   162.699052254362466383588823302936905      
   159.716049101506930363956308039442122      
   156.583116412116404365580445436948306      
   153.285206613198029189525806147110196      
   149.804515667934239561543351345380330      
   146.119738462636526447823247179752329      
   142.205049154724777964676250742141582      
   138.028673471219349418627367194923064      
   133.550837578935874717811877196002784      
   128.720730986247110097431166733408283      
   123.471844103133222612499483250189728      
   117.714486377164387378165562593802140      
   111.323088499930852853320664155468517      
   104.113013752505278400226855955887828      
   95.7937772591003670616073101599082975      
   85.8603547071465815643341297570925926      
   73.2799341834952818071861360271115866      
   55.1506699797800222424410693978687661      
   4.05341687838304417305971833469313771E-0004
   4.05731435579495191002801346012604632E-0004
   3.88338483643140917549560270994636949E-0004
   3.63248002214877144282530887811088371E-0004
   3.36295223036212726441337393814473463E-0004
   3.07204683114959965209280867866717013E-0004
   2.78747693468341038975443616122596281E-0004
   3.13632493075023257763905507902940479E-0004
   3.89206134853022893012069124563496498E-0004
   2.98722249321246632239149132790850146E-0004
   2.61033713207339620888555396301592864E-0004
   2.35717409363011796502870474037095883E-0004
   2.18225906861727391960238938197143522E-0004
   2.01870910466035063032022711780342593E-0004
   1.85138100950560750344399815107862465E-0004
   1.64038953901039679048283772101999691E-0004
   6.07718204642965422509440952534488801E-0005
   6.10050598063939163648865422120397153E-0005
   6.12343442354655625640953623218320759E-0005
   6.14596303281481800348346979171012236E-0005
   6.16808785507697654127907597876082269E-0005
   6.18980532591484392350187831339062017E-0005
   6.21111226902142062193159233208770441E-0005
   6.23200589455649647102741326855323900E-0005
   6.25248379669124536842124613825269269E-0005
   6.27254395041240291299067656324021746E-0005
   6.29218470756099423675773023673435385E-0005
   6.31140479215900136546278257405708245E-0005
   6.33020329505033981768066441022014488E-0005
   6.34857966788176021057835374872566776E-0005
   6.36653371646757837708946845863603308E-0005
   6.38406559356324993832012548283518513E-0005
   6.40117579109270300003320753910025101E-0005
   6.41786513186388096516831721148454999E-0005
