   1.84051563690825564413742632622864020      
   1.84058440985859409243923708297876856      
   1.84069894884014998488319721505386681      
   1.84085908418645912689772701487910448      
   1.84106457652272391100129178095288662      
   1.84131511651674692752567344734205633      
   1.84161032747025696653906616843880898      
   1.84194977079111238129616659451474189      
   1.84233295365014386268790197844993382      
   1.84275933692960024395645975023707153      
   1.84322833899304310658873491131501839      
   1.84373932769559629805982507700532619      
   1.84429159116963548626771750059640339      
   1.84488427951646199825399538501869434      
   1.84551631382983831645774270620450110      
   1.84618626432378117347974115746766144      
   1.84689220369230589082023431357492619      
   1.84763154496265611741931353589674210      
   1.84840087484660441616308111689798683      
   1.84919579441989285923853699802678365      
   1.85001077883465849578258891797236909      
   1.85083906679062182352806408663198989      
   1.85167258845991386977526614018201109      
   1.85250193788446222820164034207640974      
   1.85331639272873003808938832107472979      
   1.85410398104020421648323628114427591      
   1.85485159181406889176122640010454543      
   1.85554512376591508440864545536940440      
   1.85616966509927989810159588334453004      
   1.85670969602219037427359794625513323      
   1.85714930553384175714943377789327656      
   1.85747241422874286460842401052180205      
   1.85766299555220294268835758965881002      
   1.85770528891525303607719222505896835      
   1.85758399924559367133317645415365013      
   1.85728447873769608101113942999828290      
   1.85679288778365067293568952716531564      
   1.85609633317632995752568357762277555      
   1.85518298267177070631768648940577981      
   1.85404215586656330043821128361853327      
   1.85266439202505457345105170180622903      
   1.85104149605285548551343483320535053      
   1.84916656423818978270343607051576178      
   1.84703399162647724873627100162747811      
   1.84463946306838849127484960579256822      
   1.84197993007959749993601617975025201      
   1.83905357562275334455970037422909957      
   1.83585976885075798234354565348876525      
   1.83239901177319230828959321543272943      
   1.82867287963414007520884569232912139      
   1.82468395668247839289650514909873315      
   1.82043576876244836668349827337823315      
   1.81593271411385107598107774858064046      
   1.81117999343386684552506201351047150      
   1.80618354026632346688452118147720550      
   1.80094995248676209578524976952320172      
   1.79548642562888200001083007804410804      
   1.78980068857582724610290272951629141      
   1.78390094210500638938650121831405528      
   1.77779580063196194921936834094627999      
   1.77149423743427272897267826815017281      
   1.76500553354173513364816175412103858      
   1.75833923049438686766457008408262730      
   1.75150508698195336180365884319701490      
   1.74451303951244069689716207844062520      
   1.73737316710252500243262959033438830      
   1.73009566002297966865681826407331043      
   1.72269079263452238661560662692537666      
   1.71516890031221456117779373897678003      
   1.70754036051998976920120863081313527      
   1.69981557807827488884010008542572149      
   1.69200497473898644400637197296007602      
   1.68411898318340192651414399353802312      
   1.67616804568154558230066230678559055      
   1.66816261767117113448078722150029982      
   1.66011317664510179734711842251958192      
   1.65203023686426214748757734677186288      
   1.64392437056619056193684525489003330      
   1.63580623653002921898810384679348899      
   1.62768661718195521665170509030384518      
   1.61957646567630188260352700679564251      
   1.61148696495169778118004745637800011      
   1.60342960126227839528246188310514461      
   1.59541625555728546299919212299883621      
   1.58745931714645791138151421808852795      
   1.57957182559370240944294317814989886      
   1.57176764889582194189687786363417586      
   1.56406170893866063322782368025453051      
   1.55647026952766142867392044171486971      
   1.54901130853770070402295840432865160      
   1.54170500506255232039256441200925924      
   1.53457438674977837075082210646252824      
   1.52764620486484864114292784828900604      
   1.52095214054326592638090722506216316      
   1.51453050525149612413366193372808231      
   1.50842870059866839319916131651577584      
   1.50270688472765692539896188971484675      
   1.49744363213746009300949238787812013      
   1.49274504119886121076643576261857123      
   1.48876013968636769702829168312783739      
   1.48570859043519900347243578333949436      
   1.48393454380151293798171096469859987      
   1.48402274576863937721704728805198380      
   1.48708918378919491797196434436585081      
   1.49570562951473349051076721475160461      
   1.51857064926565344445792727824584620      
   1.42805585197274527331509326065884132      
   1.30237239421321935499321455006896380      
   1.25712961532670296228989120150238833      
   1.22354366869371475065569972709568019      
   1.19510709834667791124821644029117874      
   1.16970083548486631362784712351341766      
