   1.24736277157004491846885333021795137E-0002
   1.25150356102431363434886412079618097E-0002
   1.25589122744785176682314645618309027E-0002
   1.26054794738595266091089380909515807E-0002
   1.26549866991483058099873430057575403E-0002
   1.27077161089284910923587445420425221E-0002
   1.27639885014078469135800205887569337E-0002
   1.28241705794217363849107309276151735E-0002
   1.28886838579111192610120755733315563E-0002
   1.29580156801028529421811592035888805E-0002
   1.30327329708535887619671160097956175E-0002
   1.31134995835819088096253651187895217E-0002
   1.32010984220018143631332036353378800E-0002
   1.32964599874946076833664456730387580E-0002
   1.34006996930540272651736190852711805E-0002
   1.35151673171682565721871023480705763E-0002
   1.36415135475929345251703693800339144E-0002
   1.37817810314265955366889300833351226E-0002
   1.39385313209056103934697559874935477E-0002
   1.41150257408184720429878566628038472E-0002
   1.43154897982789677223279247501915669E-0002
   1.45455121391459695994522435878777849E-0002
   1.48126709781835029537285227458655496E-0002
   1.51275685550752229390838077483809503E-0002
   1.55056495866156957118282214686871403E-0002
   1.59706484405162208965574611604828045E-0002
   1.65617528762297362132994921165059150E-0002
   1.73504060081457914216126885590286991E-0002
   1.84874370359908292763997456533840625E-0002
   2.03819009459768321633418106829528228E-0002
   2.50383185705183583959896151446760892E-0002
   5.95978085425569595237395729492564556      
   14.5922285992356887405743952275309796      
   21.4916218864085818582157896057016602      
   27.5314380354565509277775504510745379      
   33.0099013527935921236714349052240068      
   38.0782314981022163071674515801726808      
   42.8273509339250107301040609617178688      
   47.3174565269634503201167628361671305      
   51.5908896317667685830731569520672998      
   55.6786437711821735184056197734103196      
   59.6039879792895940586722910948983643      
   63.3845961465610239223022122594754759      
   67.0337935049448083412574680325614495      
   70.5611577860725667781264109796314463      
   73.9723657066909663132950649311543183      
   77.2669516929777328073899709332799877      
   80.4234234155758854004185389311056421      
   83.4788078936056925370572213674046751      
   86.4549264573743392391800335151192368      
   89.3566203141214195743031980719780364      
