   7.29629678368768559544175209847264670      
   7.38340480044849896976822723390316278      
   7.47212508973279096473347357077001367      
   7.56180194454246923398976973930202020      
   7.65138455081797790748243185885144496      
   7.73640476873489596992270404562245944      
   7.79315908912413923738400759138126602      
   8.07068181343587054747194718743639447      
   8.39209895958195673520297196790132749      
   8.51323033196095423844809393715653574      
   8.64882499673430918402027350579901952      
   8.82326994385323838613889869738570776      
   9.04847613130460534193618569737738373      
   9.33503881561906051488268099367511103      
   9.69609153903066839461610252536484484      
   10.1487871242576570217164031863471382      
   10.7123151978902665796980974621754635      
   11.4010344362144962518685640699570564      
   12.2144608222911267988033011359991203      
   13.1265454844863545329963746045383632      
   14.0746824697459366043299449609316869      
   14.9498524748745627643654812456746855      
   15.5917497826329204704253154873026311      
   15.7398034279510659561503067077996763      
   15.4484059623824407518140477137041895      
   15.1764668156431033802571442527154228      
   14.9220412355992098771272188745885067      
   14.6834444559993469235040122100809847      
   14.4592087069667399600027119495460351      
   14.2480485992869387619836798955924859      
   14.0488330209635979797592816688651561      
   13.8605621462451461692893800528125075      
   13.6823484934464883246731975197789069      
   13.5134012153235088937098181517483722      
   13.3530129899666733991531226331106270      
   13.2005490185796018553213398533534889      
   13.0554377415893059301461821924993697      
   12.9171629649218505537100945150854967      
   12.7852571503370209701296634190218587      
   12.6592956719733232729115637001043532      
   12.5388918790562568520997495539032094      
   12.4236928345489078308588426844317288      
   12.3133756232011643475489907147542927      
   12.2076441413509671014084112470935669      
   12.1062262960524230009619684131797156      
   12.0088715533517600593949351018731847      
   11.9153487855226654285337791891236686      
   11.8254443752074782544859510747588207      
   11.7389605410810283750777524546148948      
   11.6557138551509962098429256953449984      
   11.5755339263712784786294756908149084      
   11.4982622290068644521130240351889224      
   11.4237510573665664616764490157418249      
   11.3518625911298951757474464479515977      
   11.2824680577500176415502050564552900      
   11.2154469802532262052075963543827596      
   11.1506865003662288855324191740291768      
   11.0880807682295363035756577534504550      
   11.0275303911035823049928861202187293      
   10.9689419344746279806478078512395606      
   10.9122274697425894860644471280434546      
   10.8573041635204167111779638200178720      
   10.8040939039973923158708342008755136      
   10.7525229605640632704946273044330690      
   10.7025216732167764598185131540035163      
   10.6540241687213067328412053989846184      
   10.6069681008445754272230088013895594      
   10.5612944122833291862016019905254010      
   10.5169471161712154889489640444106081      
   10.4738730952883984329095670558157180      
