 0.14089355925580E-01
 0.14521742641743E-01
 0.15031011112717E-01
 0.15659891530349E-01
 0.16508214493902E-01
 0.17832733266894E-01
 0.20341961678407E-01
 0.23396044548670E+01
 0.20998585739064E+02
 0.33644850299145E+02
 0.44499300672142E+02
 0.54522811379350E+02
 0.64277190006036E+02
 0.74268928241271E+02
 0.85074056412624E+02
 0.97372812447992E+02
 0.11196591108612E+03
 0.12959068098075E+03
 0.15048062361827E+03
 0.17414059797638E+03
 0.19920266226912E+03
 0.22323339646310E+03
 0.24256618461956E+03
 0.25094352363761E+03
 0.24903798302234E+03
 0.24756623834180E+03
 0.24647236504979E+03
 0.24570689089836E+03
 0.24522616685415E+03
 0.24499181800258E+03
 0.24497023841079E+03
 0.24513211287922E+03
 0.24545196043389E+03
 0.24590770075378E+03
 0.24648024721474E+03
 0.24715313039374E+03
 0.24791215486266E+03
 0.24874509065997E+03
 0.24964139940106E+03
 0.25059199379593E+03
 0.25158902846874E+03
 0.25262571941741E+03
 0.25369618917254E+03
 0.25479533465137E+03
 0.25591871479596E+03
 0.25706245527805E+03
 0.25822316780457E+03
 0.25939788183281E+03
 0.26058398678105E+03
 0.26177918308359E+03
 0.26298144068064E+03
 0.26418896374877E+03
 0.26540016066669E+03
 0.26661361837293E+03
 0.26782808041150E+03
 0.26904242807776E+03
 0.27025566417558E+03
 0.27146689897858E+03
 0.27267533805619E+03
 0.27388027168275E+03
 0.27508106559276E+03
 0.27627715288762E+03
 0.27746802692612E+03
 0.27865323506279E+03
 0.27983237311644E+03
 0.28100508047111E+03
 0.28217103572590E+03
 0.28332995282349E+03
 0.28448157759680E+03
 0.28562568468262E+03
