   3.24224438163564346243960071421063930      
   3.10093930974029059260240392730295998      
   2.94758296721577106026467002787232555      
   2.77470225381629493982812701201118315      
   2.56572395197715880886028216116432942      
   2.28484022124222706923867578400559427      
   1.86689523516208322570069167540090759      
   2.33960463951956189644119157339766307      
   20.9985857396248830928555390681028202      
   33.6448502995833931739691730471513173      
   44.4993006724727836006835013917876031      
   54.5228113795498717152648507421818807      
   64.2771900061263935616891253123597398      
   74.2689282413039587553331924312221484      
   85.0740564126294475277433807817511386      
   97.3728124479758233748774941680697269      
   111.965911086090186699868320930835103      
   129.590680980707323968854497919469088      
   150.480623618216959743201074403348100      
   174.140597976302890199451966301774619      
   199.202662269074756197060813080306202      
   223.233396463079595766264369736162125      
   242.566184619564833253373733433934867      
   250.943523637608279470879639555846426      
   249.037983022344821049098633328037847      
   247.566238341803424723311781037236180      
   246.472365049791566604365781527091799      
   245.706890898367413026620775388157577      
   245.226166854155011976020354694108986      
   244.991818002586312859358352820055850      
   244.970238410801967526928377336765273      
   245.132112879233855831641397045086497      
   245.451960433902999529231395202966408      
   245.907700753787555705309466982297190      
   246.480247214750640488353366589472786      
   247.153130393746937196080423343062362      
   247.912154862668356574742904197001346      
   248.745090659984162292563337040291854      
   249.641399401068015677301490835531902      
   250.591993795945668954785017344657520      
   251.589028468754583909642449200053609      
   252.625719417422689982341536879355261      
   253.696189172554816958261911720062279      
   254.795334651384406065777592886803904      
   255.918714795969908020603088593449903      
   257.062455278063018023355768062378946      
   258.223167804583532053926618772318335      
   259.397881832817264092012090281834854      
   260.583986781058315502007134282249497      
   261.779183083602240177893275797283067      
   262.981440680654024704087437284423229      
   264.188963748785134796470307886367265      
   265.400160666700536684117665765977378      
   266.613618372937919948972710580044108      
   267.828080411510247472370739164731321      
   269.042428077768127055029434322386127      
   270.255664175594322037421421623136146      
   271.466898978591150956676945401588262      
   272.675338056206409494733447161890835      
   273.880271682762334274876492699989959      
   275.081065592772375659212765738898909      
   276.277152887626785235752474978757410      
   277.468026926127195521301498906036201      
   278.653235062796745498533725615351297      
   279.832373116454085481809772269018582      
   281.005080471121500298444782619246931      
   282.171035725914558155573365115030172      
   283.329952823501621855852207485128868      
   284.481577596808967322334718759034578      
   285.625684682628384224798135178369025      
