   72.4479686713211523636435429302469931      
   72.4427898225568931458862647503594020      
   72.4341425365726917311253079085307282      
   72.4220180478594774550574291087717641      
   72.4064090238219370338158730408225578      
   72.3873103895388519172707477460688661      
   72.3647200133414158052891771846968866      
   72.3386392328107785505330879770244621      
   72.3090732092942639576664852846752754      
   72.2760311126194160505369091851980435      
   72.2395261467109280801457513618670314      
   72.1995754255418443324925203813152794      
   72.1561996954565808428751752997895654      
   72.1094228762093135508520217305880769      
   72.0592713635481804365244165671873313      
   72.0057730102654431793443272990284207      
   71.9489556968852095923596021297973186      
   71.8888454350982744996146611251199032      
   71.8254640221036795046328438979854890      
   71.7588263672067874152823427616302119      
   71.6889377126231899414050567235329777      
   71.6157910361131256871859498260984599      
   71.5393649337000261185094166661663876      
   71.4596222345356230940315998685062865      
   71.3765095110488458795025998655159498      
   71.2899575382817235867980252172647688      
   71.1998826494683047999215001341069622      
   71.1061888477554582833282788235109454      
   71.0087704760306381323361958375226758      
   70.9075152202105806604657844746734492      
   70.8023072226176520716194257222354473      
   70.6930301046239106629040751569159496      
   70.5795697339258515254801760367110990      
   70.4618166144550872198831491963257176      
   70.3396678202053982695263656578778181      
   70.2130284340235215661232125077205186      
   70.0818124861534169806118469048291241      
   69.9459434139015439319765776222422633      
   69.8053540830863657523940499223072692      
   69.6599864245182531711983705338641415      
   69.5097907455768406648577609358907135      
   69.3547247791249393786825632978398950      
   69.1947525306375214440952218309439904      
   69.0298429805428091013250005576460111      
   68.8599686932448147810312025852077870      
   68.6851043778246259942203172932332769      
   68.5052254385499519442128836038995720      
   68.3203065464600960320255980244149735      
   68.1303202567214347628312704767924845      
   67.9352356903533880168415152474311610      
   67.7350172934172915469837279448934325      
   67.5296236818942354104829456093836144      
   67.3190065762692672152535914927684436      
   67.1031098262667695437567646386749400      
   66.8818685232160276568538117359350774      
   66.6552081951097410625568765534870194      
   66.4230440775012838620235301046456984      
   66.1852804519051340117733167641805011      
   65.9418100422519966059884402875695125      
   65.6925134591562934875460448241395047      
   65.4372586812027925541680145385991653      
   65.1759005621115758013028345639007451      
   64.9082803524289284051430666199119844      
   64.6342252242792964444588069475778096      
   64.3535477876435556870644994802776862      
   64.0660455865697021526812175401055029      
   63.7715005636270607465882371471546894      
   63.4696784807506146419710945600969600      
   63.1603282843532918497551886103158509      
   62.8431814021743452554022567863678300      
   62.5179509587456518859484850084082137      
   62.1843308955583787316338451011524429      
   61.8419949809570532971663400524956221      
   61.4905956934303630073040204245925619      
   61.1297629602515313311947913713206520      
   60.7591027312827956029564568446007430      
   60.3781953651172131886416876365574956      
   59.9865938014899636801711719529214390      
   59.5838214899292758489675226329978034      
   59.1693700397862384207183050164554666      
   58.7426965508890406463490067940969641      
   58.3032205768754324949893669861264458      
   57.8503206644596920341111272043453859      
   57.3833304010965564318306501235527993      
   56.9015338902131252223459218456295355      
   56.4041605567343666301446440421599513      
   55.8903791651797311917983512922398748      
   55.3592909070329688023286117468114792      
   54.8099213819025703813491129506012280      
   54.2412112562054574746641014742288214      
   53.6520053310486764739118722084519701      
   53.0410396840048931010856376035884872      
   52.4069264625660647125441100450092123      
   51.7481357932505987261145914510979634      
   51.0629741198302269316905331120796345      
   50.3495580829761356191430149130440893      
   49.6057827816422950270244008031625466      
   48.8292828841533708755659813943847803      
   48.0173845402250122299497560061047498      
   47.1670453172370383047590289324590671      
   46.2747783417231447792186787261532127      
   45.3365553069590074497016660936415297      
   44.3476807453047559414546492383564713      
   43.3026265196120717013444791401361648      
   42.1948101068461516876213774769717536      
   41.0162915892860168754767408477092590      
   39.7573498609180963888204959263676260      
   38.4058736246657011862103868826732971      
   36.9464575984414006336496336679678369      
   35.3590080382542109559811347671937425      
   33.6164857912006986637928706362272533      
   31.6810275578840057495655753789579806      
   29.4967448068516304878631905925438286      
   26.9749031047144566084192919865347936      
   23.9586263155240478433981214216242469      
   20.1171322738709625700236163603956391      
   14.4475552321091102534086969856175786      
   1.10173596630308352050704401162835353E-0004
   1.06014712624782674710573137972799058E-0004
   1.01947477022664501638381213118284215E-0004
