   277.064027344382152166032631795992231      
   277.064027346266312413257366442282300      
   277.064027348745881052433080634177621      
   277.064027352101739042834923039164282      
   277.064027356647087878872063665283287      
   277.064027362814802755290368223346437      
   277.064027371058105732228828901721579      
   277.064027382217603204479542349385853      
   277.064027397268573805211978405491226      
   277.064027417605568077479472294974118      
   277.064027445026551594683429134548211      
   277.064027482041833115200667288375651      
   277.064027531936970568900089241806375      
   277.064027599298922729766262739334763      
   277.064027690071924017834302873435506      
   277.064027812462157877509861898936072      
   277.064027977354709156999324419243710      
   277.064028199394591928569471861306583      
   277.064028498237311673162562268746740      
   277.064028899921014445686350347700800      
   277.064029439156525373206024584394382      
   277.064030161625840979577400188371453      
   277.064031127379899861267312187269144      
   277.064032414172089366695746185081684      
   277.064034121741565355743465252828466      
   277.064036375857465687485847378224369      
   277.064039331949444522610947573286437      
   277.064043177498715403700614307198724      
   277.064048132373501360401578891153276      
   277.064054446718241822115382145399368      
   277.064062397078168219080765848062432      
   277.064072283104396490344242453307486      
   277.064084428258807608764266408705227      
   277.064099188053703377372649778721195      
   277.064116967632095053506950650496483      
   277.064138247745131902811562550148722      
   277.064163616682902913199933276367565      
   277.064193806168034915536900975460611      
   277.064229731438870733151018568413793      
   277.064272538171870525918632641022576      
   277.064323660674741146799771173780494      
   277.064384896924222926221193953190556      
   277.064458507019208846753088358565749      
   277.064547343077249637919551144874319      
   277.064655020927989511909525271813481      
   277.064786147202905141449056744248813      
   277.064946620084384880326157335542186      
   277.065144028177816424128995304899711      
   277.065388180378891571105687284907273      
   277.065691810838457152419248522122903      
   277.066071518164554046091192975984540      
   277.066549018097702106150404028935083      
   277.067152815688119909562284748288675      
   277.067920438641292284064761425900888      
   277.068901420687995991948984069937495      
   277.070161286001812001381915410743331      
   277.071786867002277088898491980368194      
   277.073893393284821871558210354936193      
   277.076633924507321642271991650034746      
   277.080211870841381361816170739416049      
   277.084897557143438843217392803241582      
   277.091050047307172680358081690955261      
   277.099145759803786451594713518222080      
   277.109815783296343187180963992409482      
   277.123894258039669416748677032772434      
   277.142480749849644193343100725727465      
   277.167020238324112004172542043169992      
   277.199405177717323097252082783487117      
   277.242105004286197065710306930810444      
   277.298329276311769310133680289573936      
   277.372231047492426277119379532239299      
   277.469156757808712762238255063378541      
   277.595947570820048069505480690047902      
   277.761294352321708143027882613681975      
   277.976143844961464564540615780669231      
   278.254146274337562546411702155958156      
   278.612123778337468496250386051622636      
   279.070524090114616174253830461692712      
   279.653804874954077706390696349908082      
   280.390672307467827260015113977853546      
   281.314076551959464997237544019161205      
   282.460854985738829897729392724285159      
   283.870927767328357074581612737306946      
   285.586020609713409790304807969399671      
   287.648070754945821482661142148049782      
   290.097851331829603545486323603358729      
   292.975041483528763824860846967666195      
   296.322051013696646674580455619734617      
   300.195183815934023036574977755874208      
   304.687236955390892879413192228075445      
   309.963282182149381291482025211281220      
   316.304356490779455674088565351807711      
   324.145652610245771488082589577326070      
   334.098477689085698098572647229005257      
   346.966242833841425536297158654400842      
   363.789321926602180429700869594762121      
   385.959572210432585642339223835319543      
   415.428900150867609991373220741649322      
   454.989941825991232802918197289052283      
   508.483041443697661755270349018078225      
