   67.8083387371468119646030529912058571      
   67.5985155481902248813623216385151183      
   67.3830144824735199638805367862285269      
   67.1617658255063261324850603317344143      
   66.9346916777186037053830919922368325      
   66.7017050132863627025002250416277314      
   66.4627087925719287211924997792026873      
   66.2175951244179306032582321654610096      
   65.9662444728965868338163495003125135      
   65.7085249017148929796305656411685143      
   65.4442913482831385864630573550080233      
   65.1733849184434328198650716734752221      
   64.8956321919913630910211901728312727      
   64.6108445283738532740775765853125622      
   64.3188173612687028857142295798807649      
   64.0193294701067161078537598732940564      
   63.7121422159459240390355530168373640      
   63.3969987284032978732254811969024117      
   63.0736230295487145666698542205608557      
   62.7417190797230570000341063414213158      
   62.4009697291023775960257540858093642      
   62.0510355574415364060269035039228487      
   61.6915535827269723873289453231436857      
   61.3221358173788404867591608542839433      
   60.9423676480827666477811082012394730      
   60.5518060121981203855180635346225603      
   60.1499773398604091467160102461749883      
   59.7363752262182102979049963161729331      
   59.3104577925306833615103351724160274      
   58.8716446878633889900092404778094539      
   58.4193136745570405010825833283477203      
   57.9527967301235612975321269815264477      
   57.4713755852543054947128702345837125      
   56.9742766015695568489269070994536122      
   56.4606648727669636958319807758161133      
   55.9296374078499769916270410702973832      
   55.3802152236930977563324337197347803      
   54.8113341344039121461823548434075497      
   54.2218339741809267896560005464298010      
   53.6104459251166364357143527288446683      
   52.9757775368229536857036802338901015      
   52.3162949141427524682784812578687609      
   51.6303014031339439322548938847953214      
   50.9159119105645694529935780302099326      
   50.1710217290193644928605201461940916      
   49.3932683801325821543086943249403932      
   48.5799844904191971166049377316133926      
   47.7281390141286466083681552743043945      
   46.8342631174592925430720766988569660      
   45.8943555838468260908626738314968105      
   44.9037604414993645038851346383006460      
   43.8570062384920506821654359258965488      
   42.7475912913910487725163096564149522      
   41.5676910628218103292848418731939166      
   40.3077502906395849020951225072785728      
   38.9558992015609297539396083620728269      
   37.4970912290428767145019566910560839      
   35.9117801563056271572439755156878700      
   34.1737940777322336170839524324599122      
   32.2467139006012226107486384489853439      
   30.0772270630799363433007958741806096      
   27.5816622824624808443096326053854283      
   24.6146522618636043020433791196649505      
   20.8787767289407720061685499017002202      
   15.5344812442506445160731268838122824      
   9.56677126760534905355656858583699560E-0003
   2.49766669295113938046089491905264300E-0004
   1.29566323656904160102325966363115619E-0004
   1.07606310910887957913552122871550274E-0004
   9.89098268672828061290785773899385925E-0005
   9.31066001470666520426920977049254525E-0005
   8.84314531020616834097522316485030400E-0005
   8.51360395344645081091836385566596707E-0005
   8.40776322571027232889139775103211383E-0005
   8.44989926955508146421529529925663680E-0005
   7.62300455417577154237854013115218112E-0005
   7.04827917435708477410519171944023044E-0005
   6.80125603783608304297367763174969257E-0005
   6.51238691373959905670246201149548703E-0005
   6.26995714469584338505205151144918911E-0005
   6.04348210079363177954898390404095156E-0005
