   1.21439074209624785815043506123356624E-0002
   1.21627399289189894857567733175945393E-0002
   1.21821735437997307009016902940175605E-0002
   1.22022226997562936477129453065216410E-0002
   1.22229030319941096827042604317344064E-0002
   1.22442315043894083163957863712146849E-0002
   1.22662265381600577943782340856615256E-0002
   1.22889081423291226513492140102119735E-0002
   1.23122980469208618534571875045364112E-0002
   1.23364198400250515356790778246869973E-0002
   1.23612991100579703411682344021020006E-0002
   1.23869635947426452144736487787758678E-0002
   1.24134433385307625669370059479802642E-0002
   1.24407708604008685958514902309290649E-0002
   1.24689813341969814295932358007832254E-0002
   1.24981127839266044496786627599506333E-0002
   1.25282062967264584977123951354193684E-0002
   1.25593062565363398811870211513028466E-0002
   1.25914606019089752030863337847165130E-0002
   1.26247211118397669853772164860851759E-0002
   1.26591437240399238949485803242669347E-0002
   1.26947888907207421282393583078132836E-0002
   1.27317219777271052549378606282499829E-0002
   1.27700137137843570278563370688232124E-0002
   1.28097406977402090384467604276700802E-0002
   1.28509859730354409144218486087248456E-0002
   1.28938396802797444683370428088275735E-0002
   1.29383998008126015332668128692367071E-0002
   1.29847730065815968792572246497279019E-0002
   1.30330756346862919630099187362873352E-0002
   1.30834348086645112830424598143741792E-0002
   1.31359897332231430277688546461048276E-0002
   1.31908931948974533293618960349426138E-0002
   1.32483133083796963990202590708144993E-0002
   1.33084355574307108725983342289247014E-0002
   1.33714651909623039269430411676802672E-0002
   1.34376300498315083550139927159384336E-0002
   1.35071839192025349406234591090101221E-0002
   1.35804105264702460223383268262580635E-0002
   1.36576283377509798179763509959538123E-0002
   1.37391963497026801220013655485751001E-0002
   1.38255211320086277973435813784017992E-0002
   1.39170654551210379716290371312360510E-0002
   1.40143589463598314643879225068074152E-0002
   1.41180113678535605848973719960854663E-0002
   1.42287293211176726528047068255208329E-0002
   1.43473374843679470944342560124952478E-0002
   1.44748059252787733209001779731936069E-0002
   1.46122856758867422715860988713124252E-0002
   1.47611557249010889623020806320334905E-0002
   1.49230860713269080634386294150941769E-0002
   1.51001238272607513357304871363343462E-0002
   1.52948131500812321819459976735261654E-0002
   1.55103661119346512243964619274566260E-0002
   1.57509125504926538326117531256793684E-0002
   1.60218766294261469297909174054780043E-0002
   1.63305649891887380999291118522692471E-0002
   1.66871255361491551368725693616359164E-0002
   1.71061943112174452461513453727237885E-0002
   1.76099153266791194457273103869709220E-0002
   1.82339644093659143564118425771269580E-0002
   1.90410012581573061786720150899575615E-0002
   2.01559442115368480333942977902128726E-0002
   2.18850465624388510851589884417817666E-0002
   2.53718200482467487433825217499013685E-0002
   1.02242653429106899994576423274451445      
   6.66048075675673121494822795667602025      
   11.3271208279523300005861525347049407      
   15.6544120145520637076887865583731451      
   19.7819808587053415839726956775597082      
   23.7708299371754077903984528453699431      
   27.6542089307525397336613176890439147      
   31.4526177893686160138251079453528011      
   35.1797810165816739758866254289313085      
   38.8454437836308141228533417848033323      
   42.4568057894590354611637040918132743      
   46.0192892261328857662890770430042916      
   49.5369513039709048561159282158198667      
   53.0126969673067780857889989600247451      
   56.4483767142936546580743112981278031      
   59.8448169665911765357687168268553208      
