   177.682356161404456902983964771170308      
   172.613502515806902027186055729427030      
   166.868420190975708380963412804583223      
   160.236614822933871976898613199238183      
   152.369978807946285954898950469683785      
   142.624774136526085539629889064602643      
   129.692239540187252459521405942950692      
   111.273217757818649639530899502327008      
   80.8243824087597144706416036931130509      
   8.49284427287493616810872206173569922E-0004
   5.00981314803155599146866249073637824E-0004
   5.11279272213379649854308702497182688E-0004
   5.06936010667085948724111649555840506E-0004
   4.58552981732123499570310107891871300E-0004
   4.09194534563143118798890235338329688E-0004
   4.11530774819410217820983101516127230E-0004
   4.47459185689672603947549482375315893E-0004
   4.64377100296190597781398826775915525E-0004
   4.73793214913323862872902719491791321E-0004
   5.03360885162328420485370188265700012E-0004
   5.75182449899848257223106550762484483E-0004
   5.36078851316130976572430256115470012E-0004
   4.65702002971680309941094262192249460E-0004
   4.12383691668518791136464620462557108E-0004
   3.44547943038221165413130742476610282E-0004
   1.11845100349476016788341293939624546E-0004
   1.10246941693745104937539511794385048E-0004
   1.08738347507346840218077151733941528E-0004
   1.07311877595551954456588847057340402E-0004
   1.05960921076787694044755164740151952E-0004
   1.04679580943884285840879720751180089E-0004
   1.03462577771565081828009157704503272E-0004
   1.02305168926316625916813572476880087E-0004
   1.01203080400887936685594009414293574E-0004
   1.00152448989420608657962634220645749E-0004
   9.91497729820070888885880278365676533E-0005
   9.81918699192718125922624325786289370E-0005
   9.72758402310031231882135185160002724E-0005
   9.63990358061984709602962359299023286E-0005
   9.55590327177975666278017744284014612E-0005
   9.47536074655086467043996791323255267E-0005
   9.39807162113521837661376730322024242E-0005
   9.32384765723377707797325549772709685E-0005
   9.25251516068065358696086145245686866E-0005
   9.18391356897857457180461720652056350E-0005
   9.11789420206981649176614061863368032E-0005
   9.05431915463080570413903282755600964E-0005
   8.99306031144133963343967048481312410E-0005
   8.93399847009666183891471733483726206E-0005
   8.87702255760453929903547842553723723E-0005
   8.82202892929902085510671748950045936E-0005
   8.76892074012365654110336043490931532E-0005
   8.71760737968300842138862953517597098E-0005
   8.66800396360704051019061334924291504E-0005
   8.62003087476817773066068822885771025E-0005
   8.57361334870861193749136569973944663E-0005
   8.52868109838269876359506689425466491E-0005
   8.48516797386581280102141866705609889E-0005
   8.44301165333123416604786602830434229E-0005
   8.40215336191410761388773128534582771E-0005
   8.36253761558746057550856769532133115E-0005
   8.32411198744251886577489206367506843E-0005
   8.28682689416270037558548776925738979E-0005
   8.25063540057663214992145241178541782E-0005
   8.21549304059585106542211529769026239E-0005
   8.18135765289740946228922643116378610E-0005
   8.14818922995065123086484986195680288E-0005
   8.11594977912674047729385047537239955E-0005
   8.08460319476108291592823832728478107E-0005
   8.05411514016411732015052176861489815E-0005
