   1.18515774580132490333806461108788652      
   1.15900521172252224760176535819666802      
   1.13314651398582043005592437237192095      
   1.10769368143550037833028887154959133      
   1.08279912399040792978102831015680057      
   1.05868862904223279654778491568388388      
   1.03583202508810603051234737060090469      
   1.01630518655657203035597387543336937      
   1.00760515931913294326011934513745839      
  0.896810780770408665880080422265987763      
  0.855977471404084931649211544678055812      
  0.829977448142626677702540382464995379      
  0.801863586526530422505648176410059305      
  0.768730908254634579034518086110930451      
  0.729996087783220201951009488081152358      
  0.685787179135077626489773156922771434      
  0.636547552160448630907501331627647374      
  0.583120999968843547481057728953351631      
  0.527105238474292999883201146264311300      
  0.471038189542037614700465694564672892      
  0.418051732970825222387803432059339419      
  0.371208952356983993045839490151713011      
  0.333016169171631474397867616517926321      
  0.305398188122059001329367560930900000      
  0.290391825452088988856397767485866954      
  0.293583388208239290187651898439270602      
  0.302151822978195453206801626900659018      
  0.310588342456112320839424822768280513      
  0.318894390156014442439410609878239258      
  0.327071435267497585615944569815337440      
  0.335120968051852424918479104017435197      
  0.343044495867316765843597878081271714      
  0.350843539745586403275536263497670441      
  0.358519631448026401674516034465765837      
  0.366074310938467093329637200141622553      
  0.373509124215875367934165684699630796      
  0.380825621455853100364308312871938821      
  0.388025355416922479769520380097848396      
  0.395109880070999712246925823910770637      
  0.402080749424435090710403783786527122      
  0.408939516497781510070981809309238595      
  0.415687732439016221898122703646015389      
  0.422326945746204054394735565812596537      
  0.428858701580208135294881433749664855      
  0.435284541150265782163265821817854739      
  0.441606001158107646807402042189387532      
  0.447824613288140677067384751210553130      
  0.453941903733651123629022027104844953      
  0.459959392750584741520671639329890503      
  0.465878594231494219969621832790210557      
  0.471701015294962491531023567494263801      
  0.477428155885251488262994288386482840      
  0.483061508378876526042730593176061531      
  0.488602557196268384242165610438418978      
  0.494052778415741200966175036442277577      
  0.499413639389642364588616299943340244      
  0.504686598359741833257389919358583247      
  0.509873104076949282299594510727426021      
  0.514974595417393439567652511424337031      
  0.519992501002991317328399376565936012      
  0.524928238822260334058661573621692649      
  0.529783215856353884347859293249013825      
  0.534558827703157282716168044263416467      
  0.539256458212984888640469079729594152      
  0.543877479125241995260553476565272912      
  0.548423249713489773643798359361444279      
  0.552895116438249711007744608559270174      
  0.557294412608555357106770239183769321      
  0.561622458053646829319325152237885777      
  0.565880558805259582892203546065612976      
