   6.59768958410420760656392702114740330      
   6.64657841781939738297197481934224557      
   6.69651384880899010169194651716127731      
   6.74744560828734564875397015243408149      
   6.79931844906588547226755656522612221      
   6.85207083960362796943126671214338902      
   6.90563319885923090356756820704129963      
   6.95992546457842009403886905545003482      
   7.01485366927304888023574283049229459      
   7.07030499415090727862067395580259429      
   7.12614040096528724460681730536034621      
   7.18218322457728334088964449847703581      
   7.23820060257638085541949279952794886      
   7.29387112333500378861892024988666006      
   7.34872299233784591524124863929790338      
   7.40200073590350413666701510121550494      
   7.45233823513793108471349524669606115      
   7.49688369062212278647515246424530332      
   7.52872264750667311212523588382787285      
   7.52363106632771896196120864727860847      
   7.92312768155114869946174524930215610      
   8.21298629519894405906111335658184304      
   8.37288926144082467906157419386980798      
   8.51547789600031314074800787435756592      
   8.66012121118001739466193996015915386      
   8.81487111218288372004792658782049678      
   8.98387320273091490047356076660681324      
   9.16919910628384720316317062845823472      
   9.37098817581309989244596322108677117      
   9.58683533390724381540970248292311888      
   9.81116241985171806908401123024418404      
   10.0350683517468728314531346754106656      
   10.2466746810200959939922824573928585      
   10.4316061160357964816619314952712326      
   10.5727250457766007714649297380649971      
   10.6442807573928887681145588169775469      
   10.6139130442236533095921204683050998      
   10.5782398065785401273421600365800504      
   10.5436310751702769617067006362127827      
   10.5100317150292027431174802610376625      
   10.4773902485901913577291715810446403      
   10.4456585797360962412339327858570115      
   10.4147917405226735049474219488876904      
   10.3847476585340690859658686180661429      
   10.3554869430371064742497122689905934      
   10.3269726882681905147035571523208405      
   10.2991702923742366620035416730670796      
   10.2720472906569769884678288673154182      
   10.2455732019004744848103834891306612      
   10.2197193867203044460434569800987291      
   10.1944589168412801918661713988961529      
   10.1697664545139904806601043686066152      
   10.1456181411603653341496890652650683      
   10.1219914945364062506719548648738088      
   10.0988653137039817158791611721296153      
   10.0762195912048504789936285402047127      
   10.0540354318494311226178634159696447      
   10.0322949776029306100046425212267384      
   10.0109813380887377664864869905183480      
   9.99007852626464552843365915664465706      
   9.96957139887154147820616524163009569      
   9.94944560128466048416593954587640870      
   9.92968751641934037697950541447451761      
   9.91028421738329676302137207802185308      
   9.89122342359471304332632124420422196      
   9.87249346007750685373819136490143769      
   9.85408321971200278763452784371060541      
   9.83598212819343998120437344107769362      
   9.81818011154063193883017570314361523      
   9.80066756588196932189663461991846390      
