   3.84765142078197112258726157811990860      
   3.75713199146942385838579124463923033      
   3.66659399212237950848354315024459505      
   3.57585097745103428783633716077852084      
   3.48469167263747659670239635466000218      
   3.39287245575302718736576743015848065      
   3.30010731335527215333872119424738417      
   3.20605408811588069132263720944482309      
   3.11029515633428394800801361906673836      
   3.01230950859787573650984440157384866      
   2.91143114712739552190543980809632033      
   2.80678493948225752709077904223117745      
   2.69718390448029232689005178956978154      
   2.58095786734546201200960011758312240      
   2.45565525765086135488309460732246779      
   2.31750201608455102432069344092033596      
   2.16036598522188210876822271694400467      
   1.97344407301380328515844056324869703      
   1.73370012209722595263206599150962281      
   1.36664876170820189912357739938753055      
   3.88836565205018978046186385121636739      
   15.1895328898130794600344629382000785      
   24.1667587278164243040592963588776390      
   32.2409354521717365873682485942626123      
   39.8436786300108810002302112867622695      
   47.2326970165301517865854797489165155      
   54.6222053619190541372014099349858043      
   62.2210961031166228775536930219481938      
   70.2127262090243578553261422653245023      
   78.6935522771246029931064735283546247      
   87.6249063773798694936539313597845900      
   96.8314445832084397397161300643426784      
   106.026373595068889029945902494045395      
   114.832285361489733910885045267994835      
   122.770812524285257026778163108582612      
   129.090995289083760742471639546589933      
   132.748351237683119716587786659222938      
   136.240716959527264590399394398870254      
   139.733105856926671333065466971853640      
   143.217505612230064973414199737184627      
   146.686900001327042978831461015460851      
   150.135267511549097006341051721514931      
   153.557537203434317934995163340933382      
   156.949516057985202447243101189910262      
   160.307800028098932147191543915484592      
   163.629678446881367437109195176263061      
   166.913038837388469202627928599054198      
   170.156276832821253075116284792368932      
   173.358214008424007637529485611537245      
   176.518024981168168756033798027126285      
   179.635174112718339348006722453285715      
   182.709361486538455413625393864527425      
   185.740477433979701447406152810883011      
   188.728564687981039500748396924237666      
   191.673787178016676023038350065296788      
   194.576404501354571182818889005582853      
   197.436751174759100955751632260908077      
   200.255219865759126264243341806273646      
   203.032247905216372748258667424213446      
   205.768306484357524515852749583107745      
   208.463892033773495843375320580604234      
   211.119519366111566315809970585633309      
   213.735716237679977867991662394967363      
   216.313019046961823331832147289846451      
   218.851969440985596692212855195468922      
   221.353111643938300449997952434190911      
   223.816990359334678408155658781068341      
   226.244149126098571947884112710956421      
   228.635129033810997859944915079454356      
   230.990467720041992284501255798348853      
