   1.40125866372563127075987764931791571      
   1.38072059125814274670565691628449037      
   1.36020549538840881656591576135331553      
   1.33974851098850518710198920663398161      
   1.31938427513599142897102220127819358      
   1.29914725277411149288781384962014249      
   1.27907218469402773774956607648550613      
   1.25919470969486569881274982928433980      
   1.23955224344386025260961237866548202      
   1.22018524983517361376293238535741890      
   1.20113913833590332125854498904266263      
   1.18246721219885245468394708046805450      
   1.16423549926253177882600084326043545      
   1.14653125131776757443525300034960196      
   1.12947939765143852848655181235229247      
   1.11327849479605152643078142452149175      
   1.09828980503664932118562429148981143      
   1.08527680595163285473684746750655751      
   1.07611694750887297341455629797219232      
   1.07757395430192997376466439177158946      
  0.971647546645844826495281806866555066      
  0.904273640734636600861484085797681893      
  0.870064347677706012573354984731112129      
  0.841170465771391014962627579797828663      
  0.813306281315581921700731543680893016      
  0.785000863702215126682667513780300483      
  0.755744230403982309860249820579417455      
  0.725503080755999975998126701609683486      
  0.694594416593901349493338085485394003      
  0.663668999690578275437275673720145930      
  0.633667067798086263478953814130819028      
  0.605705333562173255810393944935791181      
  0.580946542711398721873626091824883696      
  0.560531091681743013817878006301484145      
  0.545667630201909574855299586797219455      
  0.538355836162702274289662439467810949      
  0.541440847935066094354944247891129190      
  0.545098831968564679721362566060231793      
  0.548683202617940844838096485645877054      
  0.552196964128961032466474661903751462      
  0.555642974101480984386527235739501332      
  0.559023949852277551124094367641018765      
  0.562342474698181952194355108258888946      
  0.565601004130050072076913060690913916      
  0.568801871852366489188395577689052631      
  0.571947295669849759558843345161801086      
  0.575039383203860772991623180386717008      
  0.578080137426710884389434752123357625      
  0.581071462005029908274531411830849222      
  0.584015166440993701257659841319313607      
  0.586912971017607674991347581994556616      
  0.589766511532484032686168174107187963      
  0.592577343829036184792066688970445495      
  0.595346948121355811199959853493258696      
  0.598076733117477118953411676629536684      
  0.600768039942015799683599209234494540      
  0.603422145863898193049919296671403211      
  0.606040267833292423621871232806539003      
  0.608623565833036936143161752161177048      
  0.611173146051006194114649401717967240      
  0.613690063879157384604862819706827668      
  0.616175326745504920445436259757717038      
  0.618629896786643079386797888869961097      
  0.621054693366875341974605669302007412      
  0.623450595449590647256940207124240572      
  0.625818443830693129317191145028236916      
  0.628159043237954994658660665064522425      
  0.630473164305656281032640394198032954      
  0.632761545424653746182646703445629084      
  0.635024894484554501202179917378336175      
