   7.37768519048645884692043945714589401      
   7.46887835522418304294803437172675987      
   7.56128191473678474650562115377246679      
   7.65405298374439433642801917843646993      
   7.74321077299896209921040172058289598      
   7.79904326496875554453981005798878299      
   8.16984062736347493540213168823329535      
   8.38634027928372351758387603115031549      
   8.49881028500262242548684231115778324      
   8.63223597641065243065294459923343097      
   8.80864431462580155624076932223078849      
   9.04001462598961919914607101386177469      
   9.33789841138907675167688412304805319      
   9.71736929274047670962594632433972884      
   10.1990987049631694040405834637743197      
   10.8079817118934944280239843949568185      
   11.5660569449320328810039346601204414      
   12.4810266636819262063565802242735398      
   13.5325363349596383418708180708955369      
   14.6554909112796807331848679113778679      
   15.7210159901693340925987970328957729      
   16.5225377183727110401121710795649079      
   16.7198917350962164001105770210798569      
   16.3552362469916818302420177582247506      
   16.0179715467434427283668068192249220      
   15.7050053374600847662438793622686150      
   15.4137109113154732983720534536455294      
   15.1418407859981852669554692696230107      
   14.8874591398105234900756935642743230      
   14.6488883937146096107385999029750487      
   14.4246665680999307476168634957246894      
   14.2135129368504369222967699534783663      
   14.0143001361295921534649916774228216      
   13.8260313418879651607601093962933820      
   13.6478214625254231353568744747878213      
   13.4788815380072912490178520787431856      
   13.3185057190332360058927679259380015      
   13.1660603369432535073136764953474210      
   13.0209746790707508881658100302807332      
   12.8827331639368459723872062815483843      
   12.7508686721477368063792212847143856      
   12.6249568367130990536295660142723189      
   12.5046111339688989678745529650140558      
   12.3894786458658524217584571588012259      
   12.2792363878676964807166137707469463      
   12.1735881154669837473406122086928336      
   12.0722615373804905720908103588069320      
   11.9750058757062341068662405734665458      
   11.8815897231789723092904462325518043      
   11.7917991557657026221735254792271472      
   11.7054360654589766636121529504212257      
   11.6223166835846283248215342031849644      
   11.5422702694601261307527648737698879      
   11.4651379429918849727825851670321536      
   11.3907716429397594089479397721582480      
   11.3190331951839433581420318401977652      
   11.2497934775511694978943531364438983      
   11.1829316696080905042347364347974606      
   11.1183345774045243886644210873952897      
   11.0558960244570097834456152168409496      
   10.9955163015283917675594925935114142      
   10.9371016684607787454557169474100436      
   10.8805639024897443417294025848339009      
   10.8258198879175183209099844686582255      
   10.7727912427720483434481839218263785      
   10.7214039785622795551095244124432655      
   10.6715881897236752209679210520157659      
   10.6232777697281557375600386711346347      
   10.5764101511940826086398280912484190      
   10.5309260676268147613347397564500141      
