   7.18300638778729380039113903231769205      
   7.26399207728574113631571952602088945      
   7.34679427122544937574157947785022253      
   7.43108223754496785003792371705943140      
   7.51632323624273621022654289810665535      
   7.60162002136785803758916110811016763      
   7.68482484775401335827230725093991545      
   7.75598745444365888707819056475682460      
   7.77734158596181573989555271173915257      
   8.28915572701345406984575808648329200      
   8.45845861124783739326845900337441726      
   8.58938262272898726024026076909174945      
   8.74230192283711045615341987231959502      
   8.93425254108432391256428398938748348      
   9.17522433193797503959510128076611264      
   9.47494031696084747092698054027083317      
   9.84509974283381131332576008157796029      
   10.2988189147277448752989008432895012      
   10.8463589907714165162323673094951856      
   11.4879200573109614039210515972824492      
   12.2061582948415568288242157921954466      
   12.9600136394700049834311040754562491      
   13.6805162844103443677457994423299423      
   14.2697166610877018286385097276510188      
   14.5968906332364375954805515071182081      
   14.4689384621916451923950594169796218      
   14.2597709624026053970390054057981453      
   14.0624282163948753399458589379571855      
   13.8759174643020891290065857543237573      
   13.6993576837322334299473053006331419      
   13.5319639704756816741556878839563183      
   13.3730345015942521921443833014249811      
   13.2219395913374437368177547121418191      
   13.0781124543972643375173025616638741      
   12.9410413706958546349851808725234869      
   12.8102630074247398348699394493182305      
   12.6853567018815425752350140811744874      
   12.5659395461754487736248601396188277      
   12.4516621444252171024827871264624530      
   12.3422049365858804417472721602387313      
   12.2372750018014599033042597998126207      
   12.1366032692697788378961822623300392      
   12.0399420767821760661866380904400027      
   11.9470630270258684472571791517738495      
   11.8577550997983938112986517667200109      
   11.7718229849291142276803924308458011      
   11.6890856061621074940630299960417715      
   11.6093748107817340924344493979501497      
   11.5325342035192530152204974606359331      
   11.4584181064111446410767566306756622      
   11.3868906289202351468801162791400223      
   11.3178248348208336183995659781908601      
   11.2511019942303269737176964526817214      
   11.1866109107314247984111394442615361      
   11.1242473148815318221024873380054001      
   11.0639133165316365996768235080889560      
   11.0055169093816439398971859875245868      
   10.9489715219584006994211644265850414      
   10.8941956100576183962725190908206508      
   10.8411122861510751434877510747162681      
   10.7896489819039095688734559417312763      
   10.7397371403498071016404664954544451      
   10.6913119347589598464671507951395538      
   10.6443120114145057820921120592608542      
   10.5986792540203919538719147882338470      
   10.5543585675825567165643748089954094      
   10.5112976798985749095929649545268304      
   10.4694469589842739593231188961651872      
   10.4287592449451573128203968892661004      
   10.3891896949550495939272251920870284      
