   177.270435551492721589033607059635187      
   172.132232107908836324684449166991580      
   166.295957812900434288212013692043805      
   159.538052366971975240372386240351723      
   151.483569245600667862842954084613213      
   141.425808476590958435229576750217365      
   127.917859242618729765217655510816165      
   108.471258996772067603803066258573028      
   74.7594248033881838362555995762905605      
   6.65481838695389930930334852041854276E-0004
   4.99538466665400707778052119633780882E-0004
   5.14481133802441184376574368478079729E-0004
   5.04292925230466192206091840592704291E-0004
   4.54536395136013071769469832349236420E-0004
   4.06506574615325707943399125553865602E-0004
   4.13244893649885176096624067248581974E-0004
   4.54273374121979455388929571799881215E-0004
   4.65278264286062898042966220076842719E-0004
   4.77490251433369259546586227381434910E-0004
   5.09578389562261115872797631218781762E-0004
   5.91395473678333565674601124457328805E-0004
   5.27862145512504062868122281838023825E-0004
   4.61522223074153391638089074059156846E-0004
   4.08220983837706117768025659145095984E-0004
   3.30901622791400856013949007830895139E-0004
   1.12270290111609759921528929112976893E-0004
   1.10646425386341243365745062326373143E-0004
   1.09114258276362389658326442458553809E-0004
   1.07666110425849510929620149286129846E-0004
   1.06295166227660902847796422167625174E-0004
   1.04995351816115092895983412099941455E-0004
   1.03761234266018610180779064925626226E-0004
   1.02587937127953167991653932228869082E-0004
   1.01471069249371948970627367670395197E-0004
   1.00406664464632597704292040835938839E-0004
   9.93911302294960355022021007427038298E-0005
   9.84212036594488271541879324218961740E-0005
   9.74939137320404439848778416935200939E-0005
   9.66065486493755238263167618853737178E-0005
   9.57566275434276944345667716751361017E-0005
   9.49418758545575673195059711214049428E-0005
   9.41602038314831250847217389492935489E-0005
   9.34096876953573522776991446071931390E-0005
   9.26885530870500703341126198268912281E-0005
   9.19951604784820830056393688312506040E-0005
   9.13279922795563802501982757672253071E-0005
   9.06856414137563543379505685646788777E-0005
   9.00668011698556834877493015507123036E-0005
   8.94702561656905615161629707447161478E-0005
   8.88948742837104482087368197417109347E-0005
   8.83395994580724079471564347342607636E-0005
   8.78034452096865415726039151199169375E-0005
   8.72854888399396363129298422927500678E-0005
   8.67848662057257447335878850984665777E-0005
   8.63007670087376821664653956103954548E-0005
   8.58324305405812539496538068490569406E-0005
   8.53791418329705530051885345009654218E-0005
   8.49402281680805488899064448695432127E-0005
   8.45150559107109138859176060185816365E-0005
   8.41030276274444812516785521609111395E-0005
   8.37035794629450818656286104496626011E-0005
   8.33161787466438574644486033396708385E-0005
   8.29403218068257695897947768471781768E-0005
   8.25755319705196580112109986135544100E-0005
   8.22213577315220784882113066658782913E-0005
   8.18773710698027117967644697632230335E-0005
   8.15431659078105131538808540183379533E-0005
   8.12183566906977249988925121122404847E-0005
   8.09025770788689287213741257342935677E-0005
   8.05954787424610818826654586496290743E-0005
