 0.13650469281819E-01
 0.14008890699430E-01
 0.14415062093436E-01
 0.14886047821039E-01
 0.15451909967697E-01
 0.16173399235450E-01
 0.17192057990482E-01
 0.18842531183927E-01
 0.22759236222457E-01
 0.10660100089110E+02
 0.25033694211297E+02
 0.36414958746147E+02
 0.46556237992964E+02
 0.56144552859352E+02
 0.65647657529545E+02
 0.75514996945487E+02
 0.86280583016557E+02
 0.98597161893512E+02
 0.11311097680816E+03
 0.13013721820180E+03
 0.14941466180463E+03
 0.17005478616612E+03
 0.19050758959730E+03
 0.20851777649403E+03
 0.22094451418174E+03
 0.22279057494762E+03
 0.22266838893654E+03
 0.22280466889319E+03
 0.22316517237389E+03
 0.22371913310163E+03
 0.22443911809661E+03
 0.22530085002453E+03
 0.22628299574513E+03
 0.22736692878808E+03
 0.22853647640483E+03
 0.22977766207423E+03
 0.23107845296606E+03
 0.23242851974667E+03
 0.23381901382585E+03
 0.23524236504419E+03
 0.23669210106017E+03
 0.23816268837225E+03
 0.23964939398612E+03
 0.24114816615724E+03
 0.24265553232863E+03
 0.24416851227709E+03
 0.24568454451035E+03
 0.24720142407566E+03
 0.24871725010594E+03
 0.25023038161692E+03
 0.25173940025857E+03
 0.25324307890524E+03
 0.25474035513479E+03
 0.25623030879513E+03
 0.25771214298527E+03
 0.25918516788897E+03
 0.26064878699369E+03
 0.26210248530519E+03
 0.26354581923741E+03
 0.26497840790895E+03
 0.26639992562556E+03
 0.26781009536427E+03
 0.26920868310834E+03
 0.27059549290345E+03
 0.27197036253174E+03
 0.27333315971420E+03
 0.27468377876747E+03
 0.27602213765303E+03
 0.27734817536619E+03
 0.27866184962052E+03
