   3.35234674331955247106296423220030619      
   3.22517307716196013399294217348128197      
   3.09131879566902855415706321549007564      
   2.94780759156589676768405247827917024      
   2.78955913074209426652667323578045289      
   2.60678642510016593266498744483726248      
   2.37897929209601306399248750066197972      
   2.06962716742732870234649439461401062      
   1.54390639495824933417638216554446090      
   10.6601000902591755945029761404166758      
   25.0336942117923240013999599005592878      
   36.4149587465605046411435163058317091      
   46.5562379932721792079080404868260505      
   56.1445528595384637156518586993991126      
   65.6476575296512124348941981268517517      
   75.5149969455625676702253289525240849      
   86.2805830166190848154115044007026028      
   98.5971618935572479834994134155605923      
   113.110976808200351800219403269613625      
   130.137218201843524851762249807493127      
   149.414661804686813769746830724031999      
   170.054786166181400081308453210053844      
   190.507589597356613149782570030959967      
   208.517776494094183927134497789785608      
   220.944514181795584917234011315328921      
   222.790574947628791452474348113505375      
   222.668388936551010215617320876387836      
   222.804668893203352735342247521654805      
   223.165172373902369015899988952825386      
   223.719133101636897053317853875224476      
   224.439118096620669652723581863348958      
   225.300850024537349515305666826802248      
   226.282995745138023465458338957114606      
   227.366928788093004225548853107822620      
   228.536476404845372931007872828952124      
   229.777662074246537632922476636229709      
   231.078452966071319030230648228409033      
   232.428519746686728529209833094452885      
   233.819013825866364659971247145131156      
   235.242365044199606832559582531161093      
   236.692101060186328425377090213402148      
   238.162688372257716138876015200462361      
   239.649393986135067199966396941783820      
   241.148166157248243667690015929053192      
   242.655532328640539306160251174503983      
   244.168512277100279201687411499017765      
   245.684544510363263926963367428124824      
   247.201424075670635649810869700960342      
   248.717250105952670627802835502193377      
   250.230381616928250204086958230356008      
   251.739400258585390451298905861068381      
   253.243078905248538074806669758323665      
   254.740355134800189904124528159644243      
   256.230308795141633520408224700190169      
   257.712142985280610256508006987011047      
   259.185167888978552635725223623717455      
   260.648786993705761738541053017119935      
   262.102485305203283728986006585421986      
   263.545819237418329041736753094823959      
   264.978407908963842391979845759954153      
   266.399925625572241014605494791662848      
   267.810095364285276992874391687973670      
   269.208683108355223359207634849723451      
   270.595492903460874731135740544565120      
   271.970362531755742425095312337427047      
   273.333159714212765588567138369116430      
   274.683778767480691736341429050338869      
   276.022137653039429321234739420697340      
   277.348175366205327987879723387492748      
   278.661849620528878427398781936242917      
