   1.26737210209540390054195859548162809E-0002
   1.27326093733918503277579770429203420E-0002
   1.27963375606491465647899048832266827E-0002
   1.28655571076885404319036943878251397E-0002
   1.29410457272745391834172056337304324E-0002
   1.30237414241952732109061191844702259E-0002
   1.31147883077884386031491871450803654E-0002
   1.32155991155598288941103183761737813E-0002
   1.33279419858283912357880948291492685E-0002
   1.34540629849133124566428416488345785E-0002
   1.35968621372203130894404768474781317E-0002
   1.37601505683626909636849510865031307E-0002
   1.39490322138903635006125108951626815E-0002
   1.41704810241720786908869380684332515E-0002
   1.44342432317491406261510319412405285E-0002
   1.47543569023467815590509800301168791E-0002
   1.51520696738121224291916327645471110E-0002
   1.56622512043506388758031779547859580E-0002
   1.63488693989073051537022071550999063E-0002
   1.73476669416125549175701814442445185E-0002
   1.90227809969272407601986974610111883E-0002
   2.30589842204671252277840571842241200E-0002
   6.85742492183014792575228358914716983      
   17.1904101661332081649808095480376699      
   24.9431071997932056012739074740990164      
   31.5140026726096145064787910722618037      
   37.3473538419366003767451051538121338      
   42.6600494423944238035706929614340474      
   47.5788050931748322086556065098653989      
   52.1856271655598934247189419393332486      
   56.5371358215402388887929560000857898      
   60.6741735789712572524067561961529817      
   64.6270949387830796538034132822440682      
   68.4188451628516616521693532261100176      
   72.0667455234008213600380314770006788      
   75.5833648344200027811945001502016898      
   78.9764595862702967821668607860607085      
   82.2471444068276155115372030644068647      
   85.3798210211405913743544592685099440      
   88.3265005462091105238170563738552648      
   91.1882344387103878422514503632872804      
   93.9772743246771430957693516538385711      
   96.6977491896702466776293419122102313      
   99.3533978856264028388784721971636596      
   101.947619037945776190331270131840427      
   104.483512844379881989080427297640550      
   106.963916417287524541607416820403505      
   109.391433911812633496567853245056596      
   111.768462390137314198457435579127703      
   114.097214159734424091405710214085028      
   116.379736167135878571446583405348939      
