   67.1781524217776943680768617326856353      
   66.9270587332406670382429691184378090      
   66.6681437831416010880293620174168227      
   66.4012173554302609698513528103125019      
   66.1260768490124361374809035211680666      
   65.8425057193556840853025486056491344      
   65.5502718571312437661018807770014120      
   65.2491259093206451504094428855641277      
   64.9387995441094783924239995768990759      
   64.6190036567411391516725293117181803      
   64.2894265093374105356426090331463409      
   63.9497317935096134123644557988225287      
   63.5995566003493213797965068439159539      
   63.2385092780301435634556060641282441      
   62.8661671526803968048294715798524287      
   62.4820740832683425902796828261362646      
   62.0857378158234332842256705147464353      
   61.6766270961973899544029784166837147      
   61.2541684935083680000657371403725736      
   60.8177428781149746473950442058789493      
   60.3666814880639864021711497817941184      
   59.9002615059875083371115674985602627      
   59.4177010538105262958866291286772044      
   58.9181534946222315568448836414324350      
   58.4007009087053769238997404367219032      
   57.8643465827478942532925931717197960      
   57.3080063160242431542553228588110703      
   56.7304983026218919343789280265150791      
   56.1305312916239811668553923387151811      
   55.5066906534971301574512859598575870      
   54.8574218852033735502740130035745654      
   54.1810109610126578355894795537445644      
   53.4755607697262187619202328929766886      
   52.7389626564635212896706628760273732      
   51.9688617857916886037965696624236077      
   51.1626146296788156249868610218929410      
   50.3172363090643867361965163165920677      
   49.4293347064648357671661976090863824      
   48.4950271020027506371302060191603586      
   47.5098333807446555394981343316754531      
   46.4685373125270930179173111129031250      
   45.3650035094223397264496010043006388      
   44.1919315438957403589911179805977642      
   42.9405187923431928292226322210241156      
   41.5999869273180461773890841218413350      
   40.1568979080942144933431161512700849      
   38.5941320806477154067409265599248232      
   36.8892979769867677788165061815220646      
   35.0121304922064593306230353080051277      
   32.9199573189399470249881183577240485      
   30.5491317247673227792490940984478932      
   27.7969776828641934641871588670787880      
   24.4772726618674605425702122489179998      
   20.1785854627086400838711317924489062      
   13.4879362790176598676544520149183262      
   7.79941775710672419646728636823238130E-0004
   1.65297884371483337951538165782879291E-0004
   1.30483581067297659191665603215753887E-0004
   1.28213264347523252292922618113883092E-0004
   1.16868874971089506707186670095302862E-0004
   9.84206198119816497784602980344946020E-0005
   8.46470902402016774836228250495055426E-0005
   7.45502807734243602735040532976767746E-0005
   6.96576380659887304561644027711233329E-0005
   7.19247601407670872612024462086636040E-0005
   7.06683743190637221821151464197622174E-0005
   6.81085523400443304098587836994309012E-0005
   6.56311119622511863495214445308705240E-0005
   6.42775483155279739239339650806618592E-0005
   6.21061582540449631891808428738597065E-0005
   5.95761968401482415451517185249866813E-0005
   5.62997451471017714362684711922815210E-0005
   4.92129035293962029738601818643503293E-0005
   1.02784022491058096665949469316874522E-0005
   1.02552567494967672696844555574897206E-0005
   1.02366259925214886920771023010009992E-0005
   1.02214576431116281728510126231099723E-0005
   1.02089797608127568380689620337682047E-0005
   1.01986177561349242736611052583384883E-0005
   1.01899381622068760903554604838390781E-0005
   1.01826099127801082977237113355761261E-0005
