   1.22007343803791488545833966823070109E-0002
   1.22236000152626984050187147273171717E-0002
   1.22473130343730868120362951826138743E-0002
   1.22719048478726695925053114440057111E-0002
   1.22974091064808050091540770868269294E-0002
   1.23238619544684657362800296087121132E-0002
   1.23513023039417322538047642478731891E-0002
   1.23797721319695475247595839164630225E-0002
   1.24093168027469619225819312044225496E-0002
   1.24399854176905500311116190940281437E-0002
   1.24718311971442991757133880897100253E-0002
   1.25049118982492726670310457856863950E-0002
   1.25392902745191482898126146347380267E-0002
   1.25750345837963372354971021226888069E-0002
   1.26122191525755616661580570674301625E-0002
   1.26509250062222108486514118492625825E-0002
   1.26912405764418138668869075381704563E-0002
   1.27332624995500625484301382882949778E-0002
   1.27770965217484417086827841919869146E-0002
   1.28228585308517957690324378598805134E-0002
   1.28706757379036114365878655881683105E-0002
   1.29206880370572509747269882359609017E-0002
   1.29730495782678774713639702262101273E-0002
   1.30279305950933467534969641522435039E-0002
   1.30855195397098651494636287668086351E-0002
   1.31460255897482951587556046322051774E-0002
   1.32096816076117086349618997094430923E-0002
   1.32767476537108643361461213730548275E-0002
   1.33475151821718118882281278897777136E-0002
   1.34223120832776818820205162361072016E-0002
   1.35015087843734950811491837024532066E-0002
   1.35855256847098781395741831241936279E-0002
   1.36748422862563156502711329661991055E-0002
   1.37700085014275310363341584700970329E-0002
   1.38716587841534003070798335020944207E-0002
   1.39805299642315767250996490285856584E-0002
   1.40974839994351270041985695506365100E-0002
   1.42235373471357943065770401148001536E-0002
   1.43598993800626170357426389773614142E-0002
   1.45080233650171578893390519167701314E-0002
   1.46696752172827150272673812676175030E-0002
   1.48470279326075409881383669285582633E-0002
   1.50427939904238758174324896366800005E-0002
   1.52604154293586324522152196158872328E-0002
   1.55043442597948337356953233701467159E-0002
   1.57804695572284792564778177321476075E-0002
   1.60967930523105757871872793255411070E-0002
   1.64645477050102775106602540566100013E-0002
   1.69001566737990961037829530436626063E-0002
   1.74289156578449924312804717286180554E-0002
   1.80925826169162754315305749028795470E-0002
   1.89671120918999510169835551410049759E-0002
   2.02124280599889339833744740096650828E-0002
   2.22615111027652350515175692526940973E-0002
   2.72287213320070202788612148285640622E-0002
   3.60393308336283882622055732836482996      
   9.48908189999023667979672815315926101      
   14.5914882013605780100748492390574092      
   19.3132615111727843668390227120346094      
   23.7848881034677793328981025405231069      
   28.0704533981228695859612626378586006      
   32.2076347005123904168064927478632115      
   36.2210711630842476595572297074166811      
   40.1280532770029956892770006207276540      
   43.9413098665167673513986634267697424      
   47.6705010311124864980553925499459477      
   51.3230651578870961240705849111191894      
   54.9047153929588224789122915950937162      
   58.4197314531489523789730397279264321      
   61.8711198102703740843031841663098724      
   65.2606701198381277043675663416173791      
   68.5888847439262244738549729443181514      
   71.8545997898154898994981097767115912      
   75.0528288783776143745092515935802787      
   78.1834016893597640961684149358678112      
   81.2503004877522000696760452433896953      
   84.2560315379827347108734273258064958      
   87.2029510443185935149969142962716734      
   90.0932712869895459574162813777131433      
   92.9290677984636843699989528765823591      
   95.7122871848369942385308638605870024      
