   4.38692792306457234092883205541399076      
   4.33095495293222820386989721596872105      
   4.27607985942680396974807513894170448      
   4.22223393487267497008491897447361779      
   4.16935206365209347264728051275271527      
   4.11737232377202101574695401855478583      
   4.06623562071188862893627094234800983      
   4.01588534989798280534138252952167974      
   3.96626708443065473197838973172986196      
   3.91732828491154230480017044914790545      
   3.86901802838950225803480386032291950      
   3.82128675357357430570574980892084507      
   3.77408601955325129127242351936892614      
   3.72736827532227895432668096636367392      
   3.68108663742185807742771513338230451      
   3.63519467299996398248405018387071654      
   3.58964618552153526165183351609543168      
   3.54439500025279611922244383626800438      
   3.49939474647358331198091565565761581      
   3.45459863313281708786613695248413045      
   3.40995921433959430892594412640080040      
   3.36542814065636051238391591676795600      
   3.32095589160654087580176424847324260      
   3.27649148409502677413207781994016352      
   3.23198215052296366005202530263888909      
   3.18737297920241898192631808952832599      
   3.14260650816746086884189099221168658      
   3.09762226153490687553810126207888860      
   3.05235621505463511041107963320882496      
   3.00674017421926434344882762892995794      
   2.96070104401768740549453164083778171      
   2.91415996375529462311943454466879348      
   2.86703127281388348708258320711108629      
   2.81922126305090903482876737702396927      
   2.77062665967288897453792793951288519      
   2.72113275327959962010611051804516587      
   2.67061107898896507557525703269015724      
   2.61891650047911603352549983380939380      
   2.56588350173571121660439572321049295      
   2.51132140817810750633686095462206358      
   2.45500813674877106062587172000514080      
   2.39668188635467738736609799423000537      
   2.33602988200237046032579374187639872      
   2.27267279921072611640170487607005959      
   2.20614267179455919626452370971790721      
   2.13585063500154676006045508756698480      
   2.06103817465226721235395209257687567      
   1.98070031360412756421344567592514922      
   1.89345822116357642776902273333672022      
   1.79733391231621590715861424147965245      
   1.68931727425291699897012321757261378      
   1.56443538564964041921879168675623815      
   1.41340055508941918019195120028273357      
   1.21487098016677669071215350261363258      
  0.890537980403725895602645507827813049      
   3.60393310288265559277372253158980431      
   9.48908190086845463326156151026877807      
   14.5914882019067138810311024893919951      
   19.3132615116981078710813678050075044      
   23.7848881039021244782158812208240872      
   28.0704533984291483303250608795715769      
   32.2076347007374971154044898276615869      
   36.2210711632576501650464436578699811      
   40.1280532771532783212295149063445946      
   43.9413098666757708167812526406888829      
   47.6705010312647788706565288333130224      
   51.3230651580274224347292488621015777      
   54.9047153930880682459142375326304348      
   58.4197314532719073085854089039967642      
   61.8711198103842168332978386136877739      
   65.2606701199420164975111545819596279      
   68.5888847440182254934933961566907154      
   71.8545997898851917093162411963048176      
   75.0528288783806284403773270452646643      
   78.1834016893627383150651470672819805      
   81.2503004877551374379677975132755435      
   84.2560315379856375010684978558355062      
   87.2029510443214634715200702245271543      
   90.0932712869923844351696560483989167      
   92.9290677984664924341745258839688441      
   95.7122871848397727376162336350705894      
