   1.21575969355092103841191479443968018      
   1.21161985537376772301884149527214217      
   1.20713781317776827415624611591915130      
   1.20238700145258928942219161191916888      
   1.19743867521155107958703754402592054      
   1.19235501901121766339876096504497557      
   1.18718610904196978596482573436159781      
   1.18196943457178884854743085976349908      
   1.17673149901941876413733450176526257      
   1.17149009466110471239040234402698380      
   1.16625672094054622396853886675510705      
   1.16103853220696632097552416343036755      
   1.15583988243012321696042742026050517      
   1.15066334262288452872906256341020145      
   1.14551042644644254937569612955675097      
   1.14038202485079592139754560883080516      
   1.13527866141847972738163994660615823      
   1.13020067676116800907764927505735430      
   1.12514830665001538401980745859322267      
   1.12012174323878182584891660553714150      
   1.11512116571805679329430268566326169      
   1.11014675847116390793656544107151883      
   1.10519872305091280171684284106318019      
   1.10027728510510706326304583939431357      
   1.09538269879246623282706596161550576      
   1.09051525102263190472495149666624713      
   1.08567526415820209981261692240565968      
   1.08086309966469207755156038635765151      
   1.07607916087715370888162956046461844      
   1.07132389626928102700501871663091348      
   1.06659780291992390484415513291718610      
   1.06190143000906576391752106765075356      
   1.05723538271525369616198188500295144      
   1.05260032621162485938045282134188701      
   1.04799698998209176173945702710263425      
   1.04342617229191844928218946597783549      
   1.03888874491963356852223145992944655      
   1.03438565804608315374695509336756630      
   1.02991794531323634018405525761465181      
   1.02548672900410231052058663511355432      
   1.02109322528138934711042653712484294      
   1.01673874941617273328793179954690760      
   1.01242472090467367779438758811459521      
   1.00815266834211653608100177138306192      
   1.00392423387877456769811685970152762      
  0.999741177024704042448217816509190465      
  0.995605377496847334595039547772371257      
  0.991518836697482072284097448803505230      
  0.987483677280285038087701050476546745      
  0.983502140079849416029400878363565549      
  0.979576577443585486113198774246139948      
  0.975709441695330186185495846400036175      
  0.971903267058751128106346199634905892      
  0.968160642861982515936262770508472499      
  0.964484175220143309467109777759467009      
  0.960876433656973465560776125543499286      
  0.957339878317843427630713122464109068      
  0.953876762648444217095294474258254587      
  0.950489005881081006511192052245839135      
  0.947178029790748503221753184531191451      
  0.943944555667212484092652496030631930      
  0.940788361475014224590197025948144051      
  0.937708007595873941110058782330627975      
  0.934700555146065097711409134823970397      
  0.931761327582226325066074725102681400      
  0.928883809444206397792290591068026749      
  0.926059842354391673993248651513784744      
  0.923280376185589046811603162484403543      
  0.920537174065056473213284095295111633      
  0.917826072616961029270017475730669863      
  0.915152697617366935634365082923209028      
  0.912541972443288033219514164776048950      
  0.910053297392289662118527209194551913      
  0.907803516930993517756559273320785195      
  0.905997998699617415874635452024607898      
  0.904956571179831015192954210614281766      
  0.905058719330553785825648550087799976      
  0.906623288283665753836287696547216619      
  0.910153169138551293920381148739938937      
  0.916405467010039183122608370513193539      
  0.926132898431628214255809955188655568      
  0.939908269977047947443134918705946528      
  0.957971127532220156793733800141507054      
  0.980055809961680538956254547185831813      
   1.00521668854431970445533222396615300      
   1.03168247992903944491059494116963430      
   1.05678514628200419737001367427042696      
   1.07702998932931246890825846116090690      
   1.08839810852853914032027734521528107      
   1.08698407296350385862215340705117645      
   1.07004080388876951707003265474952647      
   1.03737901301685283307465436489183975      
  0.992767039622264024584417314479981768      
  0.944456551490472955549866952524335085      
  0.903497048987860920587131759585067234      
  0.879243255797270612626157214003169873      
  0.874574995638371291783414738535295138      
  0.885249547765130206554580218795101911      
  0.903803340619021214226332072850202033      
  0.923856280950102576034812621843114656      
