   1.07616070116603042407068928684905962E-0002
   1.20886490893970238391244963154444289E-0002
   1.35813367360048457281622607386739987E-0002
   1.52596974439086716726475936093310152E-0002
   1.71463500336131295006428969191863989E-0002
   1.92667958545696966938388578130241600E-0002
   2.16497484084507203463712585284625963E-0002
   2.43275075740966044093261623927358145E-0002
   2.73363839669975263746037138745459969E-0002
   3.07171789021824553658929354038201343E-0002
   3.45157258072991908353180134041934502E-0002
   3.87834996145564711804847299211040027E-0002
   4.35783015271493840627355913605393657E-0002
   4.89650275546328922156430543959719840E-0002
   5.50165302960769786462775466827356419E-0002
   6.18145846456105897288903703206765961E-0002
   6.94509693640718050392184380584359384E-0002
   7.80286778469118956753576868510051695E-0002
   8.76632729363628444859960240860207269E-0002
   9.84844022525679558361408351576766344E-0002
  0.110637492314980356115201512103617539      
  0.124285641669090631699219992287428544      
  0.139611735357746246068804072531162195      
  0.156820805369044458515589940260875594      
  0.176142664188490902781140690231315943      
  0.197834841275534796453808080041305266      
  0.222185855172898092531403716953602702      
  0.249518857065140897356680918931438591      
  0.280195684912410346517652743239898004      
  0.314621370809659309210220578839357166      
  0.353249147941812936009613426671369937      
  0.396586007422736338695977031280276111      
  0.445198859413191648105574201893242908      
  0.499721357172633991941722156385812437      
  0.560861447123012816263703714711747274      
  0.629409712553483645964464679231630661      
  0.706248583257250509842219954144177440      
  0.792362488179625132236749352164423121      
  0.888849033031123427036478095815169783      
  0.996931289872438731764709447059649508      
   1.11797129090894462435169998584242736      
   1.25348482431982802457589068330859946      
   1.40515763607383203790003205249490847      
   1.57486314867923497052883449994915836      
   1.76468181620407705175458770812019173      
   1.97692224542131199335153604688599749      
   2.21414422668748504233897478469689215      
   2.47918383673434647501488677128103723      
   2.77518080118645224799728684849317284      
   3.10560834051721800440782420982939180      
   3.47430577381045389008915912896469976      
   3.88551422643381065631542651935028784      
   4.34391588942562542418785674896731030      
   4.85467742245729819701343362902417369      
   5.42349829596692810914917570430337289      
   6.05666515551234012767193328891566477      
   6.76111369576437626456209143338478850      
   7.54450009835257619115619100608364116      
   8.41528487866157603096811579664255803      
   9.38283308418787978583128662254995644      
   10.4575362996422271715532096960646891      
   11.6509639810119771134881738543734255      
   12.9760544360055925814172642410336119      
   14.4473594992087555150940473866411317      
   16.0813618488344844313238439036750386      
   17.8968902077384687771588138478931707      
   19.9156655314269369245710883186465051      
   22.1630206904735457878596773540214769      
   24.6688466511032607460421412149196731      
   27.4688283759293032077697918926252118      
   30.6060403865329152582664868520039398      
   34.1329683549357879833762324112387497      
   38.1139960889457922064478721212128661      
   42.6283248850439141080832292498285297      
   47.7731501032479592053474199126630379      
   53.6667289553681246192540917271144222      
   60.4509689311380080883065117329211515      
   68.2941704387099817907007024934504206      
   77.3982554069703419470628654867888488      
   88.0218507565806267150254789632322280      
   100.528224491362439364096696060451279      
   115.397871780006739052519055405984049      
   133.021826687446823211283119055616946      
   153.407310975142228555394056477000203      
   176.324980236596551353074939980360457      
   201.610029886766615671703591013578700      
   229.174071489939243329075085293218873      
   258.876376295725774650290836190260580      
   290.414265274886004646215959652093658      
   323.267098065161433210574973843576943      
   356.704535594167663690101052511084511      
   389.877997809997976092105044213026004      
   422.021958400418862355332560660247457      
   452.783742481506691708672298548489448      
   482.603118544018367711109111149619183      
   512.778817492101673198674573521441515      
   544.789556675392154204629582697488731      
   579.473213341760738664158049301833582      
   617.341122976436370284690694908753837      
   659.520899735374088400474252375175102      
