   84.7290503831216973642201309025508515      
   84.7260941869651993494979471084698427      
   84.7211561688949210723174731826238734      
   84.7142273681849882248362450910193953      
   84.7052985611377609548116299430594604      
   84.6943607638156532682750805986974139      
   84.6814056663677522004701074428567131      
   84.6664257726201919667520760600539450      
   84.6494134507298675318802083473329312      
   84.6303573668932406069599799612400413      
   84.6092343667170702085936317000450507      
   84.5859949658001549717474253323302093      
   84.5605415147434157091272992496109147      
   84.5327002313659382458016042881229394      
   84.5021910035218142959929213180972407      
   84.4686005305098295596535674700822893      
   84.4313639276988326380440068977152499      
   84.3897577174038350076122743000743528      
   84.3429043794200891970724124226396851      
   84.2897864386798081285256813242742540      
   84.2292669276294257376313134477055608      
   84.1601129170845583854587687172691237      
   84.0810193285354743855076322170651533      
   83.9906310445257629593608528940182911      
   83.8875621472469594260079781717702099      
   83.7704117797239386953682930195878709      
   83.6377765888652410833519805970879120      
   83.4882599839599815967182019208671628      
   83.3204785727136780975821039255622847      
