   5.75680180862328832789351820703013421      
   5.75669425692907361772632139738210150      
   5.75651514666354463260610356409963977      
   5.75626476317390665814113022920475740      
   5.75594351315558382065218239387276484      
   5.75555201568827218975723730630015725      
   5.75509170247065677434839272439371331      
   5.75456663996886416960793197419426434      
   5.75398660696901456598653223229240565      
   5.75337035525654889453419938340014248      
   5.75274778721456123769020521643219820      
   5.75216050755377039346006053893956262      
   5.75166101979636714799387416989774059      
   5.75131122614332578999408756180688548      
   5.75118083060344898961833986211537026      
   5.75134595622386390963499245718278920      
   5.75188799204479039901470203120478042      
   5.75289251287326073849035087156944959      
   5.75444808634504325804699797497458661      
   5.75664485267126740619539675491641848      
   5.75957286923870723487432094091325737      
   5.76332030496788940298429091860654128      
   5.76797162227487074641378366825494890      
   5.77360589400562698856826617921802716      
   5.78029537887093227689588937535818116      
   5.78810443649219749427043298183063278      
   5.79708881633333088217161347447423722      
   5.80729531337904267212118265323914979      
   5.81876175249251714898424793779091028      
   5.83151724476728975870474461952633406      
   5.84558265124843132430968727182573693      
   5.86097118993475840327576474678967054      
   5.87768912808823411729903867716094951      
   5.89573651111807841146612497877158318      
   5.91510788949270245830453664795182553      
   5.93579301531199935423496571077066426      
   5.95777748899076220230733896888638749      
   5.98104334408270378030450651779568296      
   6.00556956415260736216793598481461012      
   6.03133253005764022567401849735750828      
   6.05830639909730150268841920823076498      
   6.08646341963060004913242692501824566      
   6.11577418580997985990182323630674815      
   6.14620783778998339813923094691090601      
   6.17773221260462541587708550567982517      
   6.21031395073426506831940812327366150      
   6.24391856269063019379411940534028180      
   6.27851045915014259357891795099458336      
   6.31405294718471120154348336372720292      
   6.35050819405222344403832187440785574      
   6.38783715860722104446904916010812281      
   6.42599948895579724286392121979788272      
   6.46495338305910984203684921180290773      
   6.50465540677599709058218737055381489      
   6.54506026098139522157234774057911870      
   6.58612048551378670791817857182809316      
   6.62778608279927401837258362872366813      
   6.67000403676266815560761634706496012      
   6.71271769289657433960254838736901861      
   6.75586595064428611922467208654691357      
   6.79938219800682977905393651166750680      
   6.84319288514010306781294048513104471      
   6.88721558235400476010234523421804100      
   6.93135628415801481301267144731229654      
   6.97550558011500029275318854897134363      
   7.01953306630748354774184943923709709      
   7.06327891493933996152357402059330582      
   7.10654062920064369989361255471333810      
   7.14905115415597260307392693427138715      
   7.19044036477352065010528285896555201      
   7.23016199230254162099334753858098508      
   7.26734256794610744269996764517785248      
   7.30043959242685623934167898075061959      
   7.32637829470004212408141151201526736      
   7.33780098442352170672619181348087592      
   7.30728849090360004805941144651496124      
   7.72440276539454838140001663368229619      
   7.98459508958574853790049430962629898      
   8.13495085581177021703975597208046528      
