 0.85241612091311E-05
 0.85242358010851E-05
 0.85243607661343E-05
 0.85245367376281E-05
 0.85247644351071E-05
 0.85250446400782E-05
 0.85253781749659E-05
 0.85257659051827E-05
 0.85262088339589E-05
 0.85267084157456E-05
 0.85272672228697E-05
 0.85278900571681E-05
 0.85285855257536E-05
 0.85293679963882E-05
 0.85302597265128E-05
 0.85312928744461E-05
 0.85325110983772E-05
 0.85339705276448E-05
 0.85357400121190E-05
 0.85379006746153E-05
 0.85405448796129E-05
 0.85437747805997E-05
 0.85477006221134E-05
 0.85524389612692E-05
 0.85581109472414E-05
 0.85648407645961E-05
 0.85727543133340E-05
 0.85819781689257E-05
 0.85926388411920E-05
