   221.049035868439907535065763010405475      
   220.286746313829112073034728570538798      
   219.494397228609914821954468330192684      
   218.671303654698302466839702396271043      
   217.816760736307421786682911730179269      
   216.930039679792451329426771758454918      
   216.010383605833021530496041263416680      
   215.057003272317204680886879011590819      
   214.069072639506482186018021613248338      
   213.045724242291308236424163424024680      
   211.986044327458017859225577196803593      
   210.889067706612574861140525467255935      
   209.753772267607375599263107067609375      
   208.579073078647732232695456007557132      
   207.363816009450209867247590995399718      
   206.106770782517942339366555852275815      
   204.806623354320075031247261574906876      
   203.461967510420027112178867097466188      
   202.071295539720209454921081520738520      
   200.632987830173112026687875681596275      
   199.145301200560260632952097314911128      
   197.606355748967672420797204872942252      
   196.014119956766239176767878059355904      
   194.366393735134208926488531135708854      
   192.660789036696170316717116149495514      
   190.894707574119555894045025868297076      
   189.065315085723671570308749866440232      
   187.169511459005590325200783130461573      
   185.203895857873112390313801827608151      
   183.164725786686305832103311146147785      
   181.047868747903715999178724958610213      
   178.848744787977997355347394895671403      
   176.562257746858489351209923997993296      
   174.182712385543322203256948122766017      
   171.703713699389059196922981479385189      
   169.118043538513723277893881668900267      
   166.417508011193666979362076401736141      
   163.592746831205504852644911375642013      
   160.632992461841880892094334613816650      
   157.525762099924652599393673809780124      
   154.256458417877869148168094498780013      
   150.807844201510817040400575118555274      
   147.159339322648468855399774530778670      
   143.286061924164203306618700177750031      
   139.157492142562349217292873101416797      
   134.735562725550581981238039850336845      
   129.971849967690716356352352423493713      
   124.803294820780621891431260428986084      
   119.145402641290576866623781219226699      
   112.880844214042647002178201665463486      
   105.838977370145567502928922156356623      
   97.7554532100022662549372489115924302      
   88.1813583932929785261396588693800147      
   76.2345042382013385510124122748217562      
   59.6413844853121608018965452924502505      
   24.0063976830538383405979674336285212      
   7.55493279173945033319629977457924477E-0004
   4.36558745470250151496830336526184474E-0004
   3.78651727332172344815820308408791307E-0004
   3.43672595564141024007134545565341409E-0004
   3.11535992410278315078272300579683108E-0004
   2.79612314584379180294330485661257095E-0004
   2.98805169690135737215817559413715352E-0004
   3.53092223654465613247761411122434004E-0004
   3.19019079434588747055975050216199573E-0004
   2.69818005547487453924278240371778579E-0004
   2.41818371227778112100000432302357366E-0004
   2.22451626957746828449628066820056341E-0004
   2.05853003337441677411567632797175911E-0004
   1.88964961513635083030651553550575122E-0004
