 0.98558508967025E-02
 0.98853840283651E-02
 0.99164720713169E-02
 0.99491412615976E-02
 0.99834181156357E-02
 0.10019329742246E-01
 0.10056904162081E-01
 0.10096170636077E-01
 0.10137160005010E-01
 0.10179905042836E-01
 0.10224440827098E-01
 0.10270805130294E-01
 0.10319038836848E-01
 0.10369186391059E-01
 0.10421296282371E-01
 0.10475421575327E-01
 0.10531620492881E-01
 0.10589957063231E-01
 0.10650501842206E-01
 0.10713332725500E-01
 0.10778535867799E-01
 0.10846206729341E-01
 0.10916451274682E-01
 0.10989387353882E-01
 0.11065146303081E-01
 0.11143874810103E-01
 0.11225737101784E-01
 0.11310917523979E-01
 0.11399623603769E-01
 0.11492089707710E-01
 0.11588581442183E-01
 0.11689400984933E-01
 0.11794893595044E-01
 0.11905455628070E-01
 0.12021544492951E-01
 0.12143691141491E-01
 0.12272515900425E-01
 0.12408748773000E-01
 0.12553255802975E-01
 0.12707073792388E-01
 0.12871456733469E-01
 0.13047938990084E-01
 0.13238422958097E-01
 0.13445303396540E-01
 0.13671648265667E-01
 0.13921469517890E-01
 0.14200142635003E-01
 0.14515083499050E-01
 0.14876895502059E-01
 0.15301436372053E-01
 0.15813847135106E-01
 0.16457278264183E-01
 0.17314814910824E-01
 0.18578608278528E-01
 0.20878393685379E-01
 0.31972730699612E-01
 0.68511702823216E+01
 0.12612691305809E+02
 0.17923426172906E+02
 0.23017911392273E+02
 0.27994733917244E+02
 0.32911767721273E+02
 0.37811271676005E+02
 0.42728426160161E+02
 0.47692901400176E+02
 0.52726330253632E+02
 0.57837789853710E+02
 0.63019403275512E+02
 0.68243124365012E+02
 0.73457320296862E+02
