   3.92607215782685118889813301225929090      
   3.83383688223617350049061018128817908      
   3.73662155657291485422311195779629375      
   3.63250633642737745859444352962655563      
   3.51859280876259443467114761641575070      
   3.39031734953594346018354664453922217      
   3.24150204608245382442919574668918296      
   3.07057708093215862896719669709616752      
   2.87194154627013740156447407472211029      
   2.62000923834790907560271271716272297      
   2.25689008408116414332414468388121700      
   1.54688994134194889790359052644435261      
   12.7679817514534814092608172416428044      
   23.6564045765731562107925316673075119      
   31.7547034890176815565520898385514650      
   38.5201628325115530227197021755495608      
   44.4551542525962163113137903505446774      
   49.8104650001598856358601056687264032      
   54.7335926998760817494772771850625141      
   59.3189385770506632507275310562907187      
   63.6302193664817961224954550720645486      
   67.7125897198828590893083738623036967      
   71.5997620315519139999926628017003858      
   75.3181424016691547211067683535655214      
   78.8891054689731140414041802186991242      
   82.3301390795333305470225070436761697      
   85.6552482748830111339484845907889036      
   88.8746393045208339197540134663177724      
   91.9931174853784878884707971252195779      
   95.0046934368533254839552748252385143      
   97.8647191201051669368526329462007432      
   100.462301198432359520471909868355002      
   102.995055156507986370941039055655890      
   105.472747749403434764921223261115442      
   107.897453684634769935658553794660569      
   110.271161378704436836703613867406160      
   112.595772436305823397999631591665090      
   114.873102368317314268446775068363960      
   117.104882238458426737723436652716202      
   119.292760998273735206411023009840381      
   121.438308318459519760351427653836917      
   123.543017761070005523540032923792208      
   125.608310166562840822540109995064999      
   127.635537154331517753606771296307788      
   129.625984656438502699850801652522934      
   131.580876422269803532806470016263391      
   133.501377446889289378512336550339914      
   135.388597288710525610627139900260149      
   137.243593252389165866978453989934197      
   139.067373421266045331370984709132355      
   140.860899530382805901991157805468309      
   142.625089676260939850156965808358108      
   144.360820863570087486400919258377993      
   146.068931391771169094072269472047861      
   147.750223086919972746482756451405261      
   149.405463385264024426827977276791684      
   151.035387276192084584187147338924069      
   152.640699112633605877016127854591904      
   154.222074297226989641140683994670180      
   155.780160852573320850033606362628168      
   157.315580883722074716080275674614802      
   158.828931940747298043471300021133656      
   160.320788288915502466234990055040899      
   161.791702093515022444172099695663991      
   163.242204525992124110819489896036433      
   164.672806797579316893296817019842724      
