   222.048302038518565911744179207457202      
   221.366403570043154866921009533591527      
   220.658120325518399674475014981375570      
   219.922821398856416751735452468343830      
   219.159860280283775293684459683616913      
   218.368571878642789178327108378481357      
   217.548269501063965603588322133867319      
   216.698241771111328503330319179351650      
   215.817749462055307470381212730733098      
   214.906022217817886101264989587052112      
   213.962255130200693799472207756586981      
   212.985605137071647175144324139137683      
   211.975187202069272459065944618459729      
   210.930070231929848297221328716953493      
   209.849272682528784415956458344063953      
   208.731757798962215380683196187802868      
   207.576428428247439739987896576109296      
   206.382121335211926613699552271261110      
   205.147600942560676756156170770531064      
   203.871552404600729160694327553978105      
   202.552573910192289207824729408820972      
   201.189168093622642870512607873566267      
   199.779732411603314577251995467144695      
   198.322548319548251842884337839437684      
   196.815769049631519116034446207561694      
   195.257405755405679533089697614041453      
   193.645311741153297449363749455575972      
   191.977164436269001717756661358112223      
   190.250444702695706290454694347830651      
   188.462412972645160099904001946074135      
   186.610081599042071569518759305019304      
   184.690182654942615423537956279945678      
   182.699130230643376172822159598603106      
   180.632976034607147771045906743390310      
   178.487356787800341421459306669469725      
   176.257431484157783476124071782206619      
   173.937806035202580734847558230115142      
   171.522442070869628484076018901321550      
   169.004545653342102233530826992125194      
   166.376430261547436723859264577935353      
   163.629346448732423715818485450386008      
   160.753267802057674199972963361898010      
   157.736618833543164909227580723847318      
   154.565924558617133310360410740232472      
   151.225352719612496695429047594778180      
   147.696106131178442087536029546927940      
   143.955601445808888466279049436268201      
   139.976336398779591067502836899163164      
   135.724290388235755391950541713536225      
   131.156603931637618177085997451952700      
   126.218102069258566467420074519033618      
   120.835880256486719082197253801675956      
   114.910459214955295633082225412620121      
   108.300422559762857491444231042583399      
   100.793484505609036975888369937608801      
   92.0455783226046535904569254231266846      
   81.4301960766950198562189851503011888      
   67.5564843604215219193362169339194130      
   45.6243824360897566037212613585483484      
   2.03953579448452722217404901617622116E-0003
   5.10150415234204543238110561011630457E-0004
   4.11831004343024448610547504216695615E-0004
   3.73325360115793120706299380088508846E-0004
   3.44063278559720338874368983407045765E-0004
   3.16057176593861463075721531066345121E-0004
   2.85760505327595453809662075332801600E-0004
   3.48631306695559610338834845328181812E-0004
   3.14124577948103916911678492977486303E-0004
   2.71867366720377921505257773426322746E-0004
   2.46544012884764229388722697296834868E-0004
