   4.56095755098645625742919949663062465      
   4.50328335806661195405361853621493638      
   4.44650723426122982688261509305208844      
   4.39057016075660589817312912126917871      
   4.33541731215656691330013582108112835      
   4.28099763804826092816381421345200083      
   4.22726347902303997969763865791237562      
   4.17417021371170140243842921836735173      
   4.12167593367181681263952492883678874      
   4.06974114320442489974509317022147996      
   4.01832848138389335398808668093540213      
   3.96740246376192712230604852820981849      
   3.91692924135758797273050770892157954      
   3.86687637467116724033712204484933675      
   3.81721262056158729814495120563004446      
   3.76790772990416713158403476180543397      
   3.71893225399772796137768764371732178      
   3.67025735771500822511912287974487780      
   3.62185463738545752468405006458200333      
   3.57369594136222068438570351912852399      
   3.52575319114964287243021121722048014      
   3.47799820084849716744067775557589692      
   3.43040249250596280971638066032320790      
   3.38293710472476942944384906383822771      
   3.33557239157897738327920308205335836      
   3.28827780848447750904881822771554000      
   3.24102168115862154414212918807949841      
   3.19377095314558012171120867179753679      
   3.14649090654351689361155120886690640      
   3.09914484949449282433147882362804711      
   3.05169376261931913324772337703960576      
   3.00409589480318528169385888126740849      
   2.95630629643708994755432406843201284      
   2.90827627521936558073646376147984401      
   2.85995275567684518618423761235071498      
   2.81127751833551510439288207991012301      
   2.76218628746690676359890925535108488      
   2.71260762686031078062865570749002829      
   2.66246159009466581052414315587083310      
   2.61165805379102043579696654496442887      
   2.56009463702308021487982499494520480      
   2.50765407393606877103129886254635282      
   2.45420085416772409084686709892231932      
   2.39957686808104020530773799234061727      
   2.34359567669104691024982044346306256      
   2.28603484524747281856407825522361863      
   2.22662549269646252817599330345306295      
   2.16503774126744577722138851964006223      
   2.10085996054931452893453931259290104      
   2.03356831379870041278372352520736968      
   1.96248056426252630183255628932508137      
   1.88668313984986904531803002938222508      
   1.80491012316101512690251358822475376      
   1.71532938698844899794213698541974106      
   1.61513176768916569016678489315193374      
   1.49964616938827218527589182749256717      
   1.36008976303909297087533285263229948      
   1.17610120821452279668194426121094275      
  0.872045342153966354944396691783315396      
   3.76373307802220500387507848454948838      
   9.83383750116838736962021961221150728      
   15.1974716084628234700736221919802043      
   20.2782746112423062824923609187433096      
   25.2110222971669944729741561394534825      
   30.0646645842927134019285728914281840      
   34.8849329764647387606128688921834511      
   39.7082302044170105093708950086639176      
   44.5661335769130804553665728358114443      
   49.4848682907616916371623986981434200      
   54.4816505468558619697445794781678109      
