 0.14214394585674E-01
 0.14671298754196E-01
 0.15217496784692E-01
 0.15910782433722E-01
 0.16901348425331E-01
 0.18551342147238E-01
 0.22473576904487E-01
 0.11734990492400E+02
 0.26758678222641E+02
 0.38595346599179E+02
 0.49104895377160E+02
 0.59019337620060E+02
 0.68866500918582E+02
 0.79196049378059E+02
 0.90651627966614E+02
 0.10397680498745E+03
 0.12003826979677E+03
 0.13949883693693E+03
 0.16239326470803E+03
 0.18794385937363E+03
 0.21434168600949E+03
 0.23849329864912E+03
 0.25577394322376E+03
 0.25825681728748E+03
 0.25600693189040E+03
 0.25422204623805E+03
 0.25284148019138E+03
 0.25181193043165E+03
 0.25108665350081E+03
 0.25062476506522E+03
 0.25039061244922E+03
 0.25035319833194E+03
 0.25048564638347E+03
 0.25076470651315E+03
 0.25117030030787E+03
 0.25168510779615E+03
 0.25229419605399E+03
 0.25298468911494E+03
 0.25374547758266E+03
 0.25456696547583E+03
 0.25544085123913E+03
 0.25635993952780E+03
 0.25731798027687E+03
 0.25830953164725E+03
 0.25932984364133E+03
 0.26037475945649E+03
 0.26144063195466E+03
 0.26252425294460E+03
 0.26362279328076E+03
 0.26473375206742E+03
 0.26585491351377E+03
 0.26698431021195E+03
 0.26812019180585E+03
 0.26926099818742E+03
 0.27040533649874E+03
 0.27155196133888E+03
 0.27269975767464E+03
 0.27384772603759E+03
 0.27499496966015E+03
 0.27614068326037E+03
 0.27728414323272E+03
 0.27842469904296E+03
 0.27956176565552E+03
 0.28069481685134E+03
 0.28182337931494E+03
 0.28294702738879E+03
 0.28406537840828E+03
 0.28517808854351E+03
 0.28628484908502E+03
 0.28738538311958E+03
