   3.21136164563635723883326904681450342      
   3.06531976319898054446902264962291280      
   2.90491432073660285390464303993546912      
   2.72003568641751105865414070532483243      
   2.48618945361404430360675943480266443      
   2.15946600903498284715602636286461047      
   1.60446168692210728463999750343147493      
   11.7349904934424529617040722681594065      
   26.7586782231197675238510163953633319      
   38.5953465995715843082894490607715475      
   49.1048953774306585021504427643834005      
   59.0193376201962890654949321459731563      
   68.8665009186270111341557109559725179      
   79.1960493780620278425735466576950767      
   90.6516279665943099688293770858097161      
   103.976804987406903756860271011188384      
   120.038269796718339963957784837882364      
   139.498836936860636433007220004783420      
   162.393264707930110045742884401829777      
   187.943859373528617277564435126144254      
   214.341686009422629896926780957114838      
   238.493298649081838370418068808693968      
   255.773943223759461644118032664886657      
   258.256817287483952280039102948985533      
   256.006931890407340564628403207146673      
   254.222046238053281214396611331346591      
   252.841480191385855836060466504905503      
   251.811930431660638554283912385237274      
   251.086653500815818646721955452965139      
   250.624765065229255342676398537895866      
   250.390612449229960878839610878328597      
   250.353198331947381621501378560879609      
   250.485646383483160484609276305818664      
   250.764706513162331480985929660084474      
   251.170300307884152876521212391265505      
   251.685107796160884410740891551094610      
   252.294196053998309237600148584183786      
   252.984689114948966579298898096153988      
   253.745477582675301084244561763303731      
   254.566965475841476175706958350831759      
   255.440851239144250977559717150562880      
   256.359939527815542523364388034817383      
   257.317980276880905194601373272219783      
   258.309531647264421135008114509960587      
   259.329843641337824760697940692764228      
   260.374759456502320178376776989711023      
   261.440631954667932617899907694702507      
   262.524252944610144295107647662279317      
   263.622793280771637652819880297637439      
   264.733752067428798986856437646944333      
   265.854913513785892584595329652379817      
   266.984310211957700529472132001617133      
   268.120191805861072232053985376408599      
   269.260998187433560461328103357340375      
   270.405336498749407121039225070120164      
   271.551961338894647561833921878952979      
   272.699757674655589914673180408139267      
   273.847726037597423341672065981634593      
   274.994969660164319791339606053662878      
   276.140683260385680175011465293589915      
   277.284143232728083656124341716841554      
   278.424699042974738691509186104673756      
   279.561765655528906615946629951329466      
   280.694816851348838381459969060395204      
   281.823379314946097034453265541509049      
   282.947027388803460259281887101008697      
   284.065378408293414030288786190443398      
   285.178088543519745429673887208863026      
   286.284849085032964882379584785640994      
   287.385383119592318248688849425717351      
