   81.7400452933505755287497682900338412      
   81.7369829321399900591098209162179846      
   81.7318659887511253099030745325125279      
   81.7246850311351116833081270782903398      
   81.7154304786388901335720575289144598      
   81.7040932304969069483133438114834427      
   81.6906652470232851346820859620281749      
   81.6751400249934811552766808776086607      
   81.6575127247317793192001667619238699      
   81.6377793301570823663788821783649620      
   81.6159338986509201123205247489616258      
   81.5919630573301346750824042217760303      
   81.5658374504229866561059471749130612      
   81.5375005477711001704168605250423506      
   81.5068558241644784870343385522139793      
   81.4737536942240366397708754095528344      
   81.4379796913056217290345138361110656      
   81.3992452068249544235962790909505788      
   81.3571817246806577043442940082275750      
   81.3113390059593353810695182709070638      
   81.2611872178728363954791896486649681      
   81.2061226358170751114903501824911020      
   81.1454763082556687314514203356288780      
   81.0785249532779076485290202238843950      
   81.0045033303126761165494561726696819      
   80.9226173705421970940297212468498970      
   80.8320574314086439303965356933017585      
   80.7320111436722646751123389090007689      
   80.6216754319993984427241235360875256      
   80.5002673997124663209301747357431531      
   80.3670338706241011383354187660593251      
   80.2212594710089923320450529958558300      
   80.0622732102307890184193776037543166      
   79.8894535794447557347924202736072867      
   79.7022322337126038945813549189352484      
   79.5000963560251039948960348843258526      
   79.2825898227628047083068676030451194      
   79.0493133026343205818625955072904234      
   78.7999234246127489338886071874824326      
   78.5341311498852904876779677255239226      
   78.2516994762629800831872461060296870      
   77.9524405960965005959424729951712439      
   77.6362126174693396837529707108386750      
   77.3029159481907431521381374941507905      
   76.9524894299251427880090977353016739      
   76.5849062983837257636045385469300760      
   76.2001700347973410899347641889010313      
   75.7983101623097766611274204449147269      
   75.3793780319816085892854283175056946      
   74.9434426328876310602393088618051504      
   74.4905864525754327030586741680941150      
   74.0209014060320554831555108963972106      
   73.5344848442631036406693228855347358      
   73.0314356461911212563649467997754931      
   72.5118503921188340661103900485253489      
   71.9758196105873967170760606261241025      
   71.4234240852937536086616456625773816      
   70.8547312032098123232492964131567549      
   70.2697913202578988936904549042619495      
   69.6686341148428378505618255358524162      
   69.0512648950881389647672633316649088      
   68.4176608188470326436007532846633657      
   67.7677669789901074886535842395258056      
   67.1014922994978208892899082985776726      
   66.4187051782786975474386488158043284      
   65.7192288021859941456012317421954340      
   65.0028360470251087658702796615670104      
   64.2692438586519192584488114668285612      
   63.5181069925033455021999655567807204      
   62.7490109627098450681819905518490046      
   61.9614640214591925586991790233833980      
   61.1548879484920261918670193863526911      
   60.3286073794888077063021982632966436      
   59.4818373344576119553460662487129157      
   58.6136685210833775350363126890296042      
   57.7230498719826811031863517457523249      
   56.8087676224959701425596529567051804      
   55.8694200295432720839749501326737292      
   54.9033865531074290351312078299984013      
   53.9087899365871033071841408758319959      
   52.8834490862323555260490144547899994      
   51.8248198908771399900447106267020423      
   50.7299200315336918745264012986496503      
   49.5952322350182229811534590384719359      
   48.4165780445344614727186891303518415      
   47.1889505541258004064667923338691467      
   45.9062888924559369945277408182001959      
   44.5611681626925629645636485240597824      
   43.1443635185575151741985611472541591      
   41.6442212618103880938191928418315489      
   40.0457235978564892721862337062811078      
   38.3290462746221083471529323022876695      
   36.4672320047702086441035275515957890      
   34.4222166297329438123736379467086385      
   32.1375085675908222386367314240995976      
   29.5232318499822333041990693591361148      
   26.4207250805980454119273963015853189      
   22.4976965148091925219032366352975225      
   16.7756787023529436758499400248508695      
   1.18083595744892989083684106176281920E-0004
   1.10883025179256210424704349119219757E-0004
   1.01590910646657526059504254224364364E-0004
   9.20005769525368809177434357321594133E-0005
   8.19523960820848614256057029711162617E-0005
   7.12548173282919518578695820467881267E-0005
   6.15135370674359556989421794513060961E-0005
   7.05008834563841112310121332244587912E-0005
   8.64968460446783157968100137446461334E-0005
   9.06095057907270069601775537405830842E-0005
   7.17779767572207197875581133467265902E-0005
   6.24801246508936832685931628232601513E-0005
   5.66427276300077897837444787969616066E-0005
   5.16362519737462658983755858401498400E-0005
   4.66570552329818489902057081428734044E-0005
   3.89878650134766795628582785443870877E-0005
   1.54466978223529401308888424781442746E-0005
   1.54466978155868133048798296500583580E-0005
   1.54466978103090782567773528803732414E-0005
   1.54466978061377671554669205243825331E-0005
   1.54466978028010275677736257050435728E-0005
   1.54466978001022984266947686635204259E-0005
   1.54466977978973762712133546135590371E-0005
   1.54466977960790378130772428945955850E-0005
   1.54466977945665572541043424027473618E-0005
   1.54466977932984503238647708231918195E-0005
   1.54466977922273800946816674141328844E-0005
   1.54466977913165329625760507430926784E-0005
   1.54466977905370084877430455400758839E-0005
   1.54466977898659175848641502542419820E-0005
   1.54466977892849816945449309979988663E-0005
   1.54466977887794903638662544677443716E-0005
   1.54466977883375180246819238957376130E-0005
   1.54466977879493301430141021633759279E-0005
   1.54466977876069290645305725793297275E-0005
   1.54466977873037038567243967379012799E-0005
   1.54466977870341582443368917716516717E-0005
   1.54466977867936976702320513687400929E-0005
   1.54466977865784614716618426225552078E-0005
   1.54466977863851897380557220418526137E-0005
   1.54466977862111170185636782590794206E-0005
