   235.280614361362568539609003427063999      
   235.267398252924457508319123671013411      
   235.245344475392038201664834977952860      
   235.214438641360550717956647771145815      
   235.174671149316829873920221322785703      
   235.126038996794100739892514135557824      
   235.068547279780228374152407938106331      
   235.002210308682330701230810783098117      
   234.927052188811749979136832019880211      
   234.843106470383763722301932617736589      
   234.750414096906071542623104868614768      
   234.649018604259083135295701331313310      
   234.538957562052500561398472753478833      
   234.420249817171534695926724579759121      
   234.292879176889443689989772916971440      
   234.156776404703847378790453548582124      
   234.011802166636812424553956178420975      
   233.857733467433129375103186643666945      
   233.694255258106736095928849566560531      
   233.520957703830926124664697566143158      
   233.337338544355812296652707184395822      
   233.142809329653501713673452161134961      
   232.936704107982901421333684779169796      
   232.718289280845813915347935129261191      
   232.486773649226684599773191453691649      
   232.241318031570516623887843124273160      
   231.981044139409525009523771712990680      
   231.705042616197707698967733513293276      
   231.412380275374502801514088292073356      
   231.102106629978079672928311450385667      
   230.773259811285877226995478206661097      
   230.424871953241961996261784654444397      
   230.055974083236445144818458965796386      
   229.665600527316666060937846909912134      
   229.252792812275617965275544513771489      
   228.816603026748322256645217363010958      
   228.356096601837493649809065287211038      
   227.870354466804595412908426157352276      
   227.358474549880096795965667854025869      
   226.819572600623051226474461532610118      
   226.252782327053420389973676898027615      
   225.657254855210700643359834795552187      
   225.032157529151633061266757988946454      
   224.376672082435027327211845886322075      
   223.689992220509477204168316157181994      
   222.971320656270977714167807667350712      
   222.219865646494161957944688731030842      
   221.434837074238226853527636142165928      
   220.615442120819666975191209027841078      
   219.760880564925864276575839236735344      
   218.870339741468605860370347144214076      
   217.942989181299468863082948641867604      
   216.977974947012742623416586595086092      
   215.974413667494822310138533399820357      
   214.931386262628086475678615984393960      
   213.847931337813342996524078596624258      
   212.723038215507567892542868636530519      
   211.555639556076517759380437784683033      
   210.344603507312975196414134490159865      
   209.088725303403973741688087800246520      
   207.786718219038330018121182297963899      
   206.437203761023438972010467573099518      
   205.038700960014372339262390489531236      
   203.589614595074969167934363242355144      
   202.088222153053041938479084273609298      
   200.532659287450134929514567351870606      
   198.920903492027269053278165058275865      
   197.250755650116739581913847360645500      
   195.519819048127310172413782325101296      
   193.725475353925794893581177116637787      
   191.864856948621673414801377743634225      
   189.934814860995401180988616369915108      
   187.931881368595491168301553520477275      
   185.852226101748213518541934171619937      
   183.691604175676659717054031178087785      
   181.445294481902890660552720693796183      
   179.108025735865495133878503762870168      
   176.673887164595555664612137489752003      
   174.136219754201301452053577910204468      
   171.487482645445028647455127459824011      
   168.719087418871665161406340470433248      
   165.821190393087560785479418996734983      
   162.782429311034904761881710434139432      
   159.589585305474562544293111833933099      
   156.227142868435831755068218077963848      
   152.676708128445473933270647808395564      
   148.916226368050996244944574523295657      
   144.918908697426492953021556374201772      
   140.651726532217285731613776886161962      
   136.073244668252331009341252433581387      
   131.130406519841280337974026183360175      
   125.753588639961931645372648240239882      
   119.848645368512647183022705011978093      
   113.283363950268470884977113896386222      
   105.862607658522596356164455850350426      
   97.2777666684776423973537185667758152      
   86.9877717142029285219462199810628728      
   73.8688452720365521302802738941406442      
   54.6477812894876270304462384430330651      
   1.37014808590616195691085288641717793E-0004
   1.34672862678327355062044003388924548E-0004
   1.27192640259388403092305244102026231E-0004
   1.18809003261246899840564171386057001E-0004
   1.09768620140024988744794588046355526E-0004
   1.00000642736310678876555110178615397E-0004
