   64.3774258129223388727756320852482929      
   63.9597927745625742789662939295018031      
   63.5220923803652631226149129883738136      
   63.0629179265465498071268476638499960      
   62.5807259531593882631335768406207233      
   62.0738150488884217831636905634637262      
   61.5403012930384080767707162968513279      
   60.9780896665784071850912069689579694      
   60.3848405647612519083069642976709264      
   59.7579302846489926843073518949133199      
   59.0944040201706717220805825163348312      
   58.3909194446904685938986780316114705      
   57.6436783534562805485443616442153385      
   56.8483430142027514615790541351220173      
   55.9999327441836650198339573390048054      
   55.0926946629412556065306347274647896      
   54.1199403570582963915276389324589091      
   53.0738370013534707774819862493872252      
   51.9451367275667822811492710257248798      
   50.7228206084952197966681652565677871      
   49.3936212616431736243231590330962289      
   47.9413658419304203001473451320759446      
   46.3460381155959290531533644132850612      
   44.5823701165883251022230448066033573      
   42.6175881592476490712749850291130228      
   40.4075417239321053816439791989851548      
   37.8895694088133738886310975334650383      
   34.9683152908550641683736833636257615      
   31.4843563156336692824866799671629613      
   27.1310635378697690957083774151272689      
   21.1458041936706253679940307814096300      
   9.22866343841421410166992967107476092      
   1.36670281630138448791953443918599433E-0004
   8.95717667122789796674658056170813332E-0005
   9.55064950313960339681688204508572305E-0005
   9.47008803888746522489706966445946023E-0005
   9.31293745310797044331400166995898811E-0005
   9.27168729609775318985291836497408304E-0005
   9.33066598903925201303468996112350996E-0005
   9.43131382836493980330317111092845151E-0005
   9.56357594686239560063112926423563206E-0005
   9.61992874101834112603928231775761792E-0005
   9.67029600498769245296987009649764222E-0005
   9.98370581520298152119655645277524604E-0005
   1.02053479276295893692673262533496223E-0004
   9.77458628300579241001217080995942449E-0005
   8.52720636500838496721837370411566834E-0005
   3.07042331526854218567708217039855869E-0005
   1.02359135535055574416587295772915387E-0005
   1.02207584129789441048218440808771810E-0005
   1.02083729100452063669395002676858822E-0005
