   4.24265047293046196244889163722559329      
   4.17948841261161887523445234936365114      
   4.11691035462592057797182309526909300      
   4.05479646940512879495007467658426225      
   3.99302546058943282431965356168536613      
   3.93147328650052567830067401185579320      
   3.87001177003974026944129360775493387      
   3.80850706158284511689100364390436329      
   3.74681791021536531154719702991616067      
   3.68479368641125730568994595292180071      
   3.62227208289100140746738903351740050      
   3.55907639831916945517135468809253363      
   3.49501227844144639163465506337292031      
   3.42986374790947711085587674003918750      
   3.36338830850192845104452749334775966      
   3.29531079830048572197723611282354602      
   3.22531558999108302409200752299419145      
   3.15303653568602772912450606070629215      
   3.07804380714322204505023933813254307      
   2.99982637135873808391737960179417343      
   2.91776815637657624300356825776539090      
   2.83111473310430096031800686866065946      
   2.73892497796688371919285100454356481      
   2.63999738782336934358258095991592929      
   2.53275063359259655872631859783055560      
   2.41501617176586325866624742903796876      
   2.28365150668560494754951470167231407      
   2.13375848581550133267361311483006099      
   1.95691306092941787650043893555779512      
   1.73632616753593274955280613522474564      
   1.42810607353976945756903942284858761      
  0.755439763981268254386730049976737688      
   9.73655930020297525473757733544203698      
   17.3828605873012395680960926214896584      
   23.8312073707728251773939526527606396      
   29.5857709373414025431470091481741749      
   34.8604919243710705370372845372507524      
   39.7734189123499026553822854798915105      
   44.3989093302288580617913381231654496      
   48.7876516591365841210219043432082877      
   52.9760041345781406772427755542852594      
   56.9909320081652453601362648489206737      
   60.8528334609614234225294688330003772      
   64.5772157510045471380197212522242469      
   68.1756438368893814123521662907606464      
   71.6560728307860813768622636821352297      
   75.0222044330065445202891687609202194      
   78.2681138852234905097102222530726965      
   81.3799331553900889218499478819462214      
   84.4084559875585532506515149386846316      
   87.3598529291283445387518247228083016      
