   4.19905277834751945854092528385948539      
   4.13332541878637682513644746347210838      
   4.06791589333062554550810467477961251      
   4.00266914109781564962362741012614086      
   3.93742312914828230396902012481427506      
   3.87200641243296788073409404673889257      
   3.80623529837200342194767146256608179      
   3.73991049468310765914279517467959078      
   3.67281307943911173837796909585642890      
   3.60469957775848951410215914374829240      
   3.53529585394099677176090638147856522      
   3.46428942260996260239817109067193940      
   3.39131963518963692674416184467188464      
   3.31596499070277938213339832593829264      
   3.23772652395246722262767803030451152      
   3.15600578760295681389299985662694729      
   3.07007525152573130880952912999198834      
   2.97903769032484753980551267293370524      
   2.88176848382980613114200488245068342      
   2.77682851567248409056631391486288331      
   2.66232037717165164868951960306349846      
   2.53562653949733204888035338652341536      
   2.39289426390195969078563425984564893      
   2.22795418375455041801213530700381826      
   2.02979032741593628508025891710062937      
   1.77517367064503745821264064256668878      
   1.39527747181511796137825467990913269      
   2.76906754282875657958433503180163289      
   13.3305488046330646671118954052410606      
   20.9669262534410585735438688530835660      
   27.4528979396828459541305850403644098      
   33.2359892934675307887839447416213645      
   38.5247583711327679260947992057168787      
   43.4389573097832765926735188858207488      
   48.0554118340082124175130700755408167      
   52.4269232780156023299602087892195251      
   56.5914888421562138108885183761469689      
   60.5773005502411023693284861850390888      
   64.4056319277296119365658334114746785      
   68.0925261993806361856424442207589437      
   71.6496729929217314345806850467404094      
   75.0844915602027251181614779359351377      
   78.3986513173478031316197970158804520      
   81.5749114646545306177225607428727186      
   84.6103853023618083463730399908306897      
   87.5650663087892356284980561434900055      
   90.4439973973087673987270458557627350      
   93.2516843663893590577267323815251936      
   95.9921739297484584647566983862819954      
