   1.84051559052455421330919815460376769      
   1.84058431708064881109684957836961918      
   1.84069880964711233988533188845531159      
   1.84085889854631693265632515856473698      
   1.84106434423424374774853649076163556      
   1.84131483151455125521440841356978637      
   1.84160991336539035574776181800396509      
   1.84194874608645697226122462992949976      
   1.84232942057776370040648456446946512      
   1.84274789575410707224755124577484195      
   1.84319680683999659186196038402087277      
   1.84366448850332582063260650962984296      
   1.84413440972217457191460796036980455      
   1.84458502314549233575256853082095055      
   1.84498991476791392290364848848909799      
   1.84531812754802321302187638559093589      
   1.84553458462495315894183438734576767      
   1.84560059939193547745129972624590895      
   1.84547449603646632815003696754281284      
   1.84511236690075340677213841441599860      
   1.84446897168509669222111780767821105      
   1.84349875348445959849900022206548420      
   1.84215692082309013562764748382113261      
   1.84040053047640832341504912533110244      
   1.83818950435106413436001272797415985      
   1.83548752285868396732380650823295226      
   1.83226275300709950884138092726623288      
   1.82848838770159306715783804161211769      
   1.82414299020406779091027090094354065      
   1.81921065221434333947162741809015745      
   1.81368098458373608711791756483493423      
   1.80754896619328227040270147359229743      
   1.80081467943803166166135830685799312      
   1.79348296085133314550547504317334307      
   1.78556299348891576612498698908335057      
   1.77706786453694704326492360975062210      
   1.76801410785757015393046783069435245      
   1.75842124728738979959114902812339498      
   1.74831135281364544084959424622894474      
   1.73770861842982043261244633891947387      
   1.72663896765091076303691981819400104      
   1.71512969033429086872039963569756878      
   1.70320911261958194539838730336200602      
   1.69090630040525178193556710292541586      
   1.67825079576179394493036770758789156      
   1.66527238498415956074553453688572898      
   1.65200089653476428769906700785971825      
   1.63846602689025920133277199082576867      
   1.62469719220606186355303377315349709      
   1.61072340374092348960772899579597960      
   1.59657316507357840775548829541543668      
   1.58227438933094499192801188516385996      
   1.56785433482031031224028003169296310      
   1.55333955773507395525723057936814158      
   1.53875588082927336898210550864295243      
   1.52412837728599920576953521554818918      
   1.50948136930198864131682600699329874      
   1.49483844129484077141397360673698624      
   1.48022246805662585274761425935197374      
   1.46565565869816103830469880372520767      
   1.45115961786218177037396410027242349      
   1.43675542649759593266795647350588984      
   1.42246374556792227638383352648325939      
   1.40830494751570705861288585923360003      
   1.39429928234284258447398292018978470      
   1.38046708800791981600392479465764509      
   1.36682905904708083138354098127786891      
   1.35340659346630374667214134432279524      
   1.34022224742709131498620611502200272      
   1.32730034192423679927437486316995631      
   1.31466778936874133922055419425978360      
   1.30235524732100966365080361832928505      
   1.29039877438336723755507156107478888      
   1.27884228480883341657131306324800759      
   1.26774132652798473180322573115405714      
   1.25716915795092255270943825329827158      
   1.24722704087397051786248820164290591      
   1.23806276529737649102636420071497708      
   1.22990646157476317404785139686949551      
   1.22314615257992803879094769217761204      
   1.21850749768561569056556337159502621      
   1.21757662821543023262032989127899540      
   1.22504887606105598871855114806119874      
   1.27940565271067846889634333722357579      
   1.06186770141519344879039078986759019      
   1.01806468415801626126657503200084662      
  0.986905261819233249820629421511055357      
  0.960479480614514427041823979876307847      
  0.936481643533323048946937437489797646      
  0.913931229478789309481107325448689810      
  0.892357440199533247637406648026469499      
  0.871553900493838168296562929249417250      
  0.851493605304528167623609784050693895      
  0.832296340532719789233813361842692395      
  0.814207601660035543494564678244590391      
  0.797577746795491540354952279759407324      
  0.782850945074861486919747409345263201      
  0.770596941282028375644637154230788460      
  0.761728863118890356232211447776104028      
  0.758685262957014698723793403079427874      
  0.757232138953578578775962249265256448      
  0.755816201260907984393097973514332125      
  0.754438597202434167842453825520072687      
  0.753100330193198758042594020628370791      
  0.751802268973774590994516665349746900      
  0.750545156384012896534374741375848968      
  0.749329617691413921586754427577670895      
  0.748156168489258117493715413584808905      
  0.747025222181070773714712361398887771      
  0.745937097066114843501928565000786299      
  0.744892023042637542701767424367776515      
  0.743890147943592294633206981243055773      
  0.742931543521417995627479604151398747      
  0.742016211095982018470522710913005992      
  0.741144086879894034756862629556085351      
  0.740315047002685604901257059161613803      
  0.739528912234724812955724692284728675      
  0.738785452437902599928047435436356510      
  0.738084390750121665482358385362032254      
  0.737425407517670639895950215166768229      
  0.736808143988384340504083792409026530      
  0.736232205777887448065855175606648614      
  0.735697166120257088737578515723270171      
  0.735202568914763645842786195392720230      
  0.734747931579461319932814961469330144      
  0.734332747721422662462216931906482655      
  0.733956489634618678012908683283830388      
  0.733618610634025926911064524610804207      
  0.733318547235270366643036924979714581      
  0.733055721188908048664580943658195253      
  0.732829541377042289917441192746398384      
  0.732639405580234713240899254878866948      
  0.732484702122564097173997234947990399      
  0.732364811401427775234854666877663756      
  0.732279107309362547586823231117181553      
  0.732226958553880407589004651771611690      
  0.732207729881296792959244523167686747      
  0.732220783211318193967942642498291135      
  0.732265478686101441295500969516131084      
  0.732341175640726096039672076964661332      
