   81.7400452933505755287497682900338412      
   81.7369829321399900491386802291843577      
   81.7318659887414319282091452069600430      
   81.7246850209745650879866949009797216      
   81.7154297933615798642020861187598350      
   81.7040815458450253386468120359427631      
   81.6905747139650472653694139223213625      
   81.6747122640353710711739917459779204      
   81.6560605678482811391428832580262561      
   81.6338692658247645441003401461838604      
   81.6070380309648519788957240469211749      
   81.5741227028484634376812616303636327      
   81.5333644030252664841669317901862522      
   81.4827321148881600502454843489919505      
   81.4199770601656282746979104694729915      
   81.3426990191156485229621622752772045      
   81.2484220682827110328569451445740924      
   81.1346739909102287317569861925151926      
   80.9990621943073271443817901344889580      
   80.8393396514901680142555313578629805      
   80.6534564192584177249729528443605696      
   80.4395947489328122777030822307324942      
   80.1961880196942070438933323991215736      
   79.9219253348261555998782726431422444      
   79.6157445384419605319666291459375290      
   79.2768167190914239513540887277111617      
   78.9045251255813549668235518928386505      
   78.4984410083870157454321749257840310      
   78.0582983648963551132279012710330115      
   77.5839690194485849455357505148086724      
   77.0754389754308736813359027021289883      
   76.5327865688991473691601915732350754      
   75.9561626392597493817361096964507221      
   75.3457727056946003743154677063786117      
   74.7018609848465034530570099275441756      
   74.0246959880133689719821704607862615      
   73.3145573820617711475385512143856105      
   72.5717237711091676848811808111881554      
   71.7964610453597589439857467630651417      
   70.9890109422625067493113588421380554      
   70.1495794623865879244540114364758860      
   69.2783247763901499646381556559420172      
   68.3753442409866899035083218466562694      
   67.4406601091417966280695941485319310      
   66.4742034639542600168583031018408995      
   65.4757958217835986779814297759054234      
   64.4451277267282678633793747077725741      
   63.3817334818164445614422319876910028      
   62.2849609128642346160256676868294777      
   61.1539347064366571690279860956246157      
   59.9875113603042927520770333946596204      
   58.7842230610296554630971900936336604      
   57.5422067491430811405049007376006342      
   56.2591130711404639909061906570463261      
   54.9319875610331950790972679829611259      
   53.5571127591437611743202645017518884      
   52.1297942322025180680463080008688490      
   50.6440641422920355946256859338732856      
   49.0922604510185584479118430800811466      
   47.4644130350980830975110256167946946      
   45.7473202464323482133510712513702040      
   43.9231115768009419631866297536468006      
   41.9669255227699108326454509576724522      
   39.8430100970287199395293194370586031      
   37.4979341787004821004810541853944128      
   34.8484100155914532255932272967654337      
   31.7582077336302178249108127620429086      
   27.9818571869849775292777130012371385      
   22.9442599751522466741592765491408433      
   14.2541290068903022569192728939363946      
   1.14709928480209250403818672529748253E-0004
   1.02749478810229928790893174680053494E-0004
   8.70805376629599683963244925644154395E-0005
   7.40198399840666384395546594843383060E-0005
   6.33158769241651679709801214192205186E-0005
   6.35190148808483368761064520374998253E-0005
   7.62243743306267079816912003744423510E-0005
   7.80770221636719467834832448185148463E-0005
   7.91726419389761197980403931868890978E-0005
   8.30627115664100282092363323602775174E-0005
   9.25118955138568635633410056732829118E-0005
   7.31460546834371276492805280869395441E-0005
   6.39403561961189276306190321378467921E-0005
   5.58151566574138476155029939226378724E-0005
   4.80095814030026656414413258781584008E-0005
   1.54466977965578735354240277072621042E-0005
   1.54466977952357383588554328205275011E-0005
   1.54466977940770612220782128722223876E-0005
   1.54466977930608202170074778184814665E-0005
   1.54466977921684355636513836225940709E-0005
   1.54466977913835987732417758304157797E-0005
   1.54466977906920781740622481330807153E-0005
   1.54466977900815131255351573300383230E-0005
   1.54466977895412074840976827913410513E-0005
   1.54466977890619304074398193044556916E-0005
   1.54466977886357300259509741448223098E-0005
   1.54466977882557632521936710716837457E-0005
