   1.84051559052455421330919815460376769      
   1.84058431708064881067293641909639980      
   1.84069880964670995071779080802755619      
   1.84085889813429215786895513451595752      
   1.84106431711096235043810340395428679      
   1.84131438131266764695429633740435300      
   1.84160652692677350067051547802041283      
   1.84193325075838921448574736862268949      
   1.84227859100361287844516827006944835      
   1.84261591866163735271240579320960755      
   1.84290782696446675812659567337062658      
   1.84310769596950162177657949894467292      
   1.84316197035921098465115165518120196      
   1.84301230060659852830797350214489240      
   1.84259711978160083491458357208009945      
   1.84185265458431935005457777423313277      
   1.84071362880416676102704621391449865      
   1.83911397529527129370997878924503434      
   1.83698778378117445028943965850138332      
   1.83427056241234404523406945097579885      
   1.83090075315674592416864818206874088      
   1.82682135418035389266949104900085797      
   1.82198147454676430606838029643822089      
   1.81633766600821930470115777333780950      
   1.80985492358482825764153630278679080      
   1.80250730222479217783655823198487777      
   1.79427814739412524230711968891758791      
   1.78515997566126574363351051704472192      
   1.77515406498340110980807834787106540      
   1.76426982481272045086318500401568472      
   1.75252401631117229124793209939615355      
   1.73993988634469342613850911658771631      
   1.72654626862154195528197143242049785      
   1.71237669373492837665127082801188294      
   1.69746853860609634019984061441335608      
   1.68186223580782418022536721331806605      
   1.66560055499843294785797449712810402      
   1.64872796222702126107586451969275247      
   1.63129005808362906446855139946811322      
   1.61333309238892275297836725794093558      
   1.59490355097649573410796317677969851      
   1.57604780897515321238616133713927711      
   1.55681184451088818647132345764731049      
   1.53724100682571302366168535604506507      
   1.51737983322325378575875221683564664      
   1.49727190995897031055419595022779554      
   1.47695977308718809542256172950434249      
   1.45648484633574927231384946743083372      
   1.43588741433452764808037599275914432      
   1.41520663096174580138657464233824417      
   1.39448056434858736005520633764542620      
   1.37374628230807498654328686239172392      
   1.35303998490383866583320307858128531      
   1.33239719495863095638348762527857407      
   1.31185302320527453131251819351503373      
   1.29144253363489868503533491502476699      
   1.27120124836884301985838364313543974      
   1.25116585369678357114271927744717131      
   1.23137520649408582149984926843848399      
   1.21187180678019525670458768356020761      
   1.19270402703562820528929411989908164      
   1.17392964076837907169089302819838767      
   1.15562174876280532852137330864337879      
   1.13787956722855140034675673400055409      
   1.12085031070461874025733969254725374      
   1.10477983582543250464643523777675017      
   1.09014474059678870558316665131143653      
   1.07801851707478999734282386301533065      
   1.07131926225781486807639753988138947      
   1.08589133124445473551820518352994473      
  0.930576828946611238309077521330528556      
  0.886298075110956543998572946988236939      
  0.855209530969101621551769758553641981      
  0.826949945890379601730205990483623431      
  0.798814178744914720225138132698511699      
  0.769831785451668161160083433652206233      
  0.739730898684117573280393278370458007      
  0.708643083060874777193204744594114874      
  0.677046066665478769310581084904874546      
  0.645751246446512943613786381707556772      
  0.615828095412891805780107880080886849      
  0.588467924715709249172422191848892534      
  0.564861918225753532172293495149740587      
  0.546177592480301905677605086030148273      
  0.533779404786295845782654383265395621      
  0.531308205095422444957838185258676774      
  0.535183734551947324379773295482618660      
  0.538980788746211692493704798655898061      
  0.542702472334311099990735803985812805      
  0.546351742436342212259676886076654209      
  0.549931414758830447549608623205416452      
  0.553444169680852879626293478606295536      
  0.556892558270274455357896201076577192      
  0.560279008199400638483859447939842508      
  0.563605829536392805580729924316511991      
  0.566875220392348119422835278848519025      
  0.570089272407419616159192142086717209      
