   52.4157703092330875843237065332402450      
   50.7257266247204502217849659531742682      
   48.9402527067971464701299949614793339      
   47.0403095937697678218564260241435360      
   44.9983975766188907564010179407332501      
   42.7728101398732498390571757028841884      
   40.2961153846749946292225831554746350      
   37.4504656590503509652297777576680622      
   34.0175018311697312407031417362463102      
   29.6121432254608889633966372138085543      
   23.3241265173733016636932060164242279      
   7.64872844018543311362680551861359508      
   1.23930543152913407666855535192281798E-0004
   1.13310728516330495527712851344170664E-0004
   1.08479336814293064510140740353938637E-0004
   9.62610743683975980555007107921565015E-0005
   8.36352728324071163143431400276366458E-0005
   7.71215452181879119539064255463544326E-0005
   8.82364489155870074895872419476653263E-0005
   8.90938824516154491673142931581440499E-0005
   8.75982574256702456865816378048585745E-0005
   8.69482683753960342744583779823454415E-0005
   9.25211723991107193044842896970675565E-0005
   8.31577204972977717060120982089802874E-0005
   6.97257986453770286934660071194666280E-0005
   5.94860774365601178337840631711637567E-0005
   4.98794649260418967143660599943950941E-0005
   1.55212758278776285291651920921775889E-0005
   1.55209396697082809695636912907710813E-0005
   1.55206072384717376509510300508020076E-0005
   1.55202823916904215609163628127171134E-0005
   1.55199680526943546659007697477841090E-0005
   1.55196663123519287534892825492924939E-0005
   1.55193785494930963882326409432768034E-0005
   1.55191055559136541389152393635107836E-0005
   1.55188476559122470359518399832099585E-0005
   1.55186048141091972485411998839033663E-0005
   1.55183767284164219943961024074824900E-0005
   1.55181629073197975582423190327082881E-0005
   1.55179627321428329330551014543773229E-0005
   1.55177755058243123003156463664173803E-0005
   1.55176004901315660988001206937477133E-0005
   1.55174369333020334833031717709131623E-0005
   1.55172840899855602696772131689003190E-0005
   1.55171412351410922158032629546825127E-0005
   1.55170076732863252542940197182948097E-0005
   1.55168827442454808394915193500875845E-0005
   1.55167658263095131264090649880506351E-0005
   1.55166563375238068086396481966846703E-0005
   1.55165537356529032497754724032153543E-0005
   1.55164575172380828464527951164243151E-0005
   1.55163672160579086797485737331951331E-0005
   1.55162824012196974972528125156968403E-0005
   1.55162026750469451872242000476981078E-0005
   1.55161276708801583512433960376228879E-0005
   1.55160570508728534107113776822193144E-0005
   1.55159905038381826673107497850676823E-0005
   1.55159277431822628671706040484641669E-0005
   1.55158685049463122219626257261301423E-0005
   1.55158125459696829170089225984633344E-0005
   1.55157596421788322669855778965716326E-0005
   1.55157095870024158319197962411832783E-0005
   1.55156621899094258711592249402223889E-0005
   1.55156172750651765738873295990469319E-0005
   1.55155746800987053484964891246887965E-0005
   1.55155342549744317324300321024476197E-0005
   1.55154958609606821360928976168592069E-0005
   1.55154593696876869671401909623331884E-0005
   1.55154246622878641231059520255172225E-0005
   1.55153916286115234299939924938298917E-0005
