   3.49524108570480309713395133326335214      
   3.38193529103014685310993246737255145      
   3.26548208397011075026141601045666936      
   3.14475221928070748730750902338524172      
   3.01814957154203813121270932717344705      
   2.88328726671082157685572800707268200      
   2.73633345825727801906919132432923442      
   2.57058718407237605610066053231094055      
   2.37345962925661606235146642729727614      
   2.12172273622561839979212212187535004      
   1.75717073133760030985007358054034738      
  0.735998496329217766846829598615935541      
   16.8980509231329876423665865898908428      
   28.6394310223791799318777198495561190      
   38.7253430878277326414360751879665389      
   48.0374782022975283109927650192048334      
   57.0435103812623438349641596793754998      
   66.1121946346871138440602027535920983      
   75.6418356195492711977039712416280509      
   86.1222860632187218149475353286018560      
   98.0485829895043986206662692404071257      
   111.679396134459997131495582625561977      
   126.855619594011001639182074064172577      
   142.988947870369667229207584547418215      
   159.105265118935528374613702111236062      
   173.869759825950834294770485403767340      
   185.539713701103642853926891513100642      
   190.759065536486179806426883548405443      
   192.104429754780631448345107373358500      
   193.593597551182103210200458844150349      
   195.204998849465896845376265693621364      
   196.918968854692063388899836349468488      
   198.717809837851730700236026844208443      
   200.585785151753446713056689076536709      
   202.509055221728537655102251895524549      
   204.475568782255969701358666875930160      
   206.474923474088570130281674318642203      
   208.498208909562688348235463351656080      
   210.537843246625283905894511661317710      
   212.587411816694983502709835914195359      
   214.641513868332870043539741357991498      
   216.695621285044263704309068190874835      
   218.745951340209360434512146109305395      
   220.789354192579941292000525952412148      
   222.823214870882164547933915795505107      
   224.845368879441317744870913745895070      
   226.854030206575993703647508303605507      
   228.847730359276198089907055065171060      
   230.825267023694545234624202766259855      
   232.785661011206884939668582013987862      
   234.728120258263384587775337730987543      
   236.652009780710071509791478808705248      
   238.556826621327624603494373033071719      
   240.442178964937674987560249499495164      
   242.307768716592487865561155654016064      
   244.153376954591009318011905154611929      
   245.978851761897176430439633655323465      
   247.784098026676040187749189117195766      
   249.569068871850039490869297504847549      
   251.333758433590926629758465800524620      
   253.078195758086927334841365532283537      
   254.802439626902065734675203222780498      
   256.506574154805939141954487041576234      
   258.190705033451588946202091559348518      
   259.854956313407185541581985141797914      
   261.499467640134617467538694015649595      
   263.124391871405990877530725058256538      
   264.729893017628799229669630497937151      
   266.316144456248241678747828978909030      
   267.883327379915210071526149520625174      
