   47.6698078298989811412094858667326878      
   45.5153874548735875888118740117517718      
   43.1406772016103912793645156845199506      
   40.4464933402967670243311625951138828      
   37.2300896980815436319777440126617204      
   33.0396281930962198179522013439848694      
   27.1890377649055957645786665945265496      
   16.5391271324465234150455510864772692      
   1.38183265417312821177870614298655964E-0004
   1.21082299268747904149814045274370263E-0004
   1.23852352721590091578749824481492724E-0004
   1.19386230018858777563533500861832474E-0004
   1.04970848490794716941914751978082742E-0004
   9.13771607015037889429979015036739642E-0005
   8.90279881189200737195974538173062494E-0005
   9.32726539776356756871953416844015133E-0005
   9.05567134744163100232334219921923831E-0005
   8.85239050829236504923486964988909741E-0005
   8.95392527004710782762997277455141645E-0005
   9.77348119159053241025181130070585057E-0005
   8.08953829405352850975634483912342842E-0005
   6.69459244389880891569704593829684611E-0005
   5.65359421240646699741877724455577250E-0005
   4.27767345062260353953003280361702614E-0005
   1.55178771514461508329116474616010131E-0005
   1.55178253634219837048212475453537226E-0005
   1.55177598234042783790327182380933831E-0005
   1.55176833147630228314217408687314273E-0005
   1.55175984092037134721906652707008563E-0005
   1.55175074085643895301407394272551385E-0005
   1.55174123163607849038125991936756673E-0005
   1.55173148330826808876267814544629769E-0005
   1.55172163687024617273903301473701705E-0005
   1.55171180663206782992602910341424832E-0005
   1.55170208318958237611686956643191954E-0005
   1.55169253662207864967754286468593884E-0005
   1.55168321964737650087105281533524104E-0005
   1.55167417056582792796946075139562136E-0005
   1.55166541590106088882231260688184913E-0005
   1.55165697270003371246440824809397299E-0005
   1.55164885049131108104724181676121034E-0005
   1.55164105292250292727075134064636896E-0005
   1.55163357910947092570290750259188457E-0005
   1.55162642473452901949014418604757333E-0005
   1.55161958293103276087798142908845246E-0005
   1.55161304498934108295994078618634240E-0005
   1.55160680091542788550483855012743821E-0005
   1.55160083986924939558427465108579569E-0005
   1.55159515050583620704119374677152617E-0005
   1.55158972123825181859508341875861927E-0005
   1.55158454043816950561819490105342144E-0005
   1.55157959658690546925398134719441604E-0005
   1.55157487838729277401948160581384398E-0005
   1.55157037484474685921908122472708865E-0005
   1.55156607532420699747657121482793588E-0005
   1.55156196958828406475651219119931203E-0005
   1.55155804782085221865313292370505555E-0005
   1.55155430063944424778936511900369174E-0005
   1.55155071909910802442591072645003140E-0005
   1.55154729468982152023001891464037969E-0005
   1.55154401932911690133322373412346101E-0005
   1.55154088535120912718414227419827443E-0005
   1.55153788549364542051135168430912056E-0005
   1.55153501288226429857334575775272325E-0005
   1.55153226101507962855043271491292389E-0005
   1.55152962374556259145043543851725053E-0005
   1.55152709526568486604222550369064110E-0005
   1.55152467008899791539582977982285685E-0005
   1.55152234303395463606000063395110547E-0005
   1.55152010920762490474724201466172773E-0005
