   7.26699737292262853727564877521252844      
   7.35255784904676049559632191076753484      
   7.43981776846800170534353161874830830      
   7.52822344695568170147372998513102458      
   7.61687891354812972191578609853719206      
   7.70355480931261290123561507555993209      
   7.77453415556275094809673957702522938      
   7.77036572879760236301581836315017004      
   8.33325708606121082866213675943332919      
   8.47131659379086905693336028132264213      
   8.59869375660801590599522319584023633      
   8.75666552928116254882991903695240809      
   8.95984446429624897084772013373930923      
   9.21848750777077521892294895941926421      
   9.54395125652625513915615160189566888      
   9.95089212415688025248822315432127047      
   10.4566542772546423485060185457443499      
   11.0762426532666589695315921695735223      
   11.8135631408482349045850795513220564      
   12.6516845379978783034533772884605292      
   13.5433735640943482710184205394071929      
   14.4026023229470247673389640404084033      
   15.0998468849779026240403399771160871      
   15.4543879236340705043041916644100432      
   15.2489448705412265884519452735035261      
   14.9906446158092774474529164918058335      
   14.7485539302108551791804240615766142      
   14.5211548641652640459238777450526229      
   14.3071198493446963739978303130574306      
   14.1052821079404541352404985861587392      
   13.9146114895858472458430060982746353      
   13.7341945976050105688150967685365126      
   13.5632183331205275627652938432432801      
   13.4009561837060707865246090967487429      
   13.2467567318164610904927742589781202      
   13.1000339707028274879933400784579599      
   12.9602591014464233267973851891278259      
   12.8269535508782373812786523505520589      
   12.6996830015299541623460732690758675      
   12.5780522649335553067171566225161984      
   12.4617008611821035188132641775564261      
   12.3502991927769413338077095379800675      
   12.2435452207445976848223423146930102      
   12.1411615670740343926510940795057676      
   12.0428929804596605427651139387513822      
   11.9485041128333548477891519857450986      
   11.8577775627352437841333744999128607      
   11.7705121485801958209801220218342958      
   11.6865213806508188041622592117435599      
   11.6056321054099617568916616013707360      
   11.5276832996996024942930603331049798      
   11.4525249956792454343447492034658063      
   11.3800173201236747454976484632780342      
   11.3100296340198067113270127554928239      
   11.2424397603520391572744645254418769      
   11.1771332896188462576926420854960973      
   11.1140029540241884385269922791290423      
   11.0529480624804399413376594836651204      
   10.9938739895856247834051734207346577      
   10.9366917125761197951414844730172516      
   10.8813173910467139560364942495100260      
   10.8276719848912416520885939589427731      
   10.7756809063297665274886991662799639      
   10.7252737025966180348640600921106510      
   10.6763837660779119159621745730145251      
   10.6289480691725764067018511442065578      
   10.5829069213987161009562766081578081      
   10.5382037465850122738388167767024694      
   10.4947848782007974132976069992663647      
   10.4525993711070452058400657397982599      
