   3.27164312768459869193873989877032404      
   3.13449643790849220558730550257989725      
   2.98709932768131644391851752843729629      
   2.82372889448483170084591651576113560      
   2.63270635711845597140131780112235588      
   2.38757339465934261112755056673111484      
   2.04421712950987267852910935322256124      
   1.38833441424499477144305761882024879      
   14.6482594877267674358645469665862583      
   28.5050274091947718626910198142193499      
   39.8304229143416609164150037443870556      
   50.0400342476524839285887539291406039      
   59.7804586067861074690777125937019526      
   69.5450209820188410406009862990416600      
   79.8503703712744118617120288207640885      
   91.3110084549400840287439573918129489      
   104.661552305222547607889376611078612      
   120.660880348793746819117855965118127      
   139.711681509987459725634414766380158      
   161.561730323120261783509419914040493      
   185.193976132129614672182503621938891      
   208.693463707533167200308858954314935      
   229.115466898263390793439398062182812      
   242.183032651029003227453641207638729      
   242.284925846223708525709917591263518      
   241.104673051725548642089583107467809      
   240.278564021119494502458586755073182      
   239.760529896471617323008173242338389      
   239.509673110706661844186778021633108      
   239.489849160586794108753815458151178      
   239.669268812635264715057646171419609      
   240.020107072979097438725963233040609      
   240.518116641001740519728737934252458      
   241.142249686284716526417224474640077      
   241.874294109203020624666303069729610      
   242.698530404612273576509192404481404      
   243.601413976263698169386158248611671      
   244.571286017544297153842104241492757      
   245.598114350093316131597503081806025      
   246.673264139051554571284751071707895      
   247.789297278752872729593025550941826      
   248.939798475740068595424244066089489      
   250.119225603054206764049455475860074      
   251.322781701578559809095538010274458      
   252.546305992769287405482826784893941      
   253.786181383380269206246380623642795      
   255.039256137178736795779595472377961      
   256.302777623046958917483302892044791      
   257.574336296680279461935530735076103      
   258.851818315917983405601689252131571      
   260.133365417397473858819730602135088      
   261.417340887697518818368555044027959      
   262.702300644160615150686694122017519      
   263.986968598580453892756357314815773      
   265.270215612178828128991262179218350      
   266.551041465095228831858487040251072      
   267.828559360146308781484130833408820      
   269.101982561402271476026206420291159      
   270.370612835521984088089267468353985      
   271.633830418857935670158319596065250      
   272.891085280512458165362074275773975      
   274.141889490164870353016694244414310      
   275.385810527706248710844836586107046      
   276.622465403160887110308836969847195      
   277.851515472124040295428893558569644      
   279.072661852776996968308929151137215      
   280.285641363615145025156620820141221      
   281.490222914371795519431451233290351      
   282.686204292114368268716059889659304      
   283.873409293435621938121477385195477      
