   1.15502680032594838648140574533137645      
   1.12830150495678952085440757004034974      
   1.10198953860205610043482757377497432      
   1.07625966802927407329282189227170260      
   1.05135156260211212508970951830372021      
   1.02782627129570925712327373857327268      
   1.00914440343623573597087987318212428      
   1.01022740853336706276111523284411450      
  0.878359913337819528066412911389547434      
  0.849963433804167654709160799939446953      
  0.824968002531267711231371002103203033      
  0.795471353466758253880303762964904828      
  0.759803213999129564633902007805330920      
  0.717765739627195739150171323464272658      
  0.669646560526938793669655144987170157      
  0.615996197696766166189105070375794012      
  0.557848884438409523894599139391824414      
  0.497184000791250300110783224369754117      
  0.437059187514913635769505713416754630      
  0.381070525368667131184811437498074496      
  0.332543414995836914873178126394922933      
  0.294049285908483010246698387118002705      
  0.267520446594281128621090119666343543      
  0.255386801534598457604696935804816317      
  0.262314609500779928799382732065253977      
  0.271432252593253042023045091790712402      
  0.280416256051141427340984712406058802      
  0.289267574190710478063298111481584524      
  0.297987219154257677006344644894671405      
  0.306576254937519299144713974341803827      
  0.315035792082032237492573966422232587      
  0.323366982954322034200405259669525175      
  0.331571017542897435469837979987556856      
  0.339649119709604958311745651558124963      
  0.347602543839292346084472080220546083      
  0.355432571837563739146698479973078539      
  0.363140510430873483240559524523026209      
  0.370727688729767893645618835538125916      
  0.378195456019841309591238485438821129      
  0.385545179748649655043030653259798834      
  0.392778243682493441564842302687813097      
  0.399896046208031861537083173427216549      
  0.406899998758925987502667443885543268      
  0.413791524349214257202676397617800271      
  0.420572056198053090797537679240211107      
  0.427243036432954997838257041393233644      
  0.433805914860113954042489128381374623      
  0.440262147792508410844261617597917728      
  0.446613196927802648610429142270577545      
  0.452860528270009611209915508671586496      
  0.459005611089000435779928226278754916      
  0.465049916913964081903156387382219482      
  0.470994918557386581881972550725437729      
  0.476842089166719683204177503066810748      
  0.482592901301862299556806870316365152      
  0.488248826037001082801452010891013374      
  0.493811332085842325401138430474637419      
  0.499281884949578570956061190427248945      
  0.504661946086500553975194488813628272      
  0.509952972105259272155695147952912087      
  0.515156413980351621173521806415717473      
  0.520273716286494333657657370672171056      
  0.525306316462220525525441973529923285      
  0.530255644091774392168922386795887618      
  0.535123120213327064471094025348908998      
  0.539910156649952897575770704354866085      
  0.544618155366314795877343806866405308      
  0.549248507849840906273816134431164281      
  0.553802594517831290679405991051307784      
  0.558281784150152684225010316669258559      
