   1.27409042898335173724554876934197458E-0002
   1.28068164131025335364198359036690970E-0002
   1.28787457595584805024240085765526880E-0002
   1.29576126452777008688893327768270736E-0002
   1.30445438285716190506735987606182579E-0002
   1.31409375234223682414197054690453334E-0002
   1.32485547802102878568079436005433687E-0002
   1.33696503930824424826433322705071663E-0002
   1.35071639481127632139152346759285414E-0002
   1.36650032406182902839215250650151658E-0002
   1.38484696391135107729003643841598130E-0002
   1.40649001091214179010339913012470240E-0002
   1.43246459716950630447725615588408585E-0002
   1.46426636180453983387687430412757000E-0002
   1.50416345847254821632424025020938561E-0002
   1.55594416556018997822901489198704643E-0002
   1.62683140589053983972114012643258977E-0002
   1.73297804689278759560452340106319673E-0002
   1.92158502347023896933641581197505873E-0002
   2.47932512831295002757255275084842871E-0002
   10.2367244081216541328891342024862389      
   20.0343507472818578244239779145545801      
   27.6227109798260796483156168849056010      
   34.0996183044541058065315376443174355      
   39.8634638023006357577641774921255137      
   45.1175694396715488685611229402760621      
   49.9836847124270238174248345927419308      
   54.5417095218907190440084739664888522      
   58.8472735983316334574448832795208167      
   62.9407410674343324122232598049540594      
   66.8522621701660110841573847085383545      
   70.6047395269113160322554505638140675      
   74.2155401440897374623049193515716062      
   77.6972915316643744064737507982888399      
   81.0577059959325245133515328447191783      
   84.2975362343141929099202396621413380      
   87.4005934552774157750768156163421898      
   90.3015679176068488850834102986708187      
   93.1100718380282865445915704687451511      
   95.8484750297768046201950635467314197      
   98.5205732772724250114411140058902039      
   101.129828570157724976323825392668995      
   103.679408339259963905110096887503859      
   106.172218828550526864158147546955200      
   108.610933731401331337390583363479039      
   110.998018946277198947081414533781302      
   113.335754110979993030229834772711022      
   115.626251432042220578169352743206072      
   117.871472220768901712507356433242529      
   120.073241468718773558862150929702964      
   122.233260735527190371087785045812563      
   124.353119575638605196565101580354154      
   126.434305694079984748074519172389487      
   128.478213992298335903827556036594537      
