   4.09871313421816040388530603176047355      
   4.02573103625355707833684775598659199      
   3.95210417815426347507047588558008583      
   3.87750781304386420109389056328938950      
   3.80157095468227494795429050431080583      
   3.72386181175128733836580754241727596      
   3.64386823414265799997097383079320783      
   3.56097106763366616071734063746177546      
   3.47440749348843234950990586460017501      
   3.38322059868463319346453972313739571      
   3.28619121553819509016706366133844218      
   3.18174974949528194192201818321505072      
   3.06786826217734147192231218567668468      
   2.94191513797328953646962806435377100      
   2.80033664238615158653032613136098946      
   2.63775075548272640831380103355206486      
   2.44476334436962057851711127222750607      
   2.20289266853790425566074908400361922      
   1.86819839776876148259443624199523660      
   1.25979714584709238433113882026031864      
   10.2367244088286837674338367971361601      
   20.0343507473368635168995769595795696      
   27.6227109799547853325670535379625872      
   34.0996183046174119871998338749942406      
   39.8634638024900736228993613971743197      
   45.1175694399148316904403193096610604      
   49.9836847126895354426356972637306526      
   54.5417095221517815280602392476408618      
   58.8472735985844750064124853935408884      
   62.9407410676758055259754580716507540      
   66.8522621703954339515234865877988090      
   70.6047395271286764322012292287752516      
   74.2155401442966266525767268595764635      
   77.6972915318723037663591985007920364      
   81.0577059961672419713410043189145084      
   84.2975362344565362741179493698029746      
   87.4005934553356664957945981096563230      
   90.3015679176084485935785039801174762      
   93.1100718380298684048749434825592440      
   95.8484750297783716866679202215379580      
   98.5205732772739798413738942152891995      
   101.129828570159269709923723505745529      
   103.679408339261500331122909643225703      
   106.172218828552056474161202830390984      
   108.610933731402855371077299757727032      
   110.998018946278718430261301612760706      
   113.335754110981508806867323265006993      
   115.626251432043733337498526794403204      
   117.871472220770412012049176532179483      
   120.073241468720281844012083011606246      
   122.233260735528696991819472925801474      
   124.353119575640110421699713023880350      
   126.434305694081488777488842631806272      
   128.478213992299838878912113488867111      
