   81.7400432333552244830652925470550763      
   81.7369788120130527234245088055381356      
   81.7318598081827498592373048658405675      
   81.7246767896590476133713872131731940      
   81.7154201756322478357466229301148768      
   81.7040808652957778323480075483554501      
   81.6906508227132008821249559283426537      
   81.6751236016011511137927610018922393      
   81.6574947816601549850230681731969417      
   81.6377622586281155676824002045968997      
   81.6159262465744826404894478355361463      
   81.5919887341040304768842216408343945      
   81.5659520503483136291899824372612917      
   81.5378162092532580748650656329899984      
   81.5075748221934892631729947099922110      
   81.4752095561002195022274107857742211      
   81.4406833428397388104224517436324285      
   81.4039327484269849883276774497581580      
   81.3648600697949787192678543572704115      
   81.3233258068916932452867316415997728      
   81.2791421508306697665917069454811289      
   81.2320680397153262603727060635326208      
   81.1818061830104253766801325408268547      
   81.1280022734069455194550376490580028      
   81.0702464136550746368911627216275770      
   81.0080766208585457008672718566418389      
   80.9409841365373836987133084047706332      
   80.8684201819268297055401354038205525      
   80.7898037554605366350440085088309275      
   80.7045300601978057796781828137799231      
   80.6119791752148589790271338981144332      
   80.5115246270295769108787288053676481      
   80.4025415767861024225737771619474959      
   80.2844143972278671310386330299431260      
   80.1565434776382704179321622502515310      
   80.0183511478472339133895331418931475      
   79.8692866654091324482129747006444683      
   79.7088302484580749928420474438464060      
   79.5364961726992412169623849767204640      
   79.3518349748321068294741579637971019      
   79.1544348240411119290165833091264003      
   78.9439221358037714199224070408002110      
   78.7199615088481908108683100295528539      
   78.4822550696282640353107622867926133      
   78.2305413075580667004288381408397413      
   77.9645934833378182001148997593502734      
   77.6842176842728496763576327775153926      
   77.3892505987352601510204640209260114      
   77.0795570709810350388829811162217955      
   76.7550274930895825817284353628688920      
   76.4155750814996783831403493406637888      
   76.0611330788191365777223758997091482      
   75.6916519141833887975595154683588724      
   75.3070963489859311934156136124651269      
   74.9074426275308005965442070746754111      
   74.4926756471329372404326973727760749      
   74.0627861569133883915264533639315886      
   73.6177679882316286895508851863945621      
   73.1576153170531158201810953316118403      
   72.6823199524147801345361917427150003      
   72.1918686438406920983513563266053977      
   71.6862403943502283863935534696895562      
   71.1654037631239210178870527916315365      
   70.6293141406671879209979376257970810      
   70.0779109711371722270327300986525090      
   69.5111148971654580953923339907493898      
   68.9288247964242010024742470634788614      
   68.3309146738676899367658628202459546      
   67.7172303689361083234468673946390225      
   67.0875860321039372325698647675749857      
   66.4417603136338325460774256791338072      
   65.7794922021199879502240812270487809      
   65.1004764360699588770378122772581791      
   64.4043583992394865776117296144499655      
   63.6907283920313139903931539525368284      
   62.9591151492912913278534382271467686      
   62.2089784477294000776119575637951979      
   61.4397006091739890805719622238364653      
   60.6505766634268933550835195345516615      
   59.8408028732282562295666181752317495      
   59.0094632515017571420364787046074865      
   58.1555135993734679056297249784823857      
   57.2777624659752609841769985199284676      
   56.3748482528477873359355945040130479      
   55.4452114554310515814690781757250442      
   54.4870607074846703536909904550113683      
   53.4983308543356353948795270436226422      
   52.4766306541942963022383855321329091      
   51.4191768207796972538311798513399237      
   50.3227098332700681195194789985842293      
   49.1833850439617903809369489547765498      
   47.9966297579453025663808307981167089      
   46.7569525628480761694559940586161032      
   45.4576842399480023907318145431076255      
   44.0906182845577164986589492745217085      
   42.6455000479003431884689396414378555      
   41.1092802123118954838455501457979510      
   39.4649871984688262322276401003292577      
   37.6899542916661012374251671446504669      
   35.7528893103792521931991486576337972      
   33.6087090260237130654667283999311700      
   31.1886163539094226731966896654148475      
   28.3786299483635042344499079591626135      
   24.9643239772286381477812224149002791      
   20.4419481872460296106175698767620415      
   12.7739339010611508680389959225699836      
   4.11346208210805099473718331112177140E-0005
   3.93060229023493198146568538860860849E-0005
   3.68467261596479358392775919046035342E-0005
   3.42656577518607504761491592398821178E-0005
   3.16781126223699459614674785109795903E-0005
   2.90695922500495839707603305446512050E-0005
