   1.84051559052455421330919815460376769      
   1.84058431708064881109685065965488251      
   1.84069880964711241734922311226838209      
   1.84085889854699104924887843972048705      
   1.84106434439496624519314255954330278      
   1.84131483784799510222039545031347391      
   1.84161000219745392880106377580944544      
   1.84194939882522225433379452389501859      
   1.84233253474012848510896542136789987      
   1.84275886983732051234732180841983052      
   1.84322781844356685278777858657781088      
   1.84373873610294705194779840312747687      
   1.84429088118811891300852578976856190      
   1.84488334350586972730459614381647758      
   1.84551493761509107391680167653536384      
   1.84618406450659484678566391890851042      
   1.84688854986986464700427369080495139      
   1.84762546996603317869166934755153998      
   1.84839097752713105660145667986220255      
   1.84918014051990722149877390927757487      
   1.84998680604415912810560362731779901      
   1.85080350013068760004687429895703322      
   1.85162137169585493260023269733016749      
   1.85243018572048707492034591068375814      
   1.85321836719248275446950920277849643      
   1.85397309393787858233815261679214246      
   1.85468043350716787197496796300258211      
   1.85532551704430577661096358129358108      
   1.85589274161298138581437304318380024      
   1.85636599181258024290708417675915223      
   1.85672887154815930461685715906842362      
   1.85696493739655045966773819652608112      
   1.85705792600155415735287289589765383      
   1.85699196914120552796470394448973095      
   1.85675179143703926790356986380613363      
   1.85632288701553198019546377877995808      
   1.85569167268996765045667156824667468      
   1.85484561636466154113052052081051909      
   1.85377334035310368622583215122009281      
   1.85246470009735460802645101542847607      
   1.85091083942909371837500257788358768      
   1.84910422397633542721225800408417504      
   1.84703865466211890537605531919947868      
   1.84470926343886740646330051725322923      
   1.84211249350423543218825525332958183      
   1.83924606624209183504743941842313929      
   1.83610893709819753465758893837433591      
   1.83270124246522244951868081969566397      
   1.82902423953184358981186098262814807      
   1.82508024086506149989334414554832811      
   1.82087254533745482548925235037269967      
   1.81640536680787876876189860351829109      
   1.81168376179846297708752169615247739      
   1.80671355723473358608221106236000543      
   1.80150127915014617055737429920223661      
   1.79605408310994413900434978645117034      
   1.79037968697763158425978558760121139      
   1.78448630651187726585314699757709655      
   1.77838259420020995957959399240313368      
   1.77207758161951589210293549316330323      
   1.76558062555297424768397972461510731      
   1.75890135802114551391056216433317505      
   1.75204964033418818255453968883294255      
   1.74503552123457018627268157159317665      
   1.73786919916652505662843453089813094      
   1.73056098868996308899372290868195710      
   1.72312129105179916663125304535576846      
   1.71556056892361249099339606162453909      
   1.70788932531998554703194360501182278      
   1.70011808674599867908982120618464775      
   1.69225739063158243998537548376937922      
   1.68431777717403916751262527220233516      
   1.67630978574081029376548524248953619      
   1.66824395607936444933028629632837008      
   1.66013083464885932423572694384123910      
   1.65198098651433171295674858572432809      
   1.64380501338132990000331892399280524      
   1.63561357853781859215060873912751264      
   1.62741743968888360368840145565902185      
   1.61922749099659992126493528884459587      
   1.61105481600587083857280189797758089      
   1.60291075367824604007400812327196572      
   1.59480698043394809217257065245176333      
   1.58675561204628592891687905994159599      
   1.57876933051302470196390377239033899      
   1.57086154278165922747791684176533831      
   1.56304658071092815179435404540399774      
   1.55533995518125240557633533151171912      
   1.54775868242755125659062855142557558      
   1.54032170827753819799247714306316835      
   1.53305046749267443038805812364551612      
   1.52596963320371539568244273902163519      
   1.51910813963897382657947079572791245      
   1.51250060740428424618337487787250072      
   1.50618937814476588840683011003835693      
   1.50022750111890052756110300618389286      
   1.49468326146345195642672001601513877      
   1.48964731308766125817376658452724034      
   1.48524443748638911420490530901760810      
   1.48165402907030227884588318513296894      
   1.47914832353989787097054976093095871      
   1.47817039250703623460347690759914246      
   1.47951414733322150239145631789984643      
   1.48482507741029561274368182525790850      
   1.49852508569488552420693502101648072      
   1.54395720532581863998143951767187362      
   1.33173269794050268134542735878472237      
   1.27213100426807782156940734210367698      
   1.23438723977058616379404906054965816      
   1.20392852952862035453760449163137330      
   1.17729178897530758154106084724705513      
   1.15311374849674416362368956842745016      
   1.13073059290275569323889638711754099      
   1.10977986820287152548936519912820709      
   1.09005375604809000283266950337767385      
   1.07143880199062908130787701149210101      
   1.05389095255872271424693432532850601      
   1.03742558514825859271714804570695028      
   1.02211496766751519540364655388609568      
   1.00809567514590987632517605995328093      
  0.995607953253872964464216925823242680      
  0.985243712253151248752915726464042798      
  0.977671967736305407623673089556111750      
  0.970364840506155783071668129602136014      
  0.963263426220980709882745550685045886      
  0.956363724973268951726226970154587200      
  0.949661773840429997951086504168795243      
  0.943153648528377486191784630917529142      
  0.936835464883812603112754327028515489      
  0.930703380284014903018143502516673093      
  0.924753594905394584427626446144615796      
  0.918982352877116580241249468165434794      
  0.913385943327594004059156475249622316      
  0.907960701326348627573744634862121430      
  0.902703008726559376650656485560709397      
  0.897609294913579535198021655410542599      
  0.892676037463461806221038599407066759      
  0.887899762715997652157744395925629484      
  0.883277046266869036040435416501339992      
  0.878804513382296960596146898435793946      
