76.553142214478230266100319166145146	0.7800678433473861948956796613647
76.553190681367670496994094200251328	0.7747913164419340183598302122849
76.553243712591707181256092078749148	0.7706922678755860038887076214493
76.553301737993281530792642339520945	0.7675300492820253586882593050981
76.553365227895485851882198569028247	0.7651085392659955087960587134648
76.553434696913752778766520359784831	0.7632689477822032703874550273825
76.553510708127054697664019677497545	0.7618832447762101466309728956279
76.553593877641922888731150143330793	0.7608488135273989263506946482665
76.553684879586279901534878937953606	0.7600842952334641017374142899563
76.55378445157356251742916785005222	0.7595256983789183452851641698454
76.553893400681424577990451513408348	0.7591230262642276184937913330144
76.554012609993479869807341979973178	0.7588377452886910433745427817462
76.5541430457571089596290601677874	0.75864030670427123357507655507838
76.554285765215347361114229558883956	0.75850835639563769709840299157707
76.554441925176336159742550641698953	0.75842498508299526143023052077473
76.554612791389794512074699574394366	0.75837750109420973697476456592586
76.554799748806514726311631362240044	0.75835667215633838264826796224651
76.555004312804037943242684848061908	0.7583556036431185403165552476367
76.555228141469499783553975014700721	0.75836928686703147342443538829145
76.555473049039204185833713987073662	0.75839408938235386359676867675045
76.555741020603859484074967965748732	0.75842742076411292226122801896924
76.556034228198669559493253522083044	0.75846745097515171957251305129879
76.556355048408697801318099110620031	0.7585128699015253984397025155348
76.556706081632203607961677018639512	0.75856282326400251201759055272544
76.55709017315808980495742431946264	0.75861671648830630651421529475264
76.557510436228303575817269028694886	0.75867417631765524278415152176303
76.557970277272122481074712122960066	0.75873499449394725164429359398723
76.558473423516861287983696028015263	0.75879907217377872023203850027049
76.559023953198797338498923597140958	0.75886639118637286078633212421729
76.559626328619188173857292277856954	0.75893698053306212166087216165487
76.56028543231331594110109403528459	0.75901094084297844470048528662415
76.561006606625725648887482901001992	0.75908838325821585335300921893192
76.56179569701243313850183764620928	0.75916944725166875938206421561714
76.562659099421087473395358247982954	0.75925429892872552933729783795682
76.563603812133126183593913479084919	0.75934311091219414827861331850229
76.564637492488128345983406331210026	0.75943607264455279952689016487593
76.565768518950142984572456498217496	0.75953338074698896812294874754459
76.567006059019069490062175656883395	0.75963524844615354768970371312098
76.568360143537543645860974392516396	0.75974187666677007728249275162943
76.569841747995621419964018601003326	0.759853483918349930215345903894
76.571462881492273114811560073561296	0.759970302993702981252521885533868
76.573236684074762506055437042214927	0.760092556533770157069176507975177
76.57517753324489228802880581613843	0.760220475255101532532483525137292
76.57730116049539889417430745935081	0.760354295970594394380610615687313
76.579624778821078825273643514819026	0.760494255081589197395890229914003
76.58216722223818396408276171247983	0.760640585132218362938307425225218
76.584949098442956006706892397930484	0.760793534538274913787906015815217
76.587992955846669025537521419592463	0.760953331475369983581951203748295
76.591323466341077519223276954837672	0.761120204325985195962751902882205
76.594967625275669618808659799959602	0.761294391365897581541939710747599
76.598954970267634871896370083673204	0.761476108608906488943239916652858
76.603317820618104010443275541696584	0.76166557025818085259283443350356
76.608091539275241606083463721113039	0.761862976618217287773668104494136
76.613314819467525333467995080401957	0.762068514516075756868419678245215
76.619029998330508994305202970644001	0.762282352902658082797094148836962
76.625283400069161299973742421263346	0.762504635665518474520412479536029
76.6321257114372721035929514029981	0.762735486614534719433352538249348
76.639612392577362760056136411183533	0.762974996059984170294349562825667
76.647804126551150761732824788443358	0.763223219052470856570267549214661
76.65676731120422388490867270186924	0.763480171524122904622557527063377
76.666574597351717703863051336384044	0.763745824605241212592804574118818
76.677305477647243785238226416006482	0.764020095551450683215501483318953
76.689046930908127391368207436009747	0.764302843582092406009681133996429
76.701894127119512917507989452038176	0.764593865955078775015239552313682
76.715951198831725967846457718598188	0.764892888838587892742521048622021
76.731332085203429457116608892460582	0.765199561112922988469876138054778
76.748161455531939354359966137951295	0.765513450701923238146888838207461
76.766575719756346391906764217827487	0.765834038483966182377960562995602
76.786724134124045443178346268364306	0.766160714238499014977781247372112
76.808770010982618321470026277021643	0.766492774419338837059049674959964
76.832892042503000573687127526889124	0.7668294200861291502516639065270906
76.859285749063329330873809532152988	0.767169757021198434219133367039862
76.888165064033302560261830101037609	0.7675128001827708801231466173445822
76.919764067804470177101760986570271	0.7678574776609834005335781250367576
76.95433888512158574508830324569427	0.7682026375705787448634080404230936
76.992169761093779174611709003501145	0.7685470601306826323964626948989612
77.033563332712594573880788262507552	0.7688894700913964161088444058957814
77.078855114288612238140334010732792	0.7692285524355122378642273903197987
77.128412216952284209420781733857462	0.769562970739279688786564546966734
77.182636324261813060848354252168834	0.769891386882291337673029613911042
77.241966948036771253048023184049058	0.7702124827657999473022758295651826
77.30688499080751945677823264530427	0.7705249834887554390704625702747931
77.377916643755747082143039923182486	0.7708276821250540976601408527253767
77.455637651740771137643293607143806	0.771119468841131393560393324722178
77.540677979981631768163397036112854	0.7713993676337778832567397724123098
77.633726920220631420178025130254147	0.7716665885089804177323900712126571
77.735538677756167789504019139400964	0.7719206095806367081418293329350475
77.846938484630381849399016112022052	0.7721613109660620156465850797777361
77.968829288521873787245879657783716	0.7723891967225187695651625543196315
78.102199071560099245573486353566799	0.7726057549557086925852942066604068
78.248128858383868900457259475811722	0.7728140243622822260838729419108514
78.407801478353021107137175638707966	0.773019445689332356521732139344299
78.582511152935102490469989723921408	0.7732310601606575739894806018299951
78.773673985977321784861706823878315	0.77346303761948698155950370643005
78.982839441892350799933230250205437	0.7737362905093319080694865171020838
79.211702904794051427443795991704473	0.7740794171474111448891822200852542
79.462119420380813695607758265150551	0.7745271813075081255236760750338644