   1.21320453412170367264962462090364908E-0002
   1.21499239900339670609144614109033477E-0002
   1.21683461885361151076369178124635804E-0002
   1.21873231811896911833932025183062086E-0002
   1.22068672754419973683391167749420069E-0002
   1.22269919553497489773143658553835285E-0002
   1.22477119924634280691697093455680059E-0002
   1.22690435547872865430841917388803400E-0002
   1.22910043148076817797053688327736739E-0002
   1.23136135577330894708671025140053080E-0002
   1.23368922912236020758369556277422500E-0002
   1.23608633580105528965926229030447386E-0002
   1.23855515529261071719722783432808949E-0002
   1.24109837459809338313455619492081798E-0002
   1.24371890132539641149758257612381453E-0002
   1.24641987774962305854920417631326119E-0002
   1.24920469605070687584872537955766138E-0002
   1.25207701495236049672864797691688531E-0002
   1.25504077800790591910214680816991610E-0002
   1.25810023380412881268488502923767051E-0002
   1.26125995838494037131144434471931806E-0002
   1.26452488023328582706966064345805856E-0002
   1.26790030819394281686128969967064300E-0002
   1.27139196277283866198614648681663282E-0002
   1.27500601131235775294483199729040660E-0002
   1.27874910761906466957915219542097822E-0002
   1.28262843671300739704659947165148726E-0002
   1.28665176548003815209817321577762852E-0002
   1.29082750014439193314359164556414742E-0002
   1.29516475164428419340204584215272450E-0002
   1.29967341019448038434226104798468940E-0002
   1.30436423056684419691832957530230004E-0002
   1.30924892992299682809165567443662708E-0002
   1.31434030040804831991047031579968424E-0002
   1.31965233917960759300895905597297300E-0002
   1.32520039912703926092979129571765261E-0002
   1.33100136426549526469645924788383962E-0002
   1.33707385471063895184638696376327210E-0002
   1.34343846731305835817926871728177836E-0002
   1.35011805953386143276675741596713157E-0002
   1.35713808608324374432605264982321260E-0002
   1.36452700036984052982454334648290772E-0002
   1.37231673612581727691450711107778762E-0002
   1.38054328896957449270778675900480966E-0002
   1.38924742355489810253568872119956629E-0002
   1.39847553992213137796000285321888015E-0002
   1.40828074357419960293912931769929781E-0002
   1.41872417892110378766385667066301164E-0002
   1.42987670698511636968248506259760155E-0002
   1.44182103856272293943512307883574106E-0002
   1.45465447796007542051195958225510448E-0002
   1.46849249721242089523727435327063355E-0002
   1.48347345817019809957966883644137373E-0002
   1.49976494967750798865892212841115629E-0002
   1.51757244306397225334798535720737148E-0002
   1.53715135109553597317662685796808871E-0002
   1.55882421296466826999181256941917370E-0002
   1.58300582992159964519568372661430261E-0002
   1.61024116043314268358870277015428545E-0002
   1.64126453037290460774397354531670921E-0002
   1.67709619672249730568434398843819433E-0002
   1.71920829320617288654097697401026209E-0002
   1.76982930712892367510814446451395609E-0002
   1.83255190834084040926298816535824671E-0002
   1.91369173554041409785267380905442406E-0002
   2.02585591231549184503242298614015593E-0002
   2.20001952903432375608316526618624241E-0002
   2.55242585831743371832512425489621805E-0002
   1.03497460446213633440128390054028136      
   6.44704308728873951059850151024639033      
   10.9570374108779483128631516842137978      
   15.1545326466500879116167180831875378      
   19.1708549311509373991867148130082010      
   23.0632349488719755468617967052153571      
   26.8627134238917924504145388550438346      
   30.5883064116371289965536437827043907      
   34.2526579271462741389093974709038733      
   37.8646891955253730929146304973055538      
   41.4309547556861942317396269665280605      
   44.9563615804986873519466508440990684      
   48.4445449643895317268626455643518136      
