 0.42413414189403E-02
 0.47675747768107E-02
 0.53588729863383E-02
 0.60233380033440E-02
 0.67700642535886E-02
 0.76092644894379E-02
 0.85524107679118E-02
 0.96123923812325E-02
 0.10803692890421E-01
 0.12142588717552E-01
 0.13647372062567E-01
 0.15338601243316E-01
 0.17239381926184E-01
 0.19375683129315E-01
 0.21776692349264E-01
 0.24475214692222E-01
 0.27508121490233E-01
 0.30916854559128E-01
 0.34747993017376E-01
 0.39053890443975E-01
 0.43893391120652E-01
 0.49332635192394E-01
 0.55445963805796E-01
 0.62316936664057E-01
 0.70039475990086E-01
 0.78719152637011E-01
 0.88474632053234E-01
 0.99439300025041E-01
 0.11176309061539E+00
 0.12561454152872E+00
 0.14118310529919E+00
 0.15868174826925E+00
 0.17834987335005E+00
 0.20045660709264E+00
 0.22530449671818E+00
 0.25323366853157E+00
 0.28462650566405E+00
 0.31991291045552E+00
 0.35957622510957E+00
 0.40415989366415E+00
 0.45427495896593E+00
 0.51060850038742E+00
 0.57393313167947E+00
 0.64511769383186E+00
 0.72513929538294E+00
 0.81509687257608E+00
 0.91622646445423E+00
 0.10299184238199E+01
 0.11577368144356E+01
 0.13014412784492E+01
 0.14630116964323E+01
 0.16446760063718E+01
 0.18489415983058E+01
 0.20786307590626E+01
 0.23369207078926E+01
 0.26273888400118E+01
 0.29540638826918E+01
 0.33214837691863E+01
 0.37347611512226E+01
 0.41996576027441E+01
 0.47226677175355E+01
 0.53111144721299E+01
 0.59732574124662E+01
 0.67184154252134E+01
 0.75571060655492E+01
 0.85012036191715E+01
 0.95641182546269E+01
 0.10760998736096E+02
 0.12108961160680E+02
 0.13627345975114E+02
 0.15338004994386E+02
 0.17265619117950E+02
 0.19438045682103E+02
 0.21886691595147E+02
 0.24646904230909E+02
 0.27758366227248E+02
 0.31265472868469E+02
 0.35217662337311E+02
 0.39669661710279E+02
 0.44681608593945E+02
 0.50319014495801E+02
 0.56652556066171E+02
 0.63757716549305E+02
 0.71714350002431E+02
 0.80606298244965E+02
 0.90521245022982E+02
 0.10155102855251E+03
 0.11379261722125E+03
 0.12734978818359E+03
 0.14233502155367E+03
 0.15886995532899E+03
 0.17708098473030E+03
 0.19708633462532E+03
 0.21897653979391E+03
 0.24280220088969E+03
 0.26858548685197E+03
 0.29635261288515E+03
 0.32616845911916E+03
 0.35816478373157E+03
 0.39256554454750E+03
