   7.36725081238288543976854166892143806      
   7.45794196092403546342633557001791340      
   7.54990752528436764058916326084663265      
   7.64229515186694244467515448560939133      
   7.73230476026439180824386986927764637      
   7.79507065511979171375223874751415084      
   7.82387714620798354547336432499172466      
   8.37211402420442764436524377570731536      
   8.48639584855776435865672836045975339      
   8.61592874105488818059847637357184943      
   8.78607283587885871647435622073575864      
   9.00930365408214735437705074405732404      
   9.29685066378010087429221793594503654      
   9.66296002741141848442290693621296990      
   10.1271472986287795793790341472282004      
   10.7133159656441902055724765769558034      
   11.4433880937086166886781579033074956      
   12.3263572024009803901313460893475666      
   13.3451869167521734069647938974844843      
   14.4413003653615076111021627655697379      
   15.4969155936002688258091768844144198      
   16.3216432852218381498902154220449601      
   16.6247396129918563529494756024921721      
   16.2746064719203246955662303791367773      
   15.9435594838799591793466253392472459      
   15.6361303549431248527414560597751049      
   15.3497916252001336837721567911582934      
   15.0823771481691993888864587832675759      
   14.8320183288009150463332598693611251      
   14.5970935896064838104687740878379920      
   14.3761879396521277578124309227350942      
   14.1680603432956241998014995197675410      
   13.9716171708826424897801276484927140      
   13.7858904358737930829350519423947194      
   13.6100198312006009661277097299606692      
   13.4432378053752027536205890971643246      
   13.2848570888365718300216809173604167      
   13.1342602091150053986801392244765898      
   12.9908906308248093796228842531178117      
   12.8542452312686971279813841546950211      
   12.7238678802249529045471055916281410      
   12.5993439375709244958044103126237058      
   12.4802955177507818458864071410667822      
   12.3663773980386162294498996745218727      
   12.2572734697740906059035658637740579      
   12.1526936495392418057191338913063424      
   12.0523711815369633933006809154204071      
   11.9560602740261549075473184638342005      
   11.8635340220675576050287395560703663      
   11.7745825765525525649840295748499683      
   11.6890115257759431163540539185741290      
   11.6066404610591640546300766962545508      
   11.5273017022197310637353351334972409      
   11.4508391622945279056013134791542359      
   11.3771073339142677311452787276297454      
   11.3059703822440289252926541420875496      
   11.2373013315122951092221801984233119      
   11.1709813339498988851879446338015827      
   11.1068990114689917667426046397700904      
   11.0449498616331663745764732319827356      
   10.9850357207963164295770808383914307      
   10.9270642777769187179251076617831196      
   10.8709486327660728374561895694496067      
   10.8166068964691274047261125238594596      
   10.7639618252377864675451934671976613      
   10.7129404884354677887918818835670036      
   10.6634739647194310278139662729387397      
   10.6154970643148982018342730446312982      
   10.5689480746799669762099648657051065      
   10.5237685272727870004082708525693860      
