   167.732663170790140444579654498095452      
   160.639238538510894978788749981308014      
   151.966276688301745662999669352993787      
   140.564745882999600298015288106154851      
   123.616928036490445852500303815926115      
   97.3485650243549034266277709904748885      
  0.248808855274095128385749054562757754      
   5.23055217850040220091495589735338635E-0004
   5.42797860238686417037462840112225870E-0004
   5.52041501772082390886963391356296430E-0004
   5.35297678761576200456626181473724273E-0004
   4.77156444783763795226860469830183517E-0004
   4.30822561173503869489255647544941544E-0004
   4.34466389145716724803154010036681970E-0004
   4.76952367212032687671906027060232902E-0004
   4.83679942942017984740738249335988618E-0004
   5.18675989551410101721453625207286368E-0004
   5.58151403937065457308279796012515627E-0004
   6.54761386340171660023699979750499164E-0004
   5.65266547570812206173498849810377835E-0004
   5.03364165970330402469771563029216645E-0004
   4.45771297040402360699755692380869238E-0004
   2.24085985969261157832680318321068697E-0004
   1.26266600984773550802394029003747789E-0004
   1.23698174224531640325977766814439389E-0004
   1.21312877287917310219736688632503890E-0004
   1.19091122051380627147436934813703071E-0004
   1.17016121594912372249142803186111803E-0004
   1.15073395273329848599688736745796255E-0004
   1.13250376580169914443511970598935023E-0004
   1.11536099524408363208562999277651833E-0004
   1.09920945613853388415417518972643769E-0004
   1.08396438082336458509669270161797092E-0004
   1.06955073279669994381355053994186967E-0004
   1.05590181542754864304776200069672920E-0004
   1.04295811640116065132715923844964540E-0004
   1.03066634206783367071713172938210721E-0004
   1.01897860584930950963471344557688623E-0004
   1.00785174244879505033473442282728878E-0004
   9.97246725433398394845143881839949677E-0005
   9.87128170253771274084777891216332257E-0005
   9.77463908269632096090631714175940385E-0005
   9.68224620094681872102626032469052821E-0005
   9.59383518741602139802912103410203491E-0005
   9.50916074769961879116472180358140446E-0005
   9.42799777017239729359708815583929271E-0005
   9.35013923598861589189241113827699166E-0005
   9.27539438759682387067697714183133052E-0005
   9.20358711885815794131969098960623077E-0005
   9.13455455582130721539904986087821610E-0005
   9.06814580206596681168530252169853081E-0005
   9.00422082657911364492735814875633132E-0005
   8.94264947544222071645288203952290451E-0005
   8.88331059139819655940593737236547076E-0005
   8.82609122767709765255955278954810596E-0005
   8.77088594440540952371459674631491247E-0005
   8.71759617755281306101454955569380527E-0005
   8.66612967176128954645503063178433508E-0005
   8.61639996956815013368123364202109676E-0005
   8.56832595047887750697262480456277371E-0005
   8.52183141437236194599886574919582845E-0005
   8.47684470409876666402944133461147482E-0005
   8.43329836316182325045948483426766674E-0005
   8.39112882461016012039578556006267788E-0005
   8.35027612784867315799759184622730388E-0005
   8.31068366045718753544650032720523119E-0005
   8.27229792244503669959737669792123682E-0005
   8.23506831067363528946790287155007576E-0005
   8.19894692142981936119486285394842966E-0005
   8.16388836937503295647167587142184590E-0005
