6.72283915063559876891748288028e-6	0.8100722773754251
7.35595771211205108059762721935e-6	0.8078474603692256
8.04869976061602147742872474656e-6	0.80628108335826
8.80668029533033337697370552296e-6	0.8051973512269123
9.6360431039638579336432730852e-6	0.8044645501773569
0.00001054351056103218611828300940007	0.8039845965911164
0.00001153643811585571284187704857495	0.8036849565915217
0.00001262287391192591118247585602794	0.8035123877639969
0.0000138116240208827204460209369567	0.8034281094200568
0.00001511232381985502798968701142355	0.8034040997104697
0.00001653551609071106370385179664422	0.8034202795711274
0.00001809273647424975830827277024961	0.803462389764634
0.00001979660697197936242378335139186	0.8035204041611124
0.00002166093825335909225821895700812	0.8035873537819578
0.00002370084159775197513068168156711	0.8036584620704067
0.00002593285137843092078548698931594	0.8037305136450605
0.00002837505908142832981673795942754	0.8038013966585005
0.00003104725994551486696259546433552	0.8038697730858156
0.000033971113411893197921787699312	0.8039348425815239
0.00003717031868412670455519114029156	0.8039961743823744
0.00004067080682129873417931174625486	0.8040535882688938
0.00004450095092140752583288358954809	0.8041070708174176
0.00004869179609863180045396943395616	0.8041567168343329
0.00005327731111854060649491137221317	0.8042026887050298
0.00005829466373086880775836652252955	0.8042451884319224
0.00006378452193155948336780174431539	0.8042844386095093
0.00006979138359594337832392164931802	0.8043206696676755
0.00007636393715488691428831461885499	0.804354111498931
0.00008355545623735808883708036775115	0.8043849881270756
0.00009142423147817333786294324894686	0.8044135144676448
0.00010003404299092965710487993338004	0.8044398945316652
0.00010945467733573667632327418655636	0.8044643206065739
0.00011976249317201460026761900738787	0.8044869731011921
0.00013104104018123922158294050986932	0.8045080206719396
0.00014338173627629311416924052613396	0.8045276211135243
0.00015688460858652239364580798787241	0.8045459215840506
0.00017165910422453043449689663570342	0.8045630597928292
0.00018782497740635363749964248210222	0.8045791647158288
0.00020551326011554431048981678480023	0.8045943575227423
0.00022486732417884827279863356012189	0.8046087524841238
0.00024604404336209863881331975422384	0.8046224578835679
0.00026921506490565799537072043501258	0.8046355769261611
0.00029456820080580005199486978778719	0.804648208631067
0.00032230895011901884044108319452366	0.8046604487768358
0.00035266216462825581446218479367449	0.8046723907615203
0.00038587387137205077865546509785479	0.8046841265771888
0.00042221326680907013789901962222326	0.8046957477439344
0.00046197489878165118501748048156159	0.804707346304032
0.0005054810539642002426207059368988	0.804719015845946
0.00055308437014783358310200008853038	0.8047308526187517
0.00060517069453505324139981175897138	0.8047429566872291
0.00066216221121227654084271985418773	0.804755433140572
0.00072452086314985089481322197494461	0.8047683935480094
0.00079275209646646884157745260703501	0.8047819573217206
0.00086740895730700236792845814663306	0.80479625347776
0.00094909657454087270801205100384929	0.8048114222467443
0.00103847706461532818447126436043625	0.8048276172067108
0.00113627489831976616943370923413552	0.8048450073961627
0.00124328277296124088085385797623061	0.80486377972713
0.00136036803754789341685576368558806	0.8048841417043346
0.00148847972305942898814657669331657	0.8049063244887195
0.0016286562347882805976799875142145	0.804930585925639
0.00178203376910149182595628113843893	0.8049572146378886
0.00194985552284512104494572636593856	0.8049865338963359
0.00213348177003770875046775464032672	0.8050189062462785
0.002334400887529134297569477006521	0.805054738623127
0.00255424141899299784696702177931035	0.8050944880534341
0.00279478527503684350640751463678094	0.805138668088051
0.00305798217642330756619328525571659	0.8051878560816739
0.00334596545747127276573243602060657	0.8052427014819447
0.00366106935773100636923638503334705	0.805303935458949
0.00400584794209041843289063730498927	0.8053723821207184
0.00438309580266877457080409114887081	0.8054489718675145
0.00479587071029642046208944114403092	0.8055347574272027
0.00524751839918138427649352934137916	0.8056309334809488
0.00574169968565420325591110007477659	0.8057388607994789
0.00628242014080111932359169790342763	0.8058600963743825
0.00687406255749625153729064827344092	0.8059964309813532
0.00752142247499326741721526028050936	0.8061499363720839
0.00822974704902002884136202676607421	0.8063230241158753
0.0090047775824365587717794540610285	0.8065185188508459
0.0098527960611872575085750762749144	0.8067397483495872
0.01078067607274308544954004241333074	0.8069906530864149
0.01179593851975156579632914437065201	0.8072759171617598
0.0129068125804798688682864655416728	0.8076011214464964
0.01412230241016395823376999045762159	0.80797291786899
0.01545226012390951484953823532326921	0.8083992205953068
0.01690746565270527845929868585922117	0.8088894058567884
0.01849971411981924497218649830933518	0.8094545023844198
0.02024191144580438847202754374365352	0.8101073542151314
0.02214817895703731572936141857553716	0.8108627136423142
0.02423396784569111795094391808302065	0.8117372196889261
0.02651618440889417876058261788518111	0.8127491956182067
0.029013327082197054764654326721755	0.8139181854355093
0.0317456363780679432365469992797348	0.8152641387837136
0.03473525894473856030721368410514196	0.8168061584768779
0.03800642707517431523782464090552699	0.8185607652539199