   4.80290761022961226991095807408055327E-0002
   3.34354690728232421920041117210233367      
   3.38864876381627490566420443320431466      
   3.43435793290630387668870558022801210      
   3.48068276041950972523888940314040309      
   3.52763170314942987492575631596204763      
   3.57521333041637426421371405291576942      
   3.62343632568882492170234502977272399      
   3.67230948822625428794602755821811601      
   3.72184173474371924689187854051068259      
   3.77204210109859204892993375676423512      
   3.82291974399979363747660302373364702      
   3.87448394273989933160973001622199380      
   3.92674410095049136816847251039139438      
   3.97970974838113746750179783908194894      
   4.03339054270237935725185368812358906      
   4.08779627133312006770554966069203698      
   4.14293685329280379983195248792272467      
   4.19882234107878726259867693059959438      
   4.25546292256930657895474535340949415      
   4.31286892295244916937449816349609716      
   4.37105080668154543743498555507265508      
   4.43001917945740060286938639548487452      
   4.48978479023779265318215077655246959      
   4.55035853327466811446154867211444980      
   4.61175145017947317466748428540738391      
   4.67397473201706362753602289006996126      
   4.73703972142864314139556330893539157      
   4.80095791478418549363337579236301817      
   4.86574096436480264721184366863048859      
   4.93140068057552687935563189838655274      
   4.99794903418897998537209195571825824      
   5.06539815862042045615169732983793876      
   5.13376035223463202148263114606588928      
   5.20304808068518067177082995725207710      
   5.27327397928651693440766577797202957      
   5.34445085541944143655169503726158809      
   5.41659169097044728399889242499899360      
   5.48970964480546149374841997135141023      
   5.56381805527851486426373114999717479      
   5.63893044277587689380201226747971670      
   5.71506051229619966083471738720968491      
   5.79222215606722195858901865983894206      
   5.87042945619959242495438213236544953      
   5.94969668737837792602324304148646712      
   6.03003831959283103270894234396578043      
   6.11146902090499807126481713228491900      
   6.19400366025775692584735473178254183      
   6.27765731032288151861473299334628120      
   6.36244525038973769701103794931409938      
   6.44838296929522307719117827538818166      
   6.53548616839557126295699335478449608      
   6.62377076458064881308787983381864778      
   6.71325289333138117522929376985486565      
   6.80394891182095179512935907262679575      
   6.89587540206042653118372833945735478      
   6.98904917408946358496951634848021338      
   7.08348726921277669310181242349084767      
   7.17920696328302793586444445666111261      
   7.27622577003083372677245872043450065      
   7.37456144444257582397043783747180462      
   7.47423198618671687749423757510591968      
   7.57525564308932779894221362607166651      
   7.67765091465954191991726486011739272      
   7.78143655566565849932814945918375439      
   7.88663157976262563299174870599035939      
   7.99325526317163999675318437307104048      
   8.10132714841260810036435795771536682      
   8.21086704809022082643546846139791707      
   8.32189504873439995861852668816557717      
   8.43443151469588214637431544035930166      
   8.54849709209771228958605992228377963      
   8.66411271284342463301281619311724579      
   8.78129959868269591487782261672535132      
   8.90007926533526069109888285613910775      
   9.02047352667388443063073172947671664      
   9.14250449896719512036650746990485272      
   9.26619460518317890063674197004913821      
   9.39156657935414964339426404439976996      
   9.51864347100400635167650495220999985      
   9.64744864963859576593717491422574793      
   9.77800580930000057332468161095489971      
   9.91033897318557609077634704083728992      
   10.0444724983325601904327254238131465      
   10.1804310803690825124866376816983288      
   10.3182397583323996197637809005679511      
   10.4579239195551826410123391204328102      
   10.5995093046206844617417988801823849      
   10.7430220123876022559384641460439947      
   10.8884885050854759726278966635474842      
   11.0359356134814194187034224971523368      
   11.1853905421190042363229718344676606      
   11.3368808746301130855634462072000127      
   11.4904345791205535870640629999051128      
   11.6460800136302236701133516214010902      
   11.8038459316686284329123337585736767      
   11.9637614878264991739630899311922942      
   12.1258562434642919587533537230229344      
   12.2901601724783064738251606828809143      
   12.4567036671451579079752987145325060      
   12.6255175440453166858416510820266876      
   12.7966330500664113900230022864293817      
   12.9700818684869694525699877327851184      
   13.1458961251412469082901718994339639      
   13.3241083946657730218192114036333560      
   13.5047517068282077738171568299470899      
   13.6878595529390797954430129417727838      
   13.8734658923469392587702406129873792      
   14.0616051590174242885303848873614011      
   14.2523122681967005259852369643752864      
   14.4456226231596912999450310977804921      
   14.6415721220434703392574939466260985      
   14.8401971647661398439670643753785642      
   15.0415346600314638279058239451128716      
   15.2456220324194697396660712785100049      
   15.4524972295631702292675805079894264      
   15.6621987294114913143890862657696485      
   15.8747655475784228590294897209285516      
   16.0902372447783319513231625092471855      
   16.3086539343472991587016660990984259      
   16.5300562898502514413422632292102422      
   16.7544855527735735181266771940262339      
   16.9819835403027812012312877008063771      
   17.2125926531847363672255492945177178      
   17.4463558836737651464274703967152378      
   17.6833168235609402167868059182324086      
   17.9235196722856328159243147196725530      
   18.1670092451283321253158760565969304      
   18.4138309814835716211098221982364659      
   18.6640309532116541890558780866790535      
   18.9176558730677057282558566991196502      
   19.1747531032064152016293603366763056      
   19.4353706637606370121590976299209755      
   19.6995572414918385221372476761310695      
   19.9673621985101711580190638479899524      
   20.2388355810617231011941058883300620      
   20.5140281283802910777555616293435326      
   20.7929912816007526438505605527889733      
   21.0757771927308686211650955754849700      
   21.3624387336780828503827674325822067      
   21.6530295053275738775376195932728243      
   21.9476038466675335390509739575417829      
   22.2462168439573106837464797332916788      
   22.5489243399337172521942875094991162      
   22.8557829430504474508389412395862335      
   23.1668500367451609404561043885818661      
   23.4821837887283958349341918418724399      
   23.8018431602880463146854964297801874      
   24.1258879156026947410635729066897046      
   24.4543786310566143174469691558297147      
   24.7873767045487658873976833709345818      
   25.1249443647875833781027436578599206      
   25.4671446805627916006430912482697554      
   25.8140415699849083088602379998645042      
   26.1656998096825059585614503452354456      
   26.5221850439465884608244851414812681      
   26.8835637938108427995555890141629685      
   27.2499034660557431794748294070974715      
   27.6212723621237585757645896449573065      
   27.9977396869321236884290056220553260      
   28.3793755575687737767632102950976593      
   28.7662510118561883780076025539335922      
   29.1584380167669506118966405783811354      
   29.5560094766738498316525829557410814      
   29.9590392414163505852443891620272124      
   30.3676021141641537875333836132221056      
   30.7817738590574511456400734685867836      
   31.2016312086023048170803325277795374      
   31.6272518707982895201850621517834708      
   32.0587145359742820070484886371150144      
   32.4960988833068517565225853653323561      
   32.9394855869942993288975298516899673      
   33.3889563220578417419142254200939557      
   33.8445937697398844510119543711995010      
   34.3064816224676074008013824999542817      
   34.7747045883483916319010533801803847      
   35.2493483951617297275683608301525867      
   35.7304997938103661764954425363438673      
   36.2182465611913996141098476256764979      
   36.7126775024459519214701040903349942      
   37.2138824525438164806383198682217760      
   37.7219522771571812901298341539722656      
   38.2369788727750997303067558181778280      
   38.7590551660078863335347602459884140      
   39.2882751120279219947573754553896348      
   39.8247336920906774670025223835169325      
   40.3685269100768219824648213225207024      
   40.9197517879933444258188406255377547      
   41.4785063603684737275064548747682940      
   42.0448896674719641604118278911242048      
   42.6190017472889325003492125500849638      
   43.2009436261719556262072726705367076      
   43.7908173080925094955417963068823640      
   44.3887257624090922365826702021512132      
   44.9947729100655221318922199613435455      
   45.6090636081288446400810127066869987      
   46.2317036325722992689978184446132984      
   46.8627996592044601671659788001173141      
   47.5024592426414211543346184979569584      
   48.1507907932144709710608163242686151      
   48.8079035517012223911179524525134200      
   49.4739075617636005744579491550121562      
   50.1489136399715742596701860404951521      
   50.8330333432868002824390929607602375      
   51.5263789338759037432821012004964864      
   52.2290633411184425266666758441469755      
   52.9412001206702807312729442148202988      
   53.6629034104386281167647554147855758      
   54.3942878833210206051934250412026610      
   55.1354686965564850361948696804905366      
   55.8865614375336694996338326581149639      
   56.6476820658974864046680114647799081      
   57.4189468517931716401185312657366015      
   58.2004723100845694051477515065248544      
   58.9923751303821091679769145045125797      
   59.7947721027154256137202318804261984      
   60.6077800386860839266963806548767635      
   61.4315156879375268935914476168561607      
   62.2660956497824101339231335193750179      
   63.1116362798320699082965783887289811      
   63.9682535914792662614144792187875875      
   64.8360631520937559471360124174249208      
   65.7151799738009962111801216287509229      
   66.6057183987275973568533076589587650      
   67.5077919786133667987353852640918059      
   68.4215133487092935140041069353093741      
   69.3469940959038137481559057700860879      
   70.2843446210467099390302757672127640      
   71.2336739954712425289583830563829098      
   72.1950898117510347725521972649691397      
   73.1686980287691507814761994641976653      
   74.1546028112230582008374586169772835      
   75.1529063637410407857969177578756957      
   76.1637087598434013084401018245006271      
   77.1871077660456123137528688784609086      
   78.2231986614705255906036796172527218      
   79.2720740534128694799317009596029748      
   80.3338236893812912859526730001108919      
   81.4085342662308837955666210004273769      
   82.4962892370918813710418559482473711      
   83.5971686168972243654814062669249153      
   84.7112487874119701716034587925321558      
   85.8386023027696002462901907012679653      
   86.9792976966225023513436990331831228      
   88.1333992921141204593531416748464139      
   89.3009670159759650190944604733039953      
   90.4820562181408477455185340392462447      
   91.6767174983409369331061519571152780      
   92.8849965412215732866522311427618689      
   94.1069339615448329051814175884128543      
   95.3425651610755423889088970388700898      
   96.5919201987314499398340348126821289      
   97.8550236755325149066780677238689403      
   99.1318946357951286190222554361840985      
   100.422546485878416412778653971376510      
   101.726986931593647022347984727290708      
   103.045217935125466170289685599365779      
   104.377235691975478174350859982547674      
   105.723030628013597455430491191361754      
   107.082587416197961708404806750448138      
   108.455885011885270118601743146961386      
   109.842896704882813898808676148155254      
   111.243590185470297225269074800800657      
   112.657927620518920776077036021434223      
   114.085865734527123495240258999408235      
   115.527355888841280182421824929451253      
   116.982344150493923511137413611395698      
   118.450771339924086659683173548595064      
   119.932573044292089754158569466496970      
   121.427679580110753146205588881601556      
   122.936015885437093387913546764661177      
   124.457501317867727280862064289990491      
   125.992049330052067499218431587924252      
   127.539566989428969201405837350075765      
   129.099954303542739376400073686286598      
   130.673103306879302290152309024293105      
   132.258896860159936610368254121634363      
   133.857207109195405893767580477986114      
   135.467893548861945473307813298119448      
   137.090800640086541899374551083597121      
   138.725754935997107092477786159761813      
   140.372561690149855674738474684904823      
   142.031000947835633874602086235304589      
   143.700823163626334153473582232197965      
   145.381744446464016660926232502324154      
   147.073441607734200187262331495973673      
   148.775547274662277624363804768010599      
   150.487645423152543882469222547322927      
   152.209267767447233899751841652693754      
   153.939891500103900174292229679919027      
   155.678938883284295728333899478337847      
   157.425779131495456042547732844157258      
   159.179732885337999729033951509723772      
   160.940079359067244788398892802603978      
   162.706065974369270650077204229965145      
   164.476920008994004900364803684307606      
   166.251861541833946373019315300199689      
   168.030116813240148468161311485236357      
   169.810931072265053241592619584198001      
   171.593580057741332051364848933074014      
