   78.3957450000000000000000000000000048      
   78.3952469932932905830851469046753828      
   78.3952301132994361461866702647426513      
   78.3952126611562739047160525035910469      
   78.3951946174707381239244642086154309      
   78.3951759621924329046075597832830696      
   78.3951566745913519025653613847090968      
   78.3951367332348428554241213508881980      
   78.3951161159637913194799727630018374      
   78.3950947998679971515994263905789297      
   78.3950727612607163741787814338368449      
   78.3950499756523401337264915943580780      
   78.3950264177231815047588849579708724      
   78.3950020612953398993248621501533956      
   78.3949768793036118174976627007096498      
   78.3949508437654156144525251493547492      
   78.3949239257496968641104972592036332      
   78.3948960953447797665532898688287247      
   78.3948673216251288752431555685052315      
   78.3948375726169842092138900234856696      
   78.3948068152628315634886660478439772      
   78.3947750153846685366363781125616545      
   78.3947421376460254561622046471704842      
   78.3947081455126989988531429500874306      
   78.3946730012121548727278889075751251      
   78.3946366656915544482830612143978456      
   78.3945990985743586976409692595215046      
   78.3945602581154612192887526344226289      
   78.3945201011548004915980430534129692      
   78.3944785830693998084120363165998478      
   78.3944356577237816028051697507030629      
   78.3943912774187010587179865817480525      
   78.3943453928381420425389330603442505      
   78.3942979529945164557704393517042973      
   78.3942489051720061135329998947063485      
   78.3941981948679841896096836910464923      
   78.3941457657324511347209671311146423      
   78.3940915595054177683746468988477005      
   78.3940355159521659635061366303053029      
   78.3939775727963149846758553552081878      
   78.3939176656506191022019372398402013      
   78.3938557279454195835685593695599609      
   78.3937916908546715569613846254029896      
   78.3937254832194635469455832883501664      
   78.3936570314689446961240903306610442      
   78.3935862595385718059981356532713956      
   78.3935130887855853519976714091359754      
   78.3934374379016205484466360283026594      
   78.3933592228223563556553855131637159      
   78.3932783566341020298524585626242038      
   78.3931947494772174136225842874353212      
   78.3931083084462596461259781776063247      
   78.3930189374867453347258172964190131      
   78.3929265372884134687041338636403815      
   78.3928310051748704673220008969394449      
   78.3927322349894947342569328295712570      
   78.3926301169774739339615600058697336      
   78.3925245376638439081141100758221579      
   78.3924153797273937072977399597902457      
   78.3923025218702966194151482380972677      
   78.3921858386833223270126529091219552      
   78.3920652005064804153765189935217893      
   78.3919404732849403765173576903976292      
   78.3918115184200680053345414365578490      
   78.3916781926154126575192207296918686      
   78.3915403477174742280814268919856060      
   78.3913978305510729085392415972878682      
   78.3912504827491387833401260304161496      
   78.3910981405767321253317597364358182      
   78.3909406347490988391717783198154147      
   78.3907777902435588733387072934478228      
   78.3906094261050185685147878452755584      
   78.3904353552448908249402500278519191      
   78.3902553842331996460147685514700868      
   78.3900693130836380418053336231983857      
   78.3898769350313404457946754672731555      
   78.3896780363031227024695294526420504      
   78.3894723958799343132073252692942973      
   78.3892597852512589740723108416764126      
   78.3890399681611904919614031065109450      
   78.3888127003459019151039720904040420      
   78.3885777292622161499390978561060936      
   78.3883347938069764482409626746985955      
   78.3880836240269049250500993567280726      
   78.3878239408186266981349226166894917      
   78.3875554556185263116089769649709940      
   78.3872778700820918078211853728812615      
   78.3869908757523901301640174550709462      
   78.3866941537173054620272985780027082      
   78.3863873742551596203427571129846253      
   78.3860701964683207121408683958908944      
   78.3857422679043929149313019936319201      
   78.3854032241645664416892622901734574      
   78.3850526884986924834474458098009464      
   78.3846902713866331711026624184861091      
   78.3843155701054213466554298118922815      
   78.3839281682817491657624926709235414      
   78.3835276354292882506742412723006982      
   78.3831135264703272572355007915891693      
   78.3826853812411952929191828672567313      
   78.3822427239809216054730322915955467      
   78.3817850628025633336689888496185012      
   78.3813118891466138521527222292878105      
   78.3808226772158843300962695596104731      
   78.3803168833912305361325900220857510      
   78.3797939456274756370204375588615673      
   78.3792532828288577309990172760074978      
   78.3786942942033081043905152139214738      
   78.3781163585948426764119878870722432      
   78.3775188337933247762265176101070873      
   78.3769010558208322509712225691572934      
   78.3762623381938359059048561202859288      
   78.3756019711603693990314466477302222      
   78.3749192209113429227106339908542507      
   78.3742133287651242729795853677729804      
   78.3734835103244812016584604163807128      
   78.3727289546049482337820041749076490      
   78.3719488231336493793657860354178981      
   78.3711422490175753386919004673773111      
   78.3703083359802798577046420542091086      
   78.3694461573659247970242772775495140      
   78.3685547551095671955206342217834237      
   78.3676331386725440970201233747374970      
   78.3666802839417721248657195201797884      
   78.3656951320917386906122148942583324      
   78.3646765884079202655607526716499904      
   78.3636235210703202810490262269439597      
   78.3625347598957749077868539857083065      
   78.3614090950376291468169674529235783      
   78.3602452756413382939745007285724493      
   78.3590420084545008633768516153178858      
   78.3577979563897784190751008106859326      
   78.3565117370391054112711497528072947      
   78.3551819211375379862760864765779712      
   78.3538070309750347775080783168872480      
   78.3523855387544048261166992920695991      
   78.3509158648935979599816186500593898      
   78.3493963762704511123943630724413553      
   78.3478253844079401179666783623309244      
   78.3462011435979204121626502852752560      
   78.3445218489612717088605674822277785      
   78.3427856344422910615608328087479810      
   78.3409905707351056497399049356157457      
   78.3391346631398010912174109385327163      
   78.3372158493458829803124044605028949      
   78.3352319971406086032282272759496602      
   78.3331809020396422967948830634149759      
   78.3310602848374016016432053963801656      
   78.3288677890743721201719006587967009      
   78.3266009784185767241312412984876873      
   78.3242573339582893637590191843263580      
   78.3218342514029851041634304235478315      
   78.3193290381894160454589925614987258      
   78.3167389104895973577158031701708372      
   78.3140609901173786629292045797608900      
   78.3112923013301633028351716920627337      
   78.3084297675222215182600254283169057      
   78.3054702078059231033303652212622162      
   78.3024103334770905524209466785175390      
   78.2992467443605449507879600328003552      
   78.2959759250317837283351761693925725      
   78.2925942409105917519531338425502612      
   78.2890979342222449224049968483243802      
   78.2854831198218183086706424833563268      
   78.2817457808769587325066348057561130      
   78.2778817644043244396959439930117392      
   78.2738867766547318872799887402871858      
   78.2697563783418815572954265354524615      
   78.2654859797093608903631664720330231      
   78.2610708354304427237492535411510737      
   78.2565060393350118185417185906377614      
   78.2517865189577599629006711389571933      
   78.2469070299015915294791948738012528      
   78.2418621500099760243830433860732587      
   78.2366462733417718642602339372615616      
   78.2312536039418261213758052683956587      
   78.2256781494004280399243967914624257      
   78.2199137141944594981887920312063321      
   78.2139538928028430097435153581945550      
   78.2077920625886370531691210647618239      
   78.2014213764398692149883489306113949      
   78.1948347551609295366167683225968205      
   78.1880248796060692751281791485579345      
   78.1809841825462637115614846258170292      
   78.1737048402604013508936541001961759      
   78.1661787638414555254316014664798323      
   78.1583975902079776978334972608634945      
   78.1503526728109243093184669903139842      
   78.1420350720254904689950578515324347      
   78.1334355452172737554321952074997198      
   78.1245445364717295126591350707417584      
   78.1153521659755048675770975104601429      
   78.1058482190378518585283393501741344      
   78.0960221347399201156394410692273256      
   78.0858629941993160281054728189739311      
   78.0753595084368878123174245018278257      
   78.0645000058322538825892226626731091      
   78.0532724191541349320427295867238458      
   78.0416642721510776471409788500414087      
   78.0296626656876694803906374215438225      
   78.0172542634108388490374057957388883      
   78.0044252769303129519267039661602494      
   77.9911614504967655218476503841604688      
   77.9774480451606286567045293812483635      
   77.9632698223939657795159281975095778      
   77.9486110271572061232533071290175889      
   77.9334553703919242588876829352180799      
   77.9177860109202103982322859783958532      
   77.9015855367305177985328985587685022      
   77.8848359456291918405264351169225598      
   77.8675186252361804882862299900112052      
   77.8496143323026970843453778492737269      
   77.8311031713278529775347625711552310      
   77.8119645724504984864391990550394734      
   77.7921772685917053027337716127049170      
   77.7717192718224907409427397389505489      
   77.7505678489305233190599370969636707      
   77.7286994961586590513137219636743724      
   77.7060899130872375610561628695524171      
   77.6827139756311156556846872656412976      
   77.6585457081214322893824688367555952      
   77.6335582544410817801722581626923120      
   77.6077238481818206151466526807228679      
   77.5810137817898460032881781586913420      
   77.5533983746655603109415510898380727      
   77.5248469401820733917165193609410423      
   77.4953277515857933090150794853559845      
   77.4648080067412137103529315460500666      
   77.4332537916807217677883685061435732      
   77.4006300429189227209004248390113071      
   77.3669005084896041723155554174062824      
   77.3320277076620438651977499732744384      
   77.2959728892918971401107922354756489      
   77.2586959887603829944912418246705612      
   77.2201555834539189656203581515204464      
   77.1803088467347331842885923080721978      
   77.1391115003513050990586967676682327      
   77.0965177652357526868167692108927957      
   77.0524803106334915176604904235006654      
   77.0069502015086378393175329919557320      
   76.9598768441667118289096569023584097      
   76.9112079300342161988740445203988252      
   76.8608893775326172379513684909114792      
   76.8088652719821378414659890476961906      
   76.7550778034685827846322546847230452      
   76.6994672026041529855407855097200467      
   76.6419716741108652755691053848369275      
   76.5825273281527746437269400445395324      
   76.5210681093406943592487194700592239      
   76.4575257233305230238133889067658354      
   76.3918295609336135871129680057912937      
   76.3239066196548547057005549175486407      
   76.2536814225712764630036665558833156      
   76.1810759344610372218380290647493857      
   76.1060094750895929657888561413390811      
   76.0283986295566915072214024693662209      
   75.9481571556045678871389172016235445      
   75.8651958877843405363407513847201518      
   75.7794226383741165560480273052370923      
   75.6907420949387049298761151521348838      
   75.5990557144171045867638300349386149      
   75.5042616136200758492878405920288616      
   75.4062544560161146362056552338237173      
   75.3049253346800244092650946144882038      
   75.2001616512740166792249175151375033      
   75.0918469909268621762391987377267410      
   74.9798609928720566462471384546635071      
   74.8640792167012525927073495390357390      
   74.7443730040843359051672398660756573      
   74.6206093358024887885094234991269525      
   74.4926506839353721314969317150137573      
   74.3603548590381756429390345066487683      
   74.2235748521387167547431566656267080      
   74.0821586713790132568117144050893673      
   73.9359491731198034929998281360694118      
   73.7847838873203350971854573848058325      
   73.6284948369993818467843395353857600      
   73.4669083515768711888895732593472053      
   73.2998448738887050431507050083973627      
   73.1271187606603260493289601303794295      
   72.9485380762173126938547327554375357      
   72.7639043792037716415520924280517089      
   72.5730125020715257650895133346499880      
   72.3756503230950631717184380783804571      
   72.1715985306589070478751641606067561      
   71.9606303795554791480823982662845347      
   71.7425114390226517033065937382242760      
   71.5169993322410035500910341950012866      
   71.2838434670013061855883593035486307      
   71.0427847572429536895321345677481910      
   70.7935553351539061192455740638430520      
   70.5358782535122278054596705038899327      
   70.2694671779384583003922270111754275      
   69.9940260687168425055787283783955698      
   69.7092488518318552772766637978967374      
   69.4148190788544716915501835662514081      
   69.1104095753002438324647322150595082      
   68.7956820770684346768860260604912929      
   68.4702868545582151532109707809006651      
   68.1338623240442370314903394014721709      
