 0.49300057495725E-03
 0.26351509978790E-01
 0.28256486916873E-01
 0.30298522977573E-01
 0.32487514480523E-01
 0.34834066990610E-01
 0.37349555031555E-01
 0.40046172712921E-01
 0.42936994390073E-01
 0.46036041030352E-01
 0.49358344981958E-01
 0.52920028182306E-01
 0.56738377781184E-01
 0.60831933481199E-01
 0.65220576771020E-01
 0.69925629587079E-01
 0.74969960399183E-01
 0.80378094577300E-01
 0.86176336550284E-01
 0.92392900460919E-01
 0.99058049268192E-01
 0.10620424297402E+00
 0.11386630145796E+00
 0.12208157781894E+00
 0.13089014089345E+00
 0.14033497832822E+00
 0.15046220957477E+00
 0.16132131572038E+00
 0.17296538720667E+00
 0.18545139174442E+00
 0.19884045707931E+00
 0.21319818280753E+00
 0.22859496885033E+00
 0.24510637155754E+00
 0.26281348783673E+00
 0.28180336526241E+00
 0.30216944933754E+00
 0.32401205610795E+00
 0.34743889053365E+00
 0.37256559717793E+00
 0.39951635839712E+00
 0.42842453628299E+00
 0.45943336479907E+00
 0.49269669698052E+00
 0.52837981069575E+00
 0.56666027306900E+00
 0.60772888351110E+00
 0.65179067982574E+00
 0.69906603246117E+00
 0.74979182305501E+00
 0.80422271829826E+00
 0.86263254713704E+00
 0.92531578953744E+00
 0.99258918818320E+00
 0.10647934895336E+01
 0.11422953328614E+01
 0.12254892934985E+01
 0.13148000981009E+01
 0.14106850267689E+01
 0.15136365188006E+01
 0.16241850005720E+01
 0.17429019579161E+01
 0.18704032741997E+01
 0.20073528585684E+01
 0.21544665981914E+01
 0.23125166564038E+01
 0.24823361594117E+01
 0.26648243064335E+01
 0.28609519449425E+01
 0.30717676610306E+01
 0.32984044370047E+01
 0.35420869351894E+01
 0.38041394749311E+01
 0.40859947780241E+01
 0.43892035671672E+01
 0.47154451118712E+01
 0.50665388288346E+01
 0.54444570620625E+01
 0.58513391778104E+01
 0.62895071360003E+01
 0.67614827192381E+01
 0.72700066268686E+01
 0.78180596756152E+01
 0.84088863866989E+01
 0.90460212820792E+01
 0.97333182702028E+01
 0.10474983570960E+02
 0.11275612711537E+02
 0.12140232237281E+02
 0.13074346923695E+02
 0.14083993467729E+02
 0.15175801904861E+02
 0.16357066374627E+02
 0.17635827416238E+02
 0.19020968795675E+02
 0.20522333121758E+02
 0.22150862414966E+02
 0.23918772708165E+02
 0.25839776154175E+02
 0.27929370514487E+02
