   64.3423686199492915826010369887640195      
   63.9224526524243732581412187622188556      
   63.4822503050578581799263339103815039      
   63.0203276362108264666878429861306476      
   62.5351101507168938254219511211933883      
   62.0248609043043096304738370164097380      
   61.4876550975781362399914043746180526      
   60.9213504533428241405968422119910165      
   60.3235524598473138043838566369184251      
   59.6915732873259406400211409240247852      
   59.0223828227225540815188884987247860      
   58.3125497849873526006982460200940717      
   57.5581702345643496776895212816786157      
   56.7547799093860547559000458445819518      
   55.8972456094455242305970516443737007      
   54.9796291691264247728199243474068632      
   53.9950151778721744278439657314142306      
   52.9352901690264117466067337580592941      
   51.7908558454264616814293093825847253      
   50.5502507946787762721884688999448628      
   49.1996414501271047670085372479426024      
   47.7221180135950254279816526303417384      
   46.0966817527046079390727466837016049      
   44.2967079331971623358876065516357755      
   42.2874521617256319517968509942874770      
   40.0217042398618423388053872366902583      
   37.4316593672162453946910259074869982      
   34.4124716413999226949057201649417494      
   30.7848711639869271421007308133673397      
   26.1911634094028924844676890012728109      
   19.6675481988231127148334333680846702      
   9.14276095286788999224618489757356252E-0003
   1.15106849215297544096522856565166167E-0004
   8.85571334615551486923724499767347402E-0005
   9.50795773776379360516940718443203861E-0005
   9.51614342324335038767243639604276967E-0005
   9.30897297083891398636162309456354087E-0005
   9.30329275922798910224009573004363333E-0005
   9.37892171479164367005819624783089642E-0005
   9.49901714988085573091163711994959285E-0005
   9.61060624590562057839010619846929717E-0005
   9.64447254952947473559933295769070404E-0005
   9.74295193867696386702375985792490654E-0005
   1.00515605247786596227380343865281896E-0004
   1.02507492920058064046728674322688205E-0004
   9.66962296513955319827086837990591038E-0005
   8.16422038622541273372601369831243682E-0005
   1.02500210708822885033611314513482809E-0005
   1.02321617747826491430731951287938084E-0005
   1.02177031532589012098238220665154928E-0005
   1.02058569110362672110226709843572334E-0005
