   4.24083832974935905047459905169343226      
   4.17757535775470945874697446111556458      
   4.11488668107051181111484500884186946      
   4.05265127998087497141605270057585969      
   3.99074650249450994235831992975984133      
   3.92904675402677707695837614772988343      
   3.86742206872606537880206651964414161      
   3.80573652519116219317538667113561233      
   3.74384645951510149719939444228136178      
   3.68159841555327071902694739870393126      
   3.61882675485572559638257111144855760      
   3.55535082511352683058431085160840657      
   3.49097155379534625900116364893969549      
   3.42546728931608614372033375077075544      
   3.35858865028006192538258878907543723      
   3.29005205602060620266858766986854062      
   3.21953148610192040214732518944671801      
   3.14664783159757023982305810721641426      
   3.07095491960989939042076236225730434      
   2.99192084377576976755152560947205381      
   2.90890247267956071866182053342553544      
   2.82110962308112319978562200300903581      
   2.72755268430919204317474070537560858      
   2.62696193085563523836312243314938726      
   2.51765499321261074305386252260639785      
   2.39730339436773336298936445925292365      
   2.26249047890306742013443826115125381      
   2.10780098131628690356851871555541905      
   1.92369905196493051897586460537179036      
   1.69042835370903340372412144328927572      
   1.35176614884685399385459634329056378      
   1.04586110443500551766364021323889458      
   11.4162046640507469415249525477209929      
   18.7767003486611747777996571986448831      
   25.0778197424645069028363726119514583      
   30.7353597884399916725944507386827356      
   35.9385532865636498813834856557682565      
   40.7952064782473182393831168937384830      
   45.3744721028450192962776631865835186      
   49.7240273251163946075663615489296879      
   53.8783218308758059502822042673971985      
   57.8630216830923176234327039542488582      
   61.6975799711344255394312603570299264      
   65.3967608453056983579034393481916702      
   68.9714737394693176964468309769518475      
   72.4289670895532082302606397221168919      
   75.7718198115723349440470095481926691      
   78.9877343729097360468346758254632707      
   82.0799695320569082245611696541239499      
   85.0909391256689142170975659904928686      
   88.0256949770276060272586267499818335      
