   72.4479686713211523636435429302469931      
   72.4427898225568931458862647503594020      
   72.4341425365726917309737562754846560      
   72.4220180478594685623095649730071513      
   72.4064090238150325794086805182087130      
   72.3873103889291124637446518897559162      
   72.3647199978901908710133609822617509      
   72.3386390540435920649907684789645596      
   72.3090719855379144369163748418788942      
   72.2760253162787587572699933060582901      
   72.2395051468436272854935077560493357      
   72.1995131927652468880341477224063714      
   72.1560417039656003209217592766732909      
   72.1090679215200436581465702248862479      
   72.0585490258111716568872608987940476      
   72.0044186849710093137979983500188279      
   71.9465861453127840994080711441692259      
   71.8849382842340704901472300995342157      
   71.8193443542925210144009225290912133      
   71.7496625534507656604694950099572592      
   71.6757472505873511451131995477797571      
   71.5974557177128710666535964139147067      
   71.5146534907469333233522265211404750      
   71.4272178687216109334332814463047060      
   71.3350394468894372454648945386660392      
   71.2380218839451820554903214418869824      
   71.1360802947522273163623158357383525      
   71.0291387400761463690027075258085806      
   70.9171272765278713851844974181399459      
   70.7999789630775757003945300379715759      
   70.6776271235587321291879079086867775      
   70.5500030601318046860739032114612156      
   70.4170343161265939394867965103304611      
   70.2786435068241557648193562266650765      
   70.1347476771183862447452688084185940      
   69.9852581055228761506729837013185993      
   69.8300804523626948944205678283920343      
   69.6691151428275588960551406599597504      
   69.5022578791833700711758631229159567      
   69.3294001873710543104645574683669747      
   69.1504299184673619400824268105750790      
   68.9652316426350859262783488343554419      
   68.7736868904422451442166207115841606      
   68.5756742125151598629359226361777263      
   68.3710690426140921307169530792023808      
   68.1597433609467794362930970334644943      
   67.9415651637241144180043455949986776      
   67.7163977516694452271601200339209583      
   67.4840988546098650957504632850375506      
   67.2445196116805756236640921763664485      
   66.9975034273748693840238033241536960      
   66.7428847229937592433379962542872766      
   66.4804876012991263225597220164160902      
   66.2101244396272171376757250491645881      
   65.9315944236196583753729681111223957      
   65.6446820302660844017992286022069910      
   65.3491554652910275358418738185969514      
   65.0447650561546575665609897554331637      
   64.7312415981575523363182732137551288      
   64.4082946473673607066007356081850123      
   64.0756107503303457205222051819644563      
   63.7328515967603536150936023434227739      
   63.3796520775581796008297359584869652      
   63.0156182265266717614320747423562103      
   62.6403250199000956321035886846151837      
   62.2533140031708186991820499474754114      
   61.8540907095062402585640107841662561      
   61.4421218281049648072939490912370007      
   61.0168320739004058115083166783779498      
   60.5776007017826908752202009926034940      
   60.1237575986083412738202598890974736      
   59.6545788742303651806466127767436145      
   59.1692818580302262210228104116494562      
   58.6670193892008140514423746324044261      
   58.1468732663479257349586002461023763      
   57.6078466935591818956558423120456361      
   57.0488555242454959812171621095557179      
   56.4687180585295646380289999254539755      
   55.8661430916901111180948723554796240      
   55.2397158360209220101001673214479922      
   54.5878812407062398216556221069669135      
   53.9089241059849319853895676392719052      
   53.2009452177367628896622555489240066      
   52.4618325006174438870466956151149600      
   51.6892258787295876665036967429562833      
   50.8804741082894851767789368221447625      
   50.0325812555704895555409741611420554      
   49.1421396573958611251075818646855099      
   48.2052449989344808688804647636647707      
   47.2173873807946125662325620947129331      
   46.1733096080653332439994736116147617      
   45.0668198866816097405009895163849631      
   43.8905397360227591946084564988143206      
   42.6355575655853895100549423372636441      
   41.2909409205962189683366766045768823      
   39.8430298077984522708912177472513954      
   38.2743772313661764496703326551240466      
   36.5620935527159853015800066996288207      
   34.6751234008686425637834038495571150      
   32.5694691070688676230170348564789307      
   30.1790843607098159868827211048965163      
   27.3964453729137541078484397992674933      
   24.0237404755628222518647440768355405      
   19.6122810547210896915548405172567316      
   12.4969154203888685539422914208892828      
   1.21232266790021159164383114898838292E-0004
   1.18126846273478076596481184240355245E-0004
   1.15772643250446561258305781759862638E-0004
