   5.75746211497591581727374165743464001      
   5.76267846008180035161947921958018475      
   5.76831023806734321022616506687285312      
   5.77435713371429707284981555961683967      
   5.78081768890735901039915497365751036      
   5.78768937536510831981464903323804942      
   5.79496866632977596582443536077304513      
   5.80265110626362599495766374387643572      
   5.81073137778249085787905990446664538      
   5.81920336521631245764728038086875485      
   5.82806021432395837854445078408195963      
   5.83729438780396419433619833842545940      
   5.84689771633683571974036270754547439      
   5.85686144496784873400199992464426085      
   5.86717627469448772142294199045463586      
   5.87783239915996154224060406496335927      
   5.88881953637573064027953777967882607      
   5.90012695540122836825582960075198987      
   5.91174349790021697181486444945313521      
   5.92365759446894614143767859091065819      
   5.93585727559225337787795917163025760      
   5.94833017702862496804603417019089828      
   5.96106353935266920907770351669507019      
   5.97404420129069183958171687839168258      
   5.98725858636862608469474082009795970      
   6.00069268224713013695352763281385003      
   6.01433201193827653981924467611096275      
   6.02816159587417695897509994530619638      
   6.04216590351682081780575323440031376      
   6.05632879284409865630153856860418810      
   6.07063343559694314678493324517798052      
   6.08506222559564400471952625241967745      
   6.09959666668666000274668735573662556      
   6.11421723590640664711671521964236500      
   6.12890321616043473556347895201765410      
   6.14363249099692761526612229771249852      
   6.15838129173016144705692902391682538      
   6.17312388399044394328416460370756472      
   6.18783217636687348594333077367136103      
   6.20247522760109547280186322105545691      
   6.21701861990910769096615851100765848      
   6.23142365307947756680124564830862034      
   6.24564629480825091448224426667839873      
   6.25963579364198277945214779165889487      
   6.27333281574755488340176491584525015      
   6.28666689476829272080912854256521878      
   6.29955286590790523685510260015835403      
   6.31188575491760063320850103745427371      
   6.32353323928433970821202985856896836      
   6.33432414826865477859282349953091502      
   6.34403020823059533076100043499077429      
   6.35233564795810123649268862847170661      
   6.35878354453571182364880196377948292      
   6.36267387212529881660432484502802062      
   6.36284998931484248583879912931986842      
   6.35718527813024132852936163736367878      
   6.34104950198933809210802465565308669      
   6.30046516051315830704311052993116521      
   6.08163338907565637769663537771632949      
   6.76642074174766147854570492583828730      
   6.89496868191529067098763593996406837      
   6.99164172289021983088965491060686721      
   7.07568998040022896279985565187039591      
   7.15294816641243214041112432611508050      
   7.22589624451843607839614681918236948      
   7.29575742263584930636644363406621368      
   7.36316984306505931246746846954962541      
   7.42844612114929279971563944035030770      
   7.49167532923228700286820079761496498      
   7.55275534688313326800186404419002264      
