   1.04114361321874516213321951663637469E-0012
   1.40389792759602577862536651392131095E-0012
   1.89304277151083295506651325276972033E-0012
   2.55261501874700848727438964883341271E-0012
   3.44199483075203381140163098433433825E-0012
   4.64125155102282939794068632347792361E-0012
   6.25835221116974399747774370884295935E-0012
   8.43888161813200746684367033810092633E-0012
   1.13791491053737925261917758088740057E-0011
   1.53438619264564825490802175346514043E-0011
   2.06899563963862031507703175795870846E-0011
   2.78987322576371753189059433348541259E-0011
   3.76191832728692056246839508304100971E-0011
   5.07264250234996121076802344998339324E-0011
   6.84004800689143876946823150420892799E-0011
   9.22325133594674986760844867651957468E-0011
   1.24368082095821555525052573983602136E-0010
   1.67700296574486743325838519186914271E-0010
   2.26130281960146774386480511455203394E-0010
   3.04918389912704202426041403417547295E-0010
   4.11157779051201446955551764541929363E-0010
   5.54412999893888041444110727399287326E-0010
   7.47581074984508729671325467660467691E-0010
   1.00805259577600110245345507705276462E-0009
   1.35927736783838570132496174778670342E-0009
   1.83287555675141796967318436857628647E-0009
   2.47148439753632947419530652142179295E-0009
   3.33259675200848189957737399252506770E-0009
   4.49373709280486279105114982355709678E-0009
   6.05944089907668026548001574584668596E-0009
   8.17066580690540816100448637870186106E-0009
   1.10174817842197063092223021017206569E-0008
   1.48561828049588121928428814992489280E-0008
   2.00323605572437082449214587801293844E-0008
   2.70120174720430830671636496907724734E-0008
   3.64235201250967619425519708813388921E-0008
   4.91141700051249266296840364746231789E-0008
   6.62264846178401827981449682945948372E-0008
   8.93010563831041221115342375541049419E-0008
   1.20415249535834662261254183295550914E-0007
   1.62370221675459566940913790905460041E-0007
   2.18943107194177490592947179110648572E-0007
   2.95227066226799980365121033173484534E-0007
   3.98089813147592084951677202026181888E-0007
   5.36791905150527040331981491079949451E-0007
   7.23820454376465665797375807138282336E-0007
   9.76013321264292943897808262853964727E-0007
   1.31607499833086902289317310990617486E-0006
   1.77462065680410645102828925676058459E-0006
   2.39293237813191173021581374971736657E-0006
   3.22667570917615636692747732535688133E-0006
   4.35091113619990284796121970015273307E-0006
   5.86685165208055504605162468559201822E-0006
   7.91097478896864137736139445338433678E-0006
   1.06673094571095070140377650760889837E-0005
   1.43840037529146255262623987371224787E-0005
   1.93956653077096599049737327766153420E-0005
   2.61534854405515877302990729291620324E-0005
   3.52658591410760267508028149270771299E-0005
   4.75531578299640132728153231407334909E-0005
   6.41215859949831127814769622826851425E-0005
   8.64627708892393021063673894902128185E-0005
   1.16588051181859357011537965177996587E-0004
   1.57209554338670188668226768589540379E-0004
   2.11984364819787187791030816238041447E-0004
   2.85843765139374837493166098026962308E-0004
   3.85437190797136391136779495665585780E-0004
   5.19730867584782605695868551312418395E-0004
   7.00815025560417951215281154040540458E-0004
   9.44992361784496764572209701659580479E-0004
   1.27424574425602680503973030501867908E-0003
   1.71821729192439446932463246780842797E-0003
   2.31687700396574146741339948655826679E-0003
   3.12412119045387377222265843461534530E-0003
   4.21262466498512830780316757704511338E-0003
   5.68038353386120959286404326060915419E-0003
   7.65953761795093937121478603009215734E-0003
   1.03282667747834181386804245796719010E-0002
   1.39268321264060837048669550319958561E-0002
   1.87792063573187316820357617465856731E-0002
   2.53222404212153219934812666800952193E-0002
   3.41449924852619285228744581056081492E-0002
   4.60417598295055602657452080685336160E-0002
   6.20835880726248288524612107696366259E-0002
   8.37146955773248900855983697250355524E-0002
  0.112882493959693626403987403475181271      
  0.152212910226621101399273134145333402      
  0.205246794493486019651306281011048844      
  0.276758696664638514683570241095764829      
  0.373186710996065395866486346040161698      
  0.503212086711113507942583721670136242      
  0.678540786021780420032833290870544145      
  0.914957351887643395231912235957061274      
   1.23374596342448513560507744133695272      
   1.66360661415082897200267834236990900      
   2.24323892332295604704999508613982952      
   3.02482619647417658903637035976999982      
   4.07873339917042012593156746359540255      
   5.49984199452509416274041233101249264      
   7.41609195906111601308424310377876642      
