   4.42626432022500122646849632621036334      
   4.37254456765364861686973968098534863      
   4.32002129333716743145157366910350937      
   4.26863103407321168644573708899340311      
   4.21831402142351925028810169075423728      
   4.16901381837294036735310444774702395      
   4.12067699402074842415851316610875217      
   4.07325283184256610949976849626633583      
   4.02669306753937005272556083609489291      
   3.98095165291321974597034472257398408      
   3.93598454258409500139851680223999580      
   3.89174950069498996891114887940744448      
   3.84820592504737589003349077625493163      
   3.80531468637022719894140950519482749      
   3.76303798065616529067123955503460702      
   3.72133919270053712698711246375660778      
   3.68018276915526670033331552725132981      
   3.63953409956143204024196169781673950      
   3.59935940395363338892467608982695820      
   3.55962562573678662176776096785555643      
   3.52030032862292214791530509251768948      
   3.48135159648205108311249217882505938      
   3.44274793500806413564998831625885764      
   3.40445817412717191518217056422484298      
   3.36645137008240907180394740126309362      
   3.32869670611220219917493055871730213      
   3.29116339060221671222109519035546987      
   3.25382055152544861507697705803803381      
   3.21663712589273112274902716350907171      
   3.17958174281041026791245516884345658      
   3.14262259857827887078154744061698066      
   3.10572732205224047828862878038240908      
   3.06886282823268863482373017206030651      
   3.03199515771063494728872050060839967      
   2.99508929919220007246063600598472599      
   2.95810899180934979751350123860197262      
   2.92101650328441159258134162525059768      
   2.88377237921264923018222304168243582      
   2.84633515771699400792310773676110657      
   2.80866104245078968991483879721817806      
   2.77070352529699336074184183847752798      
   2.73241294802713095263707167062468883      
   2.69373598949035814467413908163642042      
   2.65461506139677911487130561721781528      
   2.61498759115288490485291032430072658      
   2.57478516409607885794298359477775929      
   2.53393248928256326646641625394574398      
   2.49234614187246067837536918076297659      
   2.44993301990058910766760442570570675      
   2.40658843198756231435169135402845337      
   2.36219370254916792463952131152478554      
   2.31661313798677425590916773725330120      
   2.26969013435767667571941607049087052      
   2.22124211305857541844801373593406235      
   2.17105382767644388597409709073905859      
   2.11886836075784509976130536922747662      
   2.06437476775745826248166891266147207      
   2.00719072355021257716461132350993513      
   1.94683748582168521011449480997150249      
   1.88270260707142141304435928014941827      
   1.81398223980282633211541004761404740      
   1.73958760424878477286937180775477258      
   1.65798427222735963424739641738724172      
   1.56689465846676386049667526388818947      
   1.46269017024250300177577438077128557      
   1.33896548172292874124286788890212948      
   1.18240564938329894297204856904976561      
  0.955072172199505132041200212498408387      
  0.274331496031784254465798474550554909      
   5.97873880497915124409124227739621522      
   10.5280293063767201440903530249770413      
   14.7438143390092125556871113144150621      
   18.7709477984440353020345891318218936      
   22.6705740756017682354416436585207507      
   26.4753488921273803952620084702442102      
   30.2050840451372840638523167683158148      
   33.8728610272942617137719171022495923      
   37.4878628421317705450495150288845972      
   41.0568147962170188128173160673713665      
   44.5847473468867349184284563066727577      
   48.0753960142827735738618878426824506      
