   4.42425831365350866889475944449370771      
   4.37040290715051030475652383973568899      
   4.31773815253517231746357927815480597      
   4.26620037716362693223779595070835330      
   4.21572960381170024355223355009458052      
   4.16626918646846796872952977679628222      
   4.11776548374218982069739189023756006      
   4.07016756548502682118233711074864454      
   4.02342694871480603391478020023447483      
   3.97749735932691650890509231166970427      
   3.93233451645543935952043263824762502      
   3.88789593666559117433020480751188574      
   3.84414075544489839420398371558708731      
   3.80102956371220762262411638535618788      
   3.75852425728457720838142936786533913      
   3.71658789743569952707395064304268174      
   3.67518458084699002862707287989643122      
   3.63427931739617792475857854394354553      
   3.59383791434931655043363883573305091      
   3.55382686562149266855069567208320237      
   3.51421324484971204429396430552120552      
   3.47496460107918318262790509867110391      
   3.43604885590088428442545790566349072      
   3.39743420089375131774678496717712464      
   3.35908899421809218346266660872858110      
   3.32098165517610147056714157495392406      
   3.28308055549882465708716129874139989      
   3.24535390603312496426704494475366887      
   3.20776963738351315948732900533893973      
   3.17029527290638949517989493394876254      
   3.13289779225151603485487517652527363      
   3.09554348338848736257896382837258321      
   3.05819778073232430642040367710970586      
   3.02082508657779183785129175883703792      
   2.98338857254564566553306531946658359      
   2.94584995711099966232545778757034425      
   2.90816925448973661852902004253190465      
   2.87030448915884346909664904997478682      
   2.83221136902110963315361356267152153      
   2.79384290861386264761241744579229038      
   2.75514899169741582161564070642656963      
   2.71607585989451775223857657999373752      
   2.67656551058440774974643263843872763      
   2.63655498270175833518013868624394529      
   2.59597550305358459875338870332191254      
   2.55475145767892765804687219410873285      
   2.51279914181530526925017204817551290      
   2.47002522699797715453948824420249063      
   2.42632486290614532311458857476089828      
   2.38157930205663184405896784031208389      
   2.33565289311068957915829898959650443      
   2.28838922673173811660797754497488497      
   2.23960612581396789812197960243243695      
   2.18908903155188244308092003865397635      
   2.13658211752703991159594825354766511      
   2.08177611140304495185576354091568714      
   2.02429121805419871178616591097940493      
   1.96365252731525589997727508475703185      
   1.89925346740471863085575295341568230      
   1.83029940526551100294580458862582311      
   1.75571650773925539004825371079062452      
   1.67399577073201780791247500239820581      
   1.58290580532723398477485202499271764      
   1.47891016619492148061740401209270629      
   1.35581460430183342632020805726254120      
   1.20091039291810811134255183888349755      
  0.979009599057424297404988828911692827      
  0.360101338058820344064507337515055870      
   5.74416975298725485730252681091662938      
   10.3725354824037181294445795857932567      
   14.6436703875129186699008452156961985      
   18.7150270190728568143278519775617799      
   22.6516935734982430796272451051539042      
   26.4881316584217419499317457845602867      
   30.2451582297801263071458771267034635      
   33.9364867725677337783249644963288006      
   37.5717321649866883012185224820305919      
   41.1579336856577053101515654602174144      
   44.7003625246920063133545487658802820      
   48.2029491794468380398408822138029138      
   51.6684974516201100733191287306520083      
