  0.799301947823435009087215423501567186      
   3.79446945138048965208139914092747808E-0004
   3.36888369857766295397003307771072354E-0004
   3.00489911898562035457521432105176533E-0004
   2.69534163964740847580538151465684925E-0004
   2.43358776168853517735297512281298985E-0004
   2.21398146986181130879401347942663001E-0004
   2.03118799405696574599388704903571667E-0004
   1.88050662581842106810711861631529094E-0004
   1.75730298888435496340253528032406155E-0004
   1.65791398316476389456903009697381913E-0004
   1.57830388001953574974175377026026833E-0004
   1.51511620986650452888857151679970279E-0004
   1.46574427349716391743342092338915558E-0004
   1.42725322285169274840561018155097364E-0004
   1.39762585241860933885714218794552081E-0004
   1.37508744865216087293532293392128555E-0004
   1.35816774329784341349631925215761888E-0004
   1.34531064596416711600091375415909920E-0004
   1.33598333844703963638346968111939681E-0004
   1.32915155013018760638656393088526157E-0004
   1.32441873433406411030027794285559308E-0004
   1.32123388846087270120673037228736740E-0004
   1.31904500479383381184171151001692565E-0004
   1.31799446632179489883374538735391216E-0004
   1.31746954831414624046013620252378396E-0004
   1.31753514702609237729546026563347546E-0004
   1.31783121898647695183606728898765397E-0004
   1.31856306433325244055737463389448338E-0004
   1.31953560063126395877096197542240392E-0004
   1.32082842490897130641710709660334487E-0004
   1.32200710049275531610382062740512848E-0004
   1.32344041945506928415416078930706271E-0004
   1.32489182096321738628381494049865610E-0004
   1.32626835801050802300501508080294809E-0004
   1.32790274199912769783900274659475386E-0004
   1.32941858256830685617049224534099461E-0004
   1.33101389919361926383339499013642998E-0004
   1.33269148668784170489822661173529272E-0004
   1.33433915785952655238846086687819269E-0004
   1.33600795042430466600601110596461776E-0004
   1.33766047039169692266218373234960709E-0004
   1.33924959936420978123712388320600113E-0004
   1.34084798132432120147297387124302473E-0004
   1.34264145910619630317487592257639716E-0004
   1.34412837079916550475112112623937985E-0004
   1.34570897334331665215675313257752483E-0004
   1.34747736017037507576122251058953896E-0004
   1.34906305017844771943339254355566520E-0004
   1.35066679255699737288520923721253355E-0004
   1.35209438309516273743925638525201984E-0004
   1.35379608716986604299090382666813411E-0004
   1.35525116785818243954777988643138611E-0004
   1.35681073745836040597121347054851407E-0004
   1.35832509737162765033563392476618493E-0004
   1.35982919359538502882867874123998384E-0004
   1.36115962918107148947998592313392585E-0004
   1.36276560430277736341911623458119870E-0004
   1.36407341451221843156051049942552145E-0004
   1.36529309004397162974223338450087542E-0004
   1.36654931656703665528511491962398523E-0004
   1.36778671673419989216782147348175371E-0004
   1.36893928422504946733542861873030870E-0004
   1.37003164561221400302694887115923353E-0004
   1.37109807564693777105827760124826838E-0004
   1.37205472273941772407428382154849415E-0004
   1.37306554934427349963133978208439616E-0004
   1.37375742198624467198255535802341046E-0004
   1.37447728383046543544131719211491013E-0004
   1.37494792632091879802746937411049943E-0004
   1.37527000513803506558791381353378744E-0004
   1.37549769825813994533543433673680122E-0004
   1.37551130732631588015423441611485485E-0004
