   1.75327929195063443076419353186184594      
   1.56077174482746735332590605529784945      
   1.55671604570766797315749564119715069      
   1.55267005383134770853156403164273787      
   1.54863368370204114318887126856993942      
   1.54460685678041262475979783034535750      
   1.54058948717653806754406853658087232      
   1.53658149159310788064421735796022655      
   1.53258278407365970801872277823406942      
   1.52859327482877008070971209318925929      
   1.52461287441052409472129354063136272      
   1.52064148804602617298756524779393140      
   1.51667901777545716347094709003489846      
   1.51272536342738262831254307692672871      
   1.50878041919110554800530975613229679      
   1.50484407649511238042397498211118024      
   1.50091621948831450186956058761843978      
   1.49699673002611107802619325675572461      
   1.49308548179679858189480944793655983      
   1.48918234429562476933181650429719389      
   1.48528717993386407750153090045850166      
   1.48139984335770637414253020887771621      
   1.47752018310097659396485895560092823      
   1.47364803906816516689904588500454165      
   1.46978324306829775693939671085382573      
   1.46592561741801211042436602129080617      
   1.46207497483880988317688170048861205      
   1.45823111772352289574497478913212020      
   1.45439383727546947729679498641428989      
   1.45056291262729969626524812003798735      
   1.44673811025650779697798404274805802      
   1.44291918289339674180556457324706571      
   1.43910586843718893432203201859928377      
   1.43529788910905170259032296133421322      
   1.43149495009729652724440468886270126      
   1.42769673864861452169808353329640550      
   1.42390292223926001216894627576790720      
   1.42011314739903074408285814159109083      
   1.41632703826555188402629637015396147      
   1.41254419479774042086686966085465811      
   1.40876419058618736821501045770835282      
   1.40498657155949271926930612582294144      
   1.40121085341285408642743682418095842      
   1.39743651913979930501453304911332611      
   1.39366301695194627246305816815447630      
   1.38988975739301636706502881727895831      
   1.38611611021904831850062341566499238      
   1.38234140138913684793442098132679599      
   1.37856490963544120440291014518828702      
   1.37478586263117366894386608224775446      
   1.37100343289823347897712064411928384      
   1.36721673342491827943941683746654703      
   1.36342481290661633716644507513787163      
   1.35962665044079172566423972181017473      
   1.35582115000013588776268936583239909      
   1.35200713406367826768909764849859560      
   1.34818333718293900645302578128386827      
   1.34434839849072794448415293390745683      
   1.34050085393271779821243083284582611      
   1.33663912750575229012474578674405021      
   1.33276152200386164779970345386405743      
   1.32886620875621887485570221544239700      
   1.32495121645425232594873648719493721      
   1.32101441913923799982838826702109982      
   1.31705352286824844433701707798481609      
   1.31306605142454135142747755448878300      
   1.30904933055797809395489913119698726      
   1.30500047090911556302830076336577247      
   1.30091634929870051616783740292477053      
   1.29679358839102157999667330045712054      
   1.29262853451627619545858711278313698      
   1.28841723335097387523225470885638195      
   1.28415540355574405445315004275659593      
