   3.22183237837589194002442173721059694      
   3.07744208806638217594379568910550799      
   2.91952802573272464425002704168014575      
   2.73899054548853518545215948281613893      
   2.51440551543839343415961168242946204      
   2.20428066708799146346588259671171702      
   1.70649058158558784709658786167538788      
   9.05687923031890890829980552644341660      
   24.8868191639349020275423774398336613      
   36.9621658134076974043860032643083278      
   47.5747405246288805754451224918824849      
   57.5173077293515036701445017331859091      
   67.3241622956222516957160408109853260      
   77.5274311730997584851747400596182588      
   88.7481927576768699069123881159767993      
   101.708777299860881847503491173810790      
   117.254430729727055532082402537374293      
   136.079263467614346658877191474305894      
   158.286877710141869891684910265210441      
   183.199457946811713320761375110918876      
   209.167128852424225143081619577652607      
   233.334917234748278865988003188531475      
   251.432428792105440223618813253785928      
   255.791182282320292107935163972028494      
   253.659003137069465447816208326122305      
   251.981032024132970098402771908301880      
   250.698239982826614996905468937522357      
   249.758652706406854423539960029668122      
   249.116599772696910996945096375561749      
   248.732067019468959609916010009808042      
   248.570111702667290442410824731175528      
   248.600320215809902639485510649024478      
   248.796300654694719375331903887257261      
   249.135209181552864008287797695822990      
   249.597311877004765202193182771048990      
   250.165584170873351367522353681510004      
   250.825349174843823301770761401160785      
   251.563955045620899563294117813675854      
   252.370490314270308446514841910482133      
   253.235535135573829322735255054266988      
   254.150945719311909824852418940235138      
   255.109668800064486690699456971474150      
   256.105582843564485303039612188641845      
   257.133362719533084267176529397255715      
   258.188364735031017965412282880039763      
   259.266529170474494702805434183509018      
   260.364297749792717510508566551316949      
   261.478543780841831313577241908536073      
   262.606512998098892639753244592641009      
   263.745773417902773267191406361466347      
   264.894172767407828788643726120072254      
   266.049802271614000141322048930132669      
   267.210965775625550779146683327187258      
   268.376153346280809066750854281967560      
   269.544018637734566982924863761674904      
   270.713359424752658149123971775686577      
   271.883100807222697494517077434081418      
   273.052280671981240399476609822785679      
   274.220037067759711239303997937348595      
   275.385597205507659254870287233712835      
   276.548267844139823516930290665217566      
   277.707426861890149496354365363612108      
   278.862515843087332222184074549891592      
   280.013033540731615522363372358094603      
   281.158530094787872408543505647929172      
   282.298601905512042186740187708896556      
   283.432887076576336540676387771412390      
   284.561061355192128579839611750660882      
   285.682834507418427340531544903904968      
   286.797947075309080865581833809099948      
