   77.1866210660513204239420106822818453      
   76.8830822040716812757398361661925854      
   76.5653957237739246905980998217068570      
   76.2334453486948870398316367912274266      
   75.8871314127557223049496349859485992      
   75.5263685119749385320964805179380367      
   75.1510831303201582586334891671808590      
   74.7612112535473509813262399916531547      
   74.3566959803057352197958545099945486      
   73.9374851355752557921981323791906781      
   73.5035288876710569508467536835900888      
   73.0547773664891914452228053352923511      
   72.5911782773807145793879680151802188      
   72.1126745019235417249093456435505377      
   71.6192016738433641264732894241830799      
   71.1106857153487358930322018153924559      
   70.5870403160722510040951300886951362      
   70.0481643335596021040666914535357356      
   69.4939390907111278597373739845724642      
   68.9242255415882784148998290909930342      
   68.3388612724352664580998389248622006      
   67.7376572994016982004319833376201195      
   67.1203946180922560555929006348053668      
   66.4868204524085695102150158691539329      
   65.8366441408301989644555617022983793      
   65.1695325868968698533711654472667532      
   64.4851051865665343743032550717866412      
   63.7829281276604660748476492832057703      
   63.0625079347472962242886223913103603      
   62.3232841053187838527769062908721511      
   61.5646206482573878606487803670411271      
   60.7857962911132309984958422349029101      
   59.9859930655050054585992543644721558      
   59.1642829057750865598736642836969430      
   58.3196117990273239183933326495063649      
   57.4507808965763824278346735517468123      
   56.5564238260282259939697131282107794      
   55.6349792129015614414545637586145431      
   54.6846571065276811752808270102669118      
   53.7033975708640509577802484890940814      
   52.6888190927075688126919226260570297      
   51.6381535947782363617461303072038521      
   50.5481635902328160093002636925584967      
   49.4150351728633125406762654907108819      
   48.2342377683771802549482037266435231      
   47.0003373156752953219506804175893490      
   45.7067428347701401922486474382404296      
   44.3453554415021781934430652397297730      
   42.9060705785622973141454335429942091      
   41.3760523039330376754964087884454194      
   39.7386400840602289819889329206549549      
   37.9716355409532257180317813244603645      
   36.0444821888778430280000466851976318      
   33.9133207412762722227975400845172926      
   31.5115624168857589054385147902528348      
   28.7297167420403213817512953487859723      
   25.3643456119001868476702466405739843      
   20.9487122901126092813737949888753689      
   13.7324366838148740178613053741450107      
   4.68310149155554227286512303871061520E-0004
   1.44271871813277218074157717380842965E-0004
   1.17304558769692576831150224243661163E-0004
   1.05387059007119758990018032708227596E-0004
   9.58571840653367033083837366790625301E-0005
   8.73358884698381992412559346978368489E-0005
   7.96612169986109852995945954105983286E-0005
   9.72100523810048107090263929897692922E-0005
   8.35888429336069001201702833931026513E-0005
   7.23603687511279264718656579338342367E-0005
   6.51313986621749478755460657376294991E-0005
