   5.75294154158783401221236826222784773      
   5.75786597044003454858359246471738661      
   5.76320276586686243875959965438553921      
   5.76895227590249618921090769524574713      
   5.77511367659703041128871362933124260      
   5.78168504406150716182853091915891611      
   5.78866342604978060007915897545717205      
   5.79604491202895791642230546903757399      
   5.80382470088204360745562241617778560      
   5.81199716555696877074464385295434736      
   5.82055591412301483348626168089458108      
   5.82949384682119676972650692558147041      
   5.83880320879826476200385151436719922      
   5.84847563829688788665518571029363846      
   5.85850221013841704806607506278700627      
   5.86887347438003111284672396760049821      
   5.87957949005702197206265488766316641      
   5.89060985393398814655869329019220710      
   5.90195372418615279226750683003490853      
   5.91359983891534729382753289621876985      
   5.92553652937271747132570573085914276      
   5.93775172771295072252856078470157616      
   5.95023296904000339840198729145524969      
   5.96296738742087387485513398979697170      
   5.97594170543898771234817747450194858      
   5.98914221672637882112354136814472164      
   6.00255476075080462451573024125801243      
   6.01616468892947012091902129024581939      
   6.02995682088640767480403764958979508      
   6.04391538934997093061830650203904341      
   6.05802397178104639948058039387596918      
   6.07226540630423677652988932589828146      
   6.08662168884617076009453999494077794      
   6.10107384751632074098843589699974442      
   6.11560178912263752338384582619862841      
   6.13018411119665593820173995806446051      
   6.14479787086122219364826009987707072      
   6.15941829909651064549570191573297187      
   6.17401844512911806652329716544939214      
   6.18856873031089249646346672561726997      
   6.20303638324123634756907920580023148      
   6.21738471688858525234803433214067189      
   6.23157219227995628761695898777160807      
   6.24555118901302589818720914248975732      
   6.25926636549110805803161037552977270      
   6.27265243292944877020010555573420249      
   6.28563107181832442388670846672792422      
   6.29810656002655354461382081870669367      
   6.30995940520358212403260271041106037      
   6.32103677464710728775068583091948354      
   6.33113756974306317334156516681874881      
   6.33998809754227220308706802394020858      
   6.34720023519726338079182130693802624      
   6.35219454041619514116857523464455342      
   6.35404625785947262769973367152124463      
   6.35113830377421138206480010199433846      
   6.34022800971578164949787605832163193      
   6.31305495056306324597210328288062835      
   6.23192492392971572153709896187348013      
   6.67274739727702835883377206957236490      
   6.83675742852915793747462096671001299      
   6.94256991964645580175798312438382967      
   7.03073454530467410991042438213235806      
   7.11031100940675373289559414767207701      
   7.18476065636477500901252732578391778      
   7.25570829269391454769160738540335846      
   7.32399053524791048533165635995429035      
   7.39003831456837047262279167131861700      
   7.45402979021970683688204464501216938      
   7.51594589963972648053819977504238828      
