   4.56011973262639239017366148992930699      
   4.50239544091497305118357749307054274      
   4.44556878614224868012941096474545206      
   4.38958082910895173463168482885342649      
   4.33437681596377189061148586360622198      
   4.27990575954896438578626284402123598      
   4.22612005525790326186962973965237257      
   4.17297512795042771426110566609171034      
   4.12042910675135190768156639839905733      
   4.06844252479736285872862577289229282      
   4.01697804120521711239141635856275500      
   3.96600018271108882780935894846283757      
   3.91547510258266150560569149662719314      
   3.86537035453136861449751430945550492      
   3.81565467945375197165746622659847247      
   3.76629780290809420040056303136296751      
   3.71727024128360775477328115259921718      
   3.66854311464333211268885651119505053      
   3.62008796421623625892561816858049995      
   3.57187657247405933301416644958747746      
   3.52388078365101691488171545424724028      
   3.47607232244201181484014074243183172      
   3.42842260844071607504065823220850875      
   3.38090256364134009395046870949983129      
   3.33348241001382885615112866395303769      
   3.28613145375526912204323988729089102      
   3.23881785229496090928658416206942442      
   3.19150835945983917593556035878332522      
   3.14416804334797304209877664784652106      
   3.09675997036000482864469085163658793      
   3.04924484742909298059326600783692634      
   3.00158061267364540031910266108274432      
   2.95372196234345855040496497539759056      
   2.90561979885686970978981593170646086      
   2.85722058068598053919990527017322935      
   2.80846554948311072573148779741743528      
   2.75928980265475626415119523380778039      
   2.70962116985302721323593918178349487      
   2.65937883851023704217620178683446701      
   2.60847165501532134652436923661330671      
   2.55679600204570127427714328439285211      
   2.50423311527104498187721144402314624      
   2.45064564840936637017370727278942943      
   2.39587321526377267739904075570132387      
   2.33972651583479034091119369369865983      
   2.28197946548373749436918105129621155      
   2.22235844726520252741279136844844313      
   2.16052731846980159851994020825790562      
   2.09606597432508006009327061010722813      
   2.02843881275025690269246291192196282      
   1.95694674902309538516000838342444744      
   1.88065115949296544620883502373547971      
   1.79824708262734971816908390201189989      
   1.70783771529232704753932876067311629      
   1.60649755861724397247705860434001182      
   1.48932022908485313492868532698909648      
   1.34695389918844333327777458912446160      
   1.15716070533145420819261660991429471      
  0.830838854710310416724801932408659831      
   4.34948361391909963264797664713402172      
   10.3187749714909316221100340827730875      
   15.6515309727162554283145504352782244      
   20.7179871640998966057994169682288518      
   25.6437843754648912312660816391698738      
   30.4949373625640045367092596404700287      
   35.3160597340493490091470019441887364      
   40.1430801795524995572808424897803599      
   45.0072051631984196764229361891346406      
   49.9340440452790333551407856396375439      
   54.9397669509575955963420360836413489      
