   210.335446822936279193076283016210320      
   208.791783464115944364532498819224497      
   207.176193020539396983777357770440073      
   205.485694350272355252888119094429617      
   203.717054352607893116356887536078828      
   201.866748185455290065640948955557734      
   199.930912972583048881896859305924048      
   197.905293594228621468325951806012964      
   195.785178754896337026420341379651931      
   193.565324996401543426660006493949922      
   191.239865624165029488467760337757014      
   188.802200570899336889527636236552729      
   186.244861932497680188372751178820063      
   183.559348125324084622005701238709220      
   180.735917104884686668730714999188975      
   177.763325504644538593778459197850355      
   174.628495356514018209721620721044883      
   171.316082374200395267399591598010249      
   167.807908206983353586581504779024480      
   164.082201251258139162325161889173331      
   160.112562515299137047541968397019240      
   155.866527571714287892042810244795794      
   151.303519859512284222615619653083162      
   146.371859925926730339123255371987899      
   141.004260441459465871236278779730618      
   135.110792519471252044372854021530571      
   128.567406101198851780727865315350856      
   121.196057703275146850456837561450832      
   112.727253100289438142977885464031654      
   102.719724483072322663133490803220682      
   90.3521081400555287800505741939234377      
   73.7041290224913155078264258402682060      
   45.0274221130081367244286968672361797      
   9.34596394801513377908837853460283260E-0004
   4.11356990022427386469808123017378773E-0004
   3.35965895081489348023944283791921815E-0004
   2.84234251737920306506800167159849334E-0004
   2.40098352823937568752716014438504589E-0004
   2.31134579755006932685793184546027568E-0004
   2.84896915828936856644281401874364201E-0004
   3.06044779477872151899052476569805796E-0004
   3.31375058669468310863428363601349810E-0004
   4.02306097064667343016515824065661686E-0004
   3.24081280514346528483024106952067349E-0004
   2.76189511094053760225491224977973338E-0004
   2.49415373096276737663282867150104478E-0004
   2.27822513821842969491172367758502732E-0004
   1.99389469690499748441145121633314723E-0004
   7.02409339062060292753413586362512164E-0005
   7.02659408692494401198689006962644356E-0005
   7.02955248934395291821526783372531905E-0005
   7.03283225963298290146909375784412270E-0005
   7.03632937039453955942123569831597761E-0005
   7.03996363249240749021500649446087289E-0005
   7.04367263937809195696756246527375227E-0005
   7.04740739219751483846121976454439427E-0005
   7.05112910732370874373150491256084312E-0005
   7.05480686447995013360655141982673235E-0005
   7.05841585820623839258926164923898688E-0005
   7.06193608627677843448836255667358497E-0005
   7.06535135724605093116535419951086250E-0005
   7.06864853296051800633915986983282096E-0005
   7.07181694541524063705270558819282081E-0005
   7.07484794395425386009432825689074775E-0005
   7.07773454064512617887579035349422400E-0005
   7.08047113011642655714654302928309374E-0005
   7.08305326632620961938921850325769851E-0005
   7.08547748310619400549923927529676606E-0005
   7.08774114865011283394471434302202604E-0005
   7.08984234649036542531370174350438120E-0005
