   1.58653345647362279957833675670530930      
   1.57187986692132373970171251984679444      
   1.55711256220355110616116500680662655      
   1.54225860874090452636626981457978849      
   1.52734430404022226162123240608305329      
   1.51239516606938657293300405686369067      
   1.49743593795922782356466269992756396      
   1.48249060812642448913521889222304652      
   1.46758244640913142769234170424577232      
   1.45273405741485992429327477625480344      
   1.43796745304808946847363044996863164      
   1.42330414718526746088370287611025798      
   1.40876527680640223082523357704065753      
   1.39437175573830013394995454483897750      
   1.38014446976697662097999184309553494      
   1.36610452563152854323857703169815199      
   1.35227357195757116130263645534696713      
   1.33867421858040632706387001143306668      
   1.32533059374293059863077560784030180      
   1.31226909948550565445709337194085570      
   1.29951945991278723777258281797637681      
   1.28711621577322191756614670665940610      
   1.27510092331353961584550667688001605      
   1.26352550987947408257573587901110582      
   1.25245761929680900086490137388543978      
   1.24198956723711808515344098479715726      
   1.23225425841588193998719700400799929      
   1.22345550422924616951024978286316550      
   1.21593073521512763836355634449970573      
   1.21029555875603076704422127077973307      
   1.20784033197216721897726628839172570      
   1.21204889836039900116281301032060127      
   1.24157320176660156469254896083423872      
   1.06647800878054908748226316762641022      
   1.01678963716902791519696579571844812      
  0.984088965270134310033906386559545968      
  0.956929916356941187488994432590290089      
  0.932458757394190356349045742279126078      
  0.909522197028003681740673087577913489      
  0.887575939440339160621126271221217582      
  0.866376294478927291528827176601033626      
  0.845875513559802450398756954967035886      
  0.826183338021305286239467212200885199      
  0.807544204815621845162963297849407902      
  0.790313873251306858645768545558032366      
  0.774942331923341180463390148360063563      
  0.761990929916257981074341155698478447      
  0.752283666016598449931051255013085663      
  0.748220560539061922939831805615924783      
  0.747029635265441798406841312194313839      
  0.745868828827472463594492135682159538      
  0.744739488322369172758418616875659357      
  0.743642810666400316113626866901751314      
  0.742579852018504259182851631594976332      
  0.741551536745716639224657701297452233      
  0.740558665942952809498401416063679599      
  0.739601925522141052960505705269298991      
  0.738681893884387274814134252731754442      
  0.737799049190770555909707656392492390      
  0.736953776246787691849795854878397133      
  0.736146373015807139933830391252685036      
  0.735377056776017310842235225082323547      
  0.734645969936078709812972644088393002      
  0.733953185524441411448603935191849126      
  0.733298712365925001256405459722301266      
  0.732682499963379139902106149250483140      
  0.732104443090505624398897034233073614      
  0.731564386117779907396920225357074683      
  0.731062127079938372528920504438200294      
  0.730597421498792115075324262997452508      
