   5.75680188116313107596348891236242931      
   5.75669440201721261164782274948825333      
   5.75651536431631838060900718519175257      
   5.75626505337478656088102350609494377      
   5.75594387129542518474864920300121069      
   5.75555233714089318562083339737247545      
   5.75509108261274081407848429781242372      
   5.75456084334839738558580159771184863      
   5.75396244810680299912886745782751654      
   5.75329681327559942187255656324990494      
   5.75256495862417810442039702733479089      
   5.75176806660512026867808050000408944      
   5.75090760480350409868619907503073446      
   5.74998551914026824338698241638328244      
   5.74900449058176661637377107891329331      
   5.74796823686890811631154603355201628      
   5.74688183512972841129120077693044892      
   5.74575203968930603028037213600698179      
   5.74458756993251169712667263785075870      
   5.74339934497146854587258672077006568      
   5.74220064519294267394874990821230309      
   5.74100718587672989900811910592581560      
   5.73983709475523907662950236936203434      
   5.73871079283376996814680057463720025      
   5.73765078501223213031048479964760851      
   5.73668137314564667453220891510617734      
   5.73582830846864774016767807805336663      
   5.73511840263111919746470143611094680      
   5.73457911699865529564485816329642756      
   5.73423814871491384625287882514755465      
   5.73412302971127557239451789496755283      
   5.73426075188328867906711222968116257      
   5.73467742835920953289323518677408223      
   5.73539799757289861414915590732443825      
   5.73644597385965664228715047235152443      
   5.73784324576602485242983245827141060      
   5.73960992113655213814019945756737532      
   5.74176421649417819291965653051479122      
   5.74432238706522726120927125070179848      
   5.74729869308750429008865734063054053      
   5.75070539768562227431372066027805926      
   5.75455279146763195243068184618933478      
   5.75884923914993515984748346256012741      
   5.76360124374763369878931863388271295      
   5.76881352426195554505280513785432575      
   5.77448910321162125148126545701315257      
   5.78062940080540560013754666694832815      
   5.78723433299826263666055140387459997      
   5.79430241111802969293069711957323234      
   5.80183084114462744927958043981120636      
   5.80981562107347534982856709851061262      
   5.81825163516066966655598319059989464      
   5.82713274406099872420595136588373004      
   5.83645187018543009212595061943304888      
   5.84620107774543215976839923887530492      
   5.85637164714089938751557937766315198      
   5.86695414348706637798257733633856372      
   5.87793847915894111852051462900343251      
   5.88931397032140872506801502230127241      
   5.90106938746510270012068297120650694      
   5.91319299999047063004780706246495932      
   5.92567261491018417548866403280580724      
   5.93849560974004778448405132907724832      
   5.95164895960371980772070734778949752      
   5.96511925858888629767289433933074387      
   5.97889273531204444908172042722861245      
   5.99295526260336041477646190939980450      
   6.00729236115197559650649746699425147      
   6.02188919685082277220598990620451781      
   6.03673057146339949756447792078504396      
   6.05180090611658591399020858916384343      
   6.06708421692520773138963841195893334      
   6.08256408187337131442736960473297900      
   6.09822359780504778928943977940218305      
   6.11404532605488837085229176113773832      
   6.13001122486179979844651321014795337      
   6.14610256617622729097993490502616537      
   6.16229983382456149360455045125381074      
   6.17858259913529889331926232305695452      
   6.19492936901907383384579486047054270      
   6.21131739998710647179641449861675224      
   6.22772246962693429972692491539500114      
   6.24411859431946923120775788441349381      
   6.26047767827545836200442828183870732      
   6.27676907374129062731692585198290444      
   6.29295902486017262197200090682012574      
   6.30900995702873434388517264349901576      
   6.32487955796209224169037244422129110      
   6.34051957326580939454186230981184285      
   6.35587420344742985826190089476251055      
   6.37087793294754511734965037152898997      
   6.38545253074486118534915481003217981      
   6.39950281045406725285361214416503840      
   6.41291047598319109988912446959774483      
   6.42552490822078757366655545397874992      
   6.43714886213986815112447200128307287      
   6.44751528228220374930127017397584221      
   6.45624770806267210907900148458533509      
   6.46278815117925647764925944663758922      
   6.46625441353805864991478575345951685      
   6.46512429648767019274896561356106641      
   6.45641012645945927216441564104572547      
   6.43280758254413716820382167717762191      
   6.36486739277150526469550004397216286      
   6.75439516626674464618818202867082130      
   6.94482453088643849474056501010989043      
   7.05709938294006015502581582919061061      
   7.14888600218374226757632403525222456      
   7.23111851989949247822420123271301649      
   7.30779910853387836983167526836469756      
   7.38077376778675651519150407961847129      
   7.45098480215851747150600385549311704      
   7.51891180860909979811275892463548312      
   7.58474262075647608119471797801053853      
   7.64843283114789935985855747804346636      
   7.70971672786087858611480273446285077      
   7.76809504103405898484309884591320148      
   7.82279215301174682716639239681926929      
   7.87260992658001416835225464689627112      
   7.91520540340890040586166607080047984      
   7.94582329668928980605349800953227116      
   7.97467801315269250151945877945211538      
   8.00303027195392408580089473716129188      
   8.03087476944817628601136847870498007      
   8.05820671199926913806518575362206007      
   8.08502181399045498530357610091046750      
   8.11131629484865426084965149762464037      
   8.13708687510301147503955428853422861      
   8.16233077148193820569928619638686156      
   8.18704569113701684852715445609030303      
   8.21122982496703540769387882703917430      
   8.23488184011444470293547541398897124      
   8.25800087166706040761644267697540036      
   8.28058651360337313649969062801619812      
   8.30263880903009814212356761022012674      
   8.32415823975830250187798649819720144      
   8.34514571526149806624813405953523284      
   8.36560256106847255519344984184185131      
   8.38553050663706606014964455914455053      
   8.40493167276177057261343781826782464      
