 0.26859175941275E-03
 0.26859428523846E-03
 0.26859851776011E-03
 0.26860447969397E-03
 0.26861219696181E-03
 0.26862169766959E-03
 0.26863301105341E-03
 0.26864616642473E-03
 0.26866119224463E-03
 0.26867811570612E-03
 0.26869696366728E-03
 0.26871776618142E-03
 0.26874056385841E-03
 0.26876541976433E-03
 0.26879243577309E-03
 0.26882177250521E-03
 0.26885367140192E-03
 0.26888847714855E-03
 0.26892665856078E-03
 0.26896882618000E-03
 0.26901574512540E-03
 0.26906834220434E-03
 0.26912770679015E-03
 0.26919508550034E-03
 0.26927187116651E-03
 0.26935958695165E-03
 0.26945986670473E-03
 0.26957443276097E-03
 0.26970507239141E-03
 0.26985361402486E-03
 0.27002190420922E-03
 0.27021178609856E-03
 0.27042508005978E-03
 0.27066356679017E-03
 0.27092897318077E-03
 0.27122296099684E-03
 0.27154711834012E-03
 0.27190295375885E-03
 0.27229189281321E-03
 0.27271527685791E-03
 0.27317436378797E-03
 0.27367033048305E-03
 0.27420427669542E-03
 0.27477723014064E-03
 0.27539015257241E-03
 0.27604394664082E-03
 0.27673946337393E-03
 0.27747751013232E-03
 0.27825885892725E-03
 0.27908425501046E-03
 0.27995442567092E-03
 0.28087008919728E-03
 0.28183196398235E-03
 0.28284077777331E-03
 0.28389727707754E-03
 0.28500223676547E-03
 0.28615646991778E-03
 0.28736083798758E-03
 0.28861626136128E-03
 0.28992373042258E-03
 0.29128431724072E-03
 0.29269918802720E-03
 0.29416961652857E-03
 0.29569699854853E-03
 0.29728286783381E-03
 0.29892891358166E-03
 0.30063699989373E-03
 0.30240918754384E-03
 0.30424775850207E-03
 0.30615524375117E-03
 0.30813445502691E-03
 0.31018852126520E-03
 0.31232093069691E-03
 0.31453557975284E-03
 0.31683683021988E-03
 0.31922957643965E-03
 0.32171932480074E-03
 0.32431228838052E-03
 0.32701550037497E-03
 0.32983695101215E-03
 0.33278575405106E-03
 0.33587235089016E-03
 0.33910876294366E-03
 0.34250890660783E-03
 0.34608899032850E-03
 0.34986802070375E-03
 0.35386845536723E-03
 0.35811705646804E-03
 0.36264602285335E-03
 0.36749451667202E-03
 0.37271075978717E-03
 0.37835497264940E-03
 0.38450359197894E-03
 0.39125548904837E-03
 0.39874142925630E-03
 0.40713900406098E-03
 0.41669726996317E-03
 0.42777968087930E-03
 0.44094422581708E-03
 0.45710712036179E-03
 0.47792109856751E-03
 0.50682209280409E-03
 0.55291131397289E-03
 0.65794800523548E-03
 0.34716527717629E+01
 0.98166314676879E+01
 0.15363722040869E+02
 0.20598550346101E+02
 0.25669254469387E+02
 0.30650991927538E+02
