   18.7786855331590000848092430367807878      
   13.2955293881793539121888316345246866      
   10.8593957174084198542789643569662538      
   9.40546479495418595727676832983433362      
   8.41248914885994748400283537698559525      
   7.67903097483708175563979170049334482      
   7.10863432035562713728067191868508141      
   6.64855869578217575590479813195213513      
   6.26721510980896570411884006817502763      
   5.94437717543508957779356775783335596      
   5.66641456999367368526198530379000861      
   5.42376260057424395609023851480870538      
   5.20948529152091505781974898486652468      
   5.01841408546594030370513061797264037      
   4.84660809670184670022031552953063067      
   4.69100302913372281803711301738315599      
   4.54917545107082270982392586019271465      
   4.41918012838534580516410980764444391      
   4.29943505468698359556732900623066082      
   4.18863846028014539897870139074920271      
   4.08570777362162453360568236882675398      
   3.98973397599517510115007971774441942      
   3.89994696046984888610748051130732140      
   3.81568889778409624562449450098000638      
   3.73639352293268588959835142771511878      
   3.66156986420296523329914199605312837      
   3.59078934922983195548276366989158437      
   3.52367550766397628737049211507796800      
   3.45989569021265113367799646331276392      
   3.39915436653037103874969176721154908      
   3.34118766812263806861654045831760927      
   3.28575891863066265600304175741327088      
   3.23265495114243625005499438112104169      
   3.18168305535493230471749813434163940      
   3.13266843076648040757493662905205046      
   3.08545204784163261830970928504445203      
   3.03988883927967346949848411944072290      
   2.99584615940302748188969161824592245      
   2.95320246225119419332684897150494863      
   2.91184615892070044096354621118611602      
   2.87167462261432505521438411839952930      
   2.83259331617378468705318806132491232      
   2.79451502185283064958606276402306963      
   2.75735915708287671732536715241228398      
   2.72105116312685979460574749957814741      
   2.68552195601323544354492752341046656      
   2.65070743111513833020361657678857075      
   2.61654801429090257139818421436051517      
   2.58298825372793453792247724629606265      
   2.54997644758515578078173337617704521      
   2.51746430330451068361714069521250837      
   2.48540662501496184714489082826182828      
   2.45376102596509843016017160872545827      
   2.42248766325885688980925683564905722      
   2.39154899244889270881797651805589816      
   2.36090953980517934593749938645880174      
   2.33053569022058726774650766924532266      
   2.30039548888113653409606772303405421      
   2.27045845491338802607504995881634118      
   2.24069540533696076561769348285295984      
   2.21107828766410649819353294072447707      
   2.18158001956727062656260902724637239      
   2.15217433399973018924818487009707650      
   2.12283562818206965642205349773943253      
   2.09353881479437395538183674253533957      
   2.06425917365386625793712670253584673      
   2.03497220205415881549790154159125833      
   2.00565346177227037845643865041103685      
   1.97627842057055314976327821451324666      
   1.94682228572053647379786476111807056      
   1.91725982675917956543023135623168863      
   1.88756518421669583560285122386866015      
   1.85771166047339351382224357646583228      
   1.82767148818517636781439565063166909      
   1.79741557073685486510125913178886031      
   1.76691318793949687280612387498310625      
   1.73613165862576972087860986986162307      
