   100.095064999999999999999999999999995      
   100.094392076978232584949911284571470      
   100.094328704934668892959804260264628      
   100.094259364874295654890175375763608      
   100.094183494763404691084160147442388      
   100.094100479639165935882481210893720      
   100.094009646625065296863398364485695      
   100.093910259476924944892470982100872      
   100.093801512615298971645005852329956      
   100.093682524595874182739578705323955      
   100.093552330964950562682795459261898      
   100.093409876442091730182343813664520      
   100.093254006366582099615899147024128      
   100.093083457338360272539532847896514      
   100.092896846977569035192072576714042      
   100.092692662719718312195416033589237      
   100.092469249555640617385966828747763      
   100.092224796616865591034152175863132      
   100.091957322497681792932912654428619      
   100.091664659194914178580960795321169      
   100.091344434535241623039312346725086      
   100.090994052947619659817904069103343      
   100.090610674424959903810268337966735      
   100.090191191504540703522492900000134      
   100.089732204080564455287752424029071      
   100.089229991844705544180953798633580      
   100.088680484131266627960933465495638      
   100.088079226922524113810347471456612      
   100.087421346746825679246661719485250      
   100.086701511176816986669576666179728      
   100.085913885607617193665341734405354      
   100.085052085964610101561659331251127      
   100.084109126957525410560537909283814      
   100.083077365461385142405263658060268      
   100.081948438565391248335106166773490      
   100.080713195787611582778177448535981      
   100.079361624906032482884067262476382      
   100.077882770804803851564554888950985      
   100.076264646677887501241486848277209      
   100.074494136870372684731141607087322      
   100.072556890569942110509083041888417      
   100.070437205486807918211569236335169      
   100.068117900579288944085598038960582      
   100.065580176793410391418570128924893      
   100.062803464687755051429825148973738      
   100.059765257708494033414779673035130      
   100.056440929763212938127180608424992      
   100.052803535614883781957438667477285      
   100.048823592478082203828348265061851      
   100.044468841047184869041864668900231      
   100.039703984019568537890222399508546      
   100.034490399994418701023625150997987      
   100.028785830428163450846372801418283      
   100.022544037109159569943362383558487      
   100.015714427375302530981830178764403      
   100.008241644036773373027047066462974      
   100.000065116680054001134807733986389      
   99.9911185707163195253790168032099437      
   99.9813294901948146144857318610180983      
   99.9706185300270643515502758303684163      
   99.9588988728577211678267502382664147      
   99.9460755253691844565685841763549855      
   99.9320445483162117923369828005655077      
   99.9166922140495911840839373522896810      
   99.8998940847002086240732895979291622      
   99.8815140035517604901708613188724413      
   99.8614029914267136130910538570162639      
   99.8393980391402036459629759021435190      
   99.8153207862341442718313119059429510      
   99.7889760752820675616468913097655085      
   99.7601503700466582168812820439090342      
   99.7286100246684066649558700397220940      
   99.6940993898563433310826135210656618      
   99.6563387407306418358650173941878470      
   99.6150220095212836245798273528745533      
   99.5698143047452433940544022084952451      
   99.5203491967539629575763668037937264      
   99.4662257476492028092323329648960472      
   99.4070052614933464651185426371777797      
   99.3422077284730880233114564032304881      
   99.2713079341947820268219932423180519      
   99.1937312025754697913624153800968302      
   99.1088487378237174825074396828824682      
   99.0159725277548361336277352345348912      
   98.9143497671294632377646575328251885      
   98.8031567558140497944373897929859974      
   98.6814922223049819399335076100949860      
   98.5483700185003690570170051153320565      
   98.4027111265071977267733981845066797      
   98.2433349126952748862580692596047010      
   98.0689495581079657586071523271886418      
   97.8781415876637176746440463991893946      
   97.6693644132776375787776017081253581      
   97.4409257980397505988378634249126248      
   97.1909741398412254605233654642546945      
   96.9174834632709246473215177315399947      
   96.6182369981345623980430263206063392      
   96.2908092114926670299394521099596135      
   95.9325461475785887211884409277487026      
   95.5405439162423680905894626833933364      
