   67.8636010831809745489262350514322057      
   67.6578601230672065389732633770382283      
   67.4466531237093971283107855320918245      
   67.2299197233616116326765723802707589      
   67.0075915352454859469150692451052251      
   66.7795912331247941670259430915817656      
   66.5458317025833909224113098250329074      
   66.3062152529373365792223498039591973      
   66.0606328831692596406940646641037630      
   65.8089635940186750374426154852913565      
   65.5510737373533839122558656459614439      
   65.2868163931465283965235172091742584      
   65.0160307637474667063060398227190989      
   64.7385415746235230334325495124054296      
   64.4541584703176603617253443907232485      
   64.1626753939768616842599877174236288      
   63.8638699384129666263934043156420068      
   63.5575026562259969618194311072208951      
   63.2433163160026960262668822972058010      
   62.9210350909660866579957638349408242      
   62.5903636656460907143672541257313691      
   62.2509862451242221640118375258196786      
   61.9025654501248485060405242179254904      
   61.5447410796245123635204216582857265      
   61.1771287206632354426830252507382230      
   60.7993181825874159180452225199969074      
   60.4108717299420008265229549677696218      
   60.0113220845369978477053374794267397      
   59.6001701627072609411325420494908624      
   59.1768825082754990848312005918130782      
   58.7408883750010624441829913880289066      
   58.2915764040600510920809482767297147      
   57.8282908319975207373749617713893157      
   57.3503271521501223532817911981040002      
   56.8569271371566021533591075296906888      
   56.3472731110677395258276943386071666      
   55.8204813357072124555262954350832909      
   55.2755943459582715561133344650502000      
   54.7115720307442564329814441270884570      
   54.1272812081940538918578336600490553      
   53.5214833815268884427284098707466478      
   52.8928202820194367351992936648910530      
   52.2397967007494774440438906858090446      
   51.5607599728444912183466315870209772      
   50.8538752942152224741379397583185983      
   50.1170958032809684348953352926830624      
   49.3481260228198423702465029788009458      
   48.5443767910219660038072302144900999      
   47.7029091576152246093993788803712573      
   46.8203637907230994844240630353239530      
   45.8928710919032395096930314461809598      
   44.9159352240943326497728052471371224      
   43.8842822464905990544977693911865885      
   42.7916578875286167999253815428301667      
   41.6305530593654535813735914203644908      
   40.3918229969373345483037850884867666      
   39.0641450367562985383225601033611930      
   37.6332228364654634053955455922615510      
   36.0805750043203208250047366161332207      
   34.3816068988622941075686494492005894      
   32.5023658353698365491103645313418513      
   30.3936792837842901089871125470463998      
   27.9795287255756824505100913717559980      
   25.1308087190730628073349512824217818      
   21.5933375389220690748708848409432801      
   16.7079224432117516957167396838709090      
   5.97079027595511857725160176815397650      
   3.34581263755640568667543391672169555E-0004
   1.39921530566244751791090524505059968E-0004
   1.10167846958802373360141255992615242E-0004
   9.99253851944673692683013329075595037E-0005
   9.37832605887510703829609562782318523E-0005
   8.87529184204766317233184945605541944E-0005
   8.46907847683148310778904296344873389E-0005
   8.22509297037282028848512350683763564E-0005
   8.35564540509437627896775717902371702E-0005
   7.94365970325756127247799096274613767E-0005
   7.22483289015364695755144704164648901E-0005
   6.87731075274552855070827026267953714E-0005
   6.62755599873305786768138807156583338E-0005
   6.31210726665108289871927390969430431E-0005
