   81.7400432333552244830652925470550763      
   81.7369788120130527234245088055381356      
   81.7318598081827498592373037466573346      
   81.7246767896590476106112788332308895      
   81.7154201756322330945488690456139988      
   81.7040808652602126071649307174870810      
   81.6906508224460719552349777096379294      
   81.6751235956295753925181948101083404      
   81.6574947154567039933483076751650804      
   81.6377618047264741796412208577443963      
   81.6159240447779285854069323229340293      
   81.5919804851100440627029063589773833      
   81.5659266998224548849791499813626760      
   81.5377495147516718087221257613843007      
   81.5074198650988593755585517504844261      
   81.4748841961502276117456340559967571      
   81.4400550978260476412979224638458314      
   81.4028020206524461847463729593399052      
   81.3629429328385956883052576690373285      
   81.3202376722143989961332037607383877      
   81.2743835472957493817012539095592820      
   81.2250135117365863083069289017062658      
   81.1716969928026884105139259587510247      
   81.1139432502544515887122762334449230      
   81.0512069713381574410471994739901255      
   80.9828956934628273751616599506750761      
   80.9083785839162082228353549221501631      
   80.8269960854631446818026674606613329      
   80.7380699580437935486960264444150660      
   80.6409132941627971229985950688687688      
   80.5348401490929129462286824265327765      
   80.4191745007885004450126668958281286      
   80.2932583288282880617932023430296230      
   80.1564586706861025637878910712427518      
   80.0081735764148060541229064706894476      
   79.8478369354848316697130453212459552      
   79.6749221920497339242251116201427980      
   79.4889449966521895312334605127390614      
   79.2894648662044702235693873455630901      
   79.0760859416336110296884797099453522      
   78.8484569381554896100880181950776966      
   78.6062703901998434930532152014668461      
   78.3492612907547382379248318544531055      
   78.0772052225909083792087135262566403      
   77.7899160720693389530792197651125333      
   77.4872434102785662809984709988626220      
   77.1690696166512712277826359053192133      
   76.8353068129273310804736565343618307      
   76.4858936645326422646021060780739004      
   76.1207921007824863643504384469399493      
   75.7399839926107758913123449793090997      
   75.3434678227518267060732004670210114      
   74.9312553726141694650526441547332939      
   74.5033684449236019216919193791298421      
   74.0598356337758598230261123088983109      
   73.6006891484193700830114328594889678      
   73.1259616917335212509405926449577371      
   72.6356833891100451104859295022068909      
   72.1298787587786800867491191781707929      
   71.6085637111506843744728373544697755      
   71.0717425605424301005113446296380958      
   70.5194050267610050381295497003508301      
   69.9515232038934518686225323448344313      
   69.3680484643445235168702908755400667      
   68.7689082670398999856847317151003504      
   68.1540028278720087265997534755733326      
   67.5232016100506680210425658640517512      
   66.8763395802490912501536922656293631      
   66.2132131711711978012000789310434087      
   65.5335758789742891351926457184289881      
   64.8371334134466575140427800378110628      
   64.1235383010522777600391364272342248      
   63.3923838224432069362976023989963401      
   62.6431971434196970315301705075072849      
   61.8754314635443585461969338197250114      
   61.0884569721231678603037291601382843      
   60.2815503460494528356840777055841718      
   59.4538824628590958362596524344387458      
   58.6045039148454975808502987330254973      
   57.7323277990875941711467346705115737      
   56.8361091096707848452103487575907718      
   55.9144198589161216895422844987098592      
   54.9656187844538320171994119293798741      
   53.9878141260048786789590472092156357      
   52.9788174401729038380367976497469165      
   51.9360856892799701187515416503359922      
   50.8566477927175372236759013364209064      
   49.7370102976615619293299228584857173      
   48.5730345489939605232305021155076820      
   47.3597742730718135395909788282833299      
   46.0912570963235128714947653299584339      
   44.7601848895473406258939551176277626      
   43.3575135824458060391956648017583577      
   41.8718487142288153596566528291150649      
   40.2885494415301797142674755632893568      
   38.5883518246501847526616469667978402      
   36.7451581215557210254124120759628254      
   34.7222830339148536101214329080748390      
   32.4655958692095161612831049614586615      
   29.8896815540256182440156575549979727      
   26.8456981878976901215431067222357403      
   23.0290203790603915736050658818485046      
   17.5886654783433478006958175867770674      
   4.28600444903666704450811637482038525E-0005
   3.96574914424216584068245561039439680E-0005
   3.72645166137696198634247376657025892E-0005
   3.46115851728800012881631532182286040E-0005
   3.19349635709755956935591486238135752E-0005
   2.91881304931151537223627286839733166E-0005
