 0.26859175772073E-03
 0.26859428185392E-03
 0.26859851268248E-03
 0.26860447292238E-03
 0.26861218849509E-03
 0.26862168750641E-03
 0.26863299919225E-03
 0.26864615287077E-03
 0.26866117706264E-03
 0.26867809927515E-03
 0.26869694749326E-03
 0.26871775481927E-03
 0.26874056854815E-03
 0.26876546424392E-03
 0.26879256443908E-03
 0.26882206074546E-03
 0.26885423760353E-03
 0.26888949563718E-03
 0.26892837259071E-03
 0.26897156006508E-03
 0.26901991468391E-03
 0.26907446284537E-03
 0.26913639878288E-03
 0.26920707619389E-03
 0.26928799415111E-03
 0.26938077834232E-03
 0.26948715888256E-03
 0.26960894600826E-03
 0.26974800491889E-03
 0.26990623090219E-03
 0.27008552569567E-03
 0.27028777582808E-03
 0.27051483347076E-03
 0.27076850012784E-03
 0.27105051332085E-03
 0.27136253627554E-03
 0.27170615050698E-03
 0.27208285111653E-03
 0.27249404455856E-03
 0.27294104860471E-03
 0.27342509422133E-03
 0.27394732907727E-03
 0.27450882241539E-03
 0.27511057103953E-03
 0.27575350619681E-03
 0.27643850116263E-03
 0.27716637936521E-03
 0.27793792291594E-03
 0.27875388143998E-03
 0.27961498112823E-03
 0.28052193395550E-03
 0.28147544703458E-03
 0.28247623209621E-03
 0.28352501510379E-03
 0.28462254603180E-03
 0.28576960885441E-03
 0.28696703180569E-03
 0.28821569799385E-03
 0.28951655646599E-03
 0.29087063384097E-03
 0.29227904664755E-03
 0.29374301452930E-03
 0.29526387450249E-03
 0.29684309648623E-03
 0.29848230036112E-03
 0.30018327485513E-03
 0.30194799861266E-03
 0.30377866386695E-03
 0.30567770321741E-03
 0.30764782011730E-03
 0.30969202379952E-03
 0.31181366953129E-03
 0.31401650528615E-03
 0.31630472617905E-03
 0.31868303833659E-03
 0.32115673429929E-03
 0.32373178260164E-03
 0.32641493490184E-03
 0.32921385498989E-03
 0.33213727529130E-03
 0.33519518821815E-03
 0.33839908210590E-03
 0.34176223476994E-03
 0.34530008236097E-03
 0.34903068781347E-03
 0.35297534277040E-03
 0.35715935101787E-03
 0.36161306273132E-03
 0.36637326151994E-03
 0.37148505766883E-03
 0.37700452405052E-03
 0.38300244948978E-03
 0.38956982268774E-03
 0.39682608699135E-03
 0.40493200823315E-03
 0.41411058824257E-03
 0.42468282742033E-03
 0.43713289652950E-03
 0.45223708989167E-03
 0.47134893280846E-03
 0.49713757826493E-03
 0.53603443837309E-03
 0.61115280395261E-03
 0.77657731011805E+00
 0.79600936603916E+01
 0.13697289080598E+02
 0.19032145797899E+02
 0.24165702980874E+02
 0.29188979670202E+02
 0.34157934761862E+02
 0.39114656796756E+02
 0.44094323569947E+02
 0.49125695663744E+02
 0.54227890235684E+02
 0.59405722550813E+02
 0.64645640232338E+02
 0.69912791283100E+02
 0.75146851323263E+02
 0.80245263186296E+02
 0.84945400922596E+02
 0.89445440718668E+02
 0.93896529997632E+02
 0.98297163259922E+02
 0.10264638906086E+03
 0.10694369284526E+03
 0.11118889516653E+03
 0.11538206640842E+03
 0.11952345733015E+03
 0.12361344382693E+03
 0.12765248392348E+03
 0.13164108497758E+03
 0.13557977920908E+03
 0.13946910589268E+03
 0.14330959880011E+03
 0.14710177771858E+03
 0.15084614309021E+03
 0.15454317300582E+03
 0.15819332194523E+03
 0.16179702078662E+03
 0.16535467771370E+03
