   67.9607084521701004765177165464628266      
   67.7624640761486032151820673407991265      
   67.5591488520912764069815325644096915      
   67.3507186278345715257673728130238277      
   67.1371214189464471062905656073042078      
   66.9182965280024240420255985724056149      
   66.6941737527408893329341027806655170      
   66.4646726756202457269194400996492854      
   66.2297020258200823100769256099942150      
   65.9891591036501943002712652089179488      
   65.7429292565970367956534382790684146      
   65.4908853957693979197761583882651887      
   65.2328875412478329093637666332086933      
   64.9687823847356132864115246900763335      
   64.6984028579007255375855571298367495      
   64.4215676948411999842455306152901282      
   64.1380809771579839614228268611964820      
   63.8477316501386116223766731915752094      
   63.5502929985079409491184764270143358      
   63.2455220700551722405791878119850781      
   62.9331590351621884772866202580335528      
   62.6129264698112181358379247239030110      
   62.2845285489990654798591065714049610      
   61.9476501365977750837802476850047734      
   61.6019557565337921844862705473548521      
   61.2470884286633775212160548763319939      
   60.8826683508412845446120067055997704      
   60.5082914063464497823916167243667545      
   60.1235274729556154519380567467207894      
   59.7279185064410454698859659542430442      
   59.3209763669794868418292851503912968      
   58.9021803517344099803848159436055478      
   58.4709743905044192664014940921598644      
   58.0267638535567071733787472989362140      
   57.5689119112501452352146436790104090      
   57.0967353733681855633165819300622258      
   56.6094999216739081445055614543695092      
   56.1064146313430069795119525954962252      
   55.5866256546855867533978887170334503      
   55.0492089126819267689029183892161771      
   54.4931616046776176394592260834306371      
   53.9173923018861995486537366393184094      
   53.3207093331228878851820608623327617      
   52.7018070973355850486155723165271107      
   52.0592498413309704026712069806650967      
   51.3914523146949643908240511343932715      
   50.6966565460791836010526666337386387      
   49.9729037597371800751076600811230274      
   49.2180001451640705827787336141048700      
   48.4294747715829153896501453171429986      
   47.6045273513300986134234854985839979      
   46.7399627232307747313145848723707183      
   45.8321077261220742864600120416801296      
   44.8767043680467313376844056772749967      
   43.8687705481248434322482140044635184      
   42.8024155169190937426134569061411722      
   41.6705908311898075336286451463272756      
   40.4647470843652716040405263373446086      
   39.1743490108475941867514071822601897      
   37.7861704464819676893322207088451813      
   36.2832331517093446371298641975540182      
   34.6431410573142847283565062058982472      
   32.8353257875932107023653770888609211      
   30.8161816122498976983844163759954660      
   28.5197022823220035532662959548163920      
   25.8372281784777914139123461943394697      
   22.5654699464242410559791557741615144      
   18.2288007231069707249118585785390806      
   10.8775612809272183570545605942224079      
   6.35531606893966135421655485067892900E-0004
   1.66982638106341622850633217835704460E-0004
   1.16100522744843247132218040737994269E-0004
   1.02046054364436967341586864126088193E-0004
   9.48964639841822003254839475936952306E-0005
   8.95914261750968107657715632061132073E-0005
   8.49391109629840766649369264764190891E-0005
   8.11783898946835368339846482980085672E-0005
   7.90892972303087796075123691006429875E-0005
   8.31472069058333646442862681106145957E-0005
   7.71693524038858398895456950681192754E-0005
   7.09535842416869342900070534743939730E-0005
