   6.00217373839891673878413265121737241      
   6.02105922236175611897245599663087410      
   6.04047100597003149653093797696528119      
   6.06038500367742601269734337610338023      
   6.08077668848523250644831256725414586      
   6.10162113190623491030372592816651022      
   6.12289303204866416213117931616581734      
   6.14456673027909591967153775797038468      
   6.16661621666988048732741226604841635      
   6.18901512415628968639993812521402736      
   6.21173671101520388786616794571681585      
   6.23475383091928409279620422840424486      
   6.25803888940305806657153161373270253      
   6.28156378507947572626434765289346939      
   6.30529983333683530258790156185771459      
   6.32921766948866663522296807717350553      
   6.35328712738589908899816377508556219      
   6.37747708825580840622954109134228040      
   6.40175529289647252021819260794689155      
   6.42608810817129981595395251262621727      
   6.45044023578913565896022950455051438      
   6.47477434728391494055114065962530074      
   6.49905062341580782138103543765011184      
   6.52322616812803078767761293651267455      
   6.54725425549117858570249825490544465      
   6.57108335080842686525629129718331820      
   6.59465582105338020720655514668877762      
   6.61790620971068328600743078486482636      
   6.64075888761108625510400151802542386      
   6.66312478789792872788319840684258535      
   6.68489675906680695036576652251645389      
   6.70594276572515258520850110268804546      
   6.72609561260859774971062727957622903      
   6.74513680952588346174245336656952981      
   6.76277006236856026717212022818079246      
   6.77857529164904977566933109933542651      
   6.79192341692146074353880906676996700      
   6.80180459426682611251586541554506530      
   6.80643976729489802770714859197775236      
   6.80223175272203498023719608646118943      
   6.77989490123855567209527220946377498      
   6.69502366954299648323396909050588453      
   7.19167176525386344254784126282828286      
   7.36628438781719996313432071113334352      
   7.48258927786625753928858342224097919      
   7.58081257824550038394411998532079833      
   7.67044995386617318883755944524597527      
   7.75526017672297589187720168736252253      
   7.83704769181055061615323085454448216      
   7.91671560997229859759097436036792468      
   7.99462446733952904985253542285596054      
   8.07070587226581026883834529722781196      
   8.14448225160507249444291247467446336      
   8.21505709049714433751594045261972907      
   8.28108628245595263829705585796304517      
   8.34067360819845090745559608216802011      
   8.39092283974406856705003554220783620      
   8.42390682801974528304415317843497336      
   8.44387028948365791003770784981932199      
   8.46344714215364289050037689830648125      
   8.48263163408468557895534502040738670      
   8.50141862286760685172349790347876462      
   8.51980355958883710607778871438392292      
   8.53778247255457795174727033129294441      
   8.55535195080035139922905614713242829      
   8.57250912739770908822962567641229376      
   8.58925166259233173045309557636883730      
   8.60557772679289810399835868366127110      
   8.62148598344126542009345086957301074      
   8.63697557177171247864025936376883637      
