 0.10342518799128E-01
 0.10403145296446E-01
 0.10466300350007E-01
 0.10532032905684E-01
 0.10600397897408E-01
 0.10671457132818E-01
 0.10745280273619E-01
 0.10821945931384E-01
 0.10901542903523E-01
 0.10984171579251E-01
 0.11069945551748E-01
 0.11158993480866E-01
 0.11251461261181E-01
 0.11347514563595E-01
 0.11447341836207E-01
 0.11551157873013E-01
 0.11659208089199E-01
 0.11771773682123E-01
 0.11889177911304E-01
 0.12011793804761E-01
 0.12140053700953E-01
 0.12274461178062E-01
 0.12415606124133E-01
 0.12564183991883E-01
 0.12721020706751E-01
 0.12887105329552E-01
 0.13063633537441E-01
 0.13252066483164E-01
 0.13454211978219E-01
 0.13672338856543E-01
 0.13909341994032E-01
 0.14168987073381E-01
 0.14456285440413E-01
 0.14778090286156E-01
 0.15144088897241E-01
 0.15568549363064E-01
 0.16073623549827E-01
 0.16696216299111E-01
 0.17504295779804E-01
 0.18644019320493E-01
 0.20528623033027E-01
 0.25487501203526E-01
 0.53386831334606E+01
 0.12131594947962E+02
 0.18165766429713E+02
 0.23860866762591E+02
 0.29369654177329E+02
 0.34778400191284E+02
 0.40148914065628E+02
 0.45530821236175E+02
 0.50962735135144E+02
 0.56468074428632E+02
 0.62049559885454E+02
 0.67685295175876E+02
 0.73326776406458E+02
 0.78895728548480E+02
 0.84268903327028E+02
 0.89135283197081E+02
 0.93555124606942E+02
 0.97930730156894E+02
 0.10225941850616E+03
 0.10653919860099E+03
 0.11076866248104E+03
 0.11494688156862E+03
 0.11907331212094E+03
 0.12314771257014E+03
 0.12717007350380E+03
 0.13114055982780E+03
 0.13505946399092E+03
 0.13892716885622E+03
