   59.0731731934623315287709726216447095      
   58.1572526074139749672898333840206450      
   57.1383635561395380454104385768591036      
   55.9936161065910485181301288333913256      
   54.6914170790623772458103945696772559      
   53.1867451535296671007164084014170152      
   51.4146781983801448617764378510487072      
   49.2891957735283854269768406192395178      
   46.7300066454871978961906880207660603      
   43.6446007939440202738897203001039885      
   39.7584964411992567806303992666974757      
   34.4435077539282041790054827644492433      
   25.9999823821023447848688363329964199      
   6.12288269987028924582795779658275587E-0004
                                           NaN
   1.34341288194349457151543465780556109E-0004
   1.45064059629569165109428670649867393E-0004
   1.49494815054068727293254628722185066E-0004
   1.53585942894249545237116847860369897E-0004
   1.38383909384415454405675768499720009E-0004
   1.29374080268192043543962006570006953E-0004
   1.24984958883106703066029427266133009E-0004
   1.23259145256285147119822455326536945E-0004
   1.26255638933771280234232311913655112E-0004
   1.25889982307452291620715081952228986E-0004
   1.24123673066264872057127325960162196E-0004
   1.22495679706310098011094254161345954E-0004
   1.23017611395003483381562775082401409E-0004
   1.35006969228838043214609271977348902E-0004
   1.07959253582688814324407835416640213E-0004
   1.02894909415684127625913238879804966E-0004
   5.27909741458321249007618958895931446E-0005
   1.01765820313720533745101662968910841E-0005
   1.01713961240560281603292780494205797E-0005
   1.01669287350121596918388155035134037E-0005
   1.01630562187743461985614289807695118E-0005
   1.01596798724984681819988506395213280E-0005
   1.01567202381431981524091607483489152E-0005
   1.01541128451141388631215205258112417E-0005
   1.01518049968790873194280821563836178E-0005
   1.01497533224333109568329153199932818E-0005
   1.01479218938682912714868323670626709E-0005
   1.01462807669815536844060508556393940E-0005
   1.01448048408892466058041789786269195E-0005
   1.01434729602483003914581957538331530E-0005
   1.01422672034804670223557373483773593E-0005
   1.01411723146886929510069700816514113E-0005
   1.01401752473838686119052950364512567E-0005
   1.01392647958111486909680632173109666E-0005
   1.01384312953550148284824859640203924E-0005
   1.01376663777557987595279127151208185E-0005
   1.01369627700739037801210731830017460E-0005
   1.01363141287677375407857541876113299E-0005
   1.01357149021067694757010884342746121E-0005
   1.01351602155670706140721737501631366E-0005
   1.01346457759593180173568727951262330E-0005
   1.01341677908969224206238862975276334E-0005
   1.01337229008828080618463881259003642E-0005
   1.01333081218209785137384619506198849E-0005
   1.01329207961761000501768330682024658E-0005
   1.01325585513356755564944721972933397E-0005
   1.01322192639938999749751119296495182E-0005
   1.01319010295884026340748109948924988E-0005
   1.01316021359919262017776194785075218E-0005
