   1.30108254316323114680153009988482549E-0002
   1.31128791596364062738818928813104645E-0002
   1.32292767259572219062945343519695196E-0002
   1.33638238425882777545414463909700360E-0002
   1.35219838175629326576475795193407308E-0002
   1.37119207052018641806370662887367050E-0002
   1.39462176612895843955961535904045856E-0002
   1.42437431601018819606012088903362776E-0002
   1.46285768847304846206893037033939009E-0002
   1.51368231625618913358428471627100462E-0002
   1.58593368625548926435810444054351794E-0002
   1.70390867115784313927103220040059731E-0002
   1.96116201584956032568563220628232642E-0002
   4.09289256708885796418804355379571733      
   18.3292570762837931398003339248614444      
   27.3486866375901022700943897723523979      
   34.6127095122355906539251080378680292      
   40.8765635117897483346062532146405596      
   46.4710442950533652321730705879463538      
   51.5783061338562859528426034174814951      
   56.3112075441364493852856109543153650      
   60.7448268435240545158726175828777380      
   64.9318368213144196000782783746143514      
   68.9109630566094463255053398689499647      
   72.7118540497289104787827706871284307      
   76.3578855721133058353057554155610787      
   79.8677198106053667086737847424920158      
   83.2560329587886707139025498744450198      
   86.5334790730535113374815085623696822      
   89.7054546663172649335849906609174342      
   92.7676570002493636709781008957859312      
   95.6845843309803800271343629787669406      
   98.3486494937964027576496403538000954      
   100.937806669100801633431641164326031      
   103.468860084424852742442235792174811      
   105.944205395490420719302061834867760      
   108.366111192819002661243384455045523      
   110.736723981414662456529473208681092      
   113.058073625417389853423037760263224      
   115.332079066485006473031286705785265      
   117.560554170238486877460419070222252      
   119.745213587031091352092555565651652      
   121.887678537897305490807973173614971      
   123.989482456688859610243921320942122      
   126.052076436520680991256251948721092      
   128.076834443092058281749976642974271      
   130.065058269829892550831969684314581      
   132.017982219925637476506738413534258      
   133.936777508614335088211717322780740      
   135.822556385523839433342881525001551      
   137.676375982018983821784161630214265      
   139.499241892119354888555888450581724      
   141.292111498250463120576285047779406      
   143.055897054827087977871462783734800      
   144.791468543728237604766840041647063      
   146.499656316225502957907051323773245      
   148.181253536003012249059281555318517      
   149.837018437672914969349076326267134      
   151.467676414734173131316112697211374      
   153.073921950288774590955669319298995      
   154.656420403128473529375148840712903      
   156.215809661018883111830137217015298      
   157.752701672204163973452807166351425      
   159.267683865353402010192534723837568      
