   59.4807693708764347227301690170672315      
   58.6183923484600396462884562491229203      
   57.6659256452445691381138842792071337      
   56.6053538409314931956267749293700535      
   55.4126656571198879448615177280588922      
   54.0549585330544278479175375024933490      
   52.4861665779366285606004484811877608      
   50.6424320923928386304345761332323424      
   48.4444134367987793128500123422129741      
   45.8116755222118135253746955419049490      
   42.6188055166602866644902391230707762      
   38.5625366961761409624821892314993047      
   32.9646057938474079480771488951514722      
   23.8642274656007041024271041182678686      
   2.60504165361148742811451555642589955E-0004
   3.67861683391773586183507789614921881E-0005
   1.26329988558162914004112558259840590E-0004
   1.36751425172095113648795293756338927E-0004
   1.43321021540234237060537829754730839E-0004
   1.42199195183455335430082054308924994E-0004
   1.29991383739500587582264411794264696E-0004
   1.23487773702138974107618020044675964E-0004
   1.22769917280118143367524620216689615E-0004
   1.26092069161704614563700305588893826E-0004
   1.26459979157780271749796263265448922E-0004
   1.24731002662259592805105833426191097E-0004
   1.22739742250102645628599077165962485E-0004
   1.21261382086574245213164040909537293E-0004
   1.23559050700308696976420273435288970E-0004
   1.31354389301250873450757134223354944E-0004
   1.01102970871189162585552787927626408E-0004
   9.24147935428703662199359732654255881E-0005
   1.01830595953348800078410920912779116E-0005
   1.01769256917821051372883371620768902E-0005
   1.01716820333076676134609751354013246E-0005
   1.01671685209430682190963647571576936E-0005
   1.01632587562719525186057092155929303E-0005
   1.01598520172451786345995404703148725E-0005
   1.01568673463991137385917308914994200E-0005
   1.01542391466181145500481527620553653E-0005
   1.01519138655738504768603085424433789E-0005
   1.01498474752434213995669157627307849E-0005
   1.01480035382290249871606408944379721E-0005
   1.01463517114607069389193146697527220E-0005
   1.01448665789516335368541982371717692E-0005
   1.01435267342804578073192213034237990E-0005
   1.01423140541678413885123405586353253E-0005
   1.01412131194239719790898336631645714E-0005
   1.01402107503888161068118789818341598E-0005
   1.01392956319453244418449466459968339E-0005
   1.01384580090756562544702897417012801E-0005
   1.01376894383244364596350452461393309E-0005
   1.01369825838359384499524423617854765E-0005
   1.01363310491328897779518551124121952E-0005
   1.01357292377111417587181962327658640E-0005
   1.01351722369875072482484314976002057E-0005
   1.01346557212678782393802982681718592E-0005
   1.01341758702804070125090858116126599E-0005
   1.01337293005042693232584566823031255E-0005
   1.01333130070632436039827667162493163E-0005
   1.01329243143787783921112713718687480E-0005
   1.01325608341149023690715636523166563E-0005
   1.01322204292166649397805297773558951E-0005
