   1.29661699984270291262461840071818087E-0002
   1.30611990566890578427673294740401940E-0002
   1.31686230484154640730851394195755784E-0002
   1.32914158256414511816814791752472565E-0002
   1.34336948414019516273559073163409813E-0002
   1.36013567144258256421703128262070731E-0002
   1.38031298259267381976628940183383510E-0002
   1.40521482450950536401854014111881958E-0002
   1.43673988763974954357511560181217168E-0002
   1.47744700501976033250658593971439465E-0002
   1.53179047000281252817702624734660689E-0002
   1.61033859826200329931960633654383647E-0002
   1.74171084761719609786172897539774948E-0002
   2.04703991047497731318531971341298533E-0002
   6.66582699010012934466829716381526666      
   19.3189361835661907402066025265143220      
   27.9618823230485615799635606033266683      
   35.0307642166884132344983503788336735      
   41.1718534005476621305448838753815689      
   46.6816139763719879289936034407783612      
   51.7269096363496094140726548504807245      
   56.4125882562259704083473534995487278      
   60.8092580531668072091216473580477399      
   64.9670014253930129058731090012294470      
   68.9229118461620669997599474151169437      
   72.7054374170845838984593872408458753      
   76.3369053737779332531616527864949943      
   79.8349294632779248255927766296141293      
   83.2130085097039670106006349631611448      
   86.4802672864474588112878086746830885      
   89.6396345164353370489505231778397610      
   92.6810770346491428470532673013964996      
   95.5292647324595807525877097604180559      
   98.1884063196466523130536507569397654      
   100.786024860690606446478385812607900      
   103.324806609325370795515993672313018      
   105.807279517051181029106430004322588      
   108.235822010204492941286073013542979      
   110.612671707633870391369222589399266      
   112.939933971809349351266461478392254      
   115.219590216743961927151693697016174      
   117.453505915608052070742449464544738      
   119.643438265268512492054270996140784      
   121.791043476945802321938547293731180      
   123.897883672756891197429806558193820      
   125.965433377167762725888560072908976      
   127.995085600584602690106784296326017      
   129.988157519101546342670986086582593      
   131.945895759984032651671206145715080      
   133.869481306721612756727446765774367      
   135.760034040661731061103857080811388      
   137.618616938366602675680138440586523      
   139.446239945144458679763178047393017      
   141.243863545816927932952803880767067      
   143.012402053844741509218902330605545      
   144.752726639581088511098306254692466      
   146.465668117737638479856653097034321      
   148.152019513273170780993601154265311      
   149.812538423873542295358391838719355      
   151.447949196071693697471299641013995      
   153.058944930898017655027233803631175      
   154.646189333784366270844527190175948      
   156.210318422306032134360685628118923      
