   5.75680188116313107596348891236242931      
   5.75669440201721261164782274948825333      
   5.75651536431631838060901155162618066      
   5.75626505337478656362344272947026612      
   5.75594387129543346492753876545667087      
   5.75555233714280449854881104748957398      
   5.75509108269263704669405163832291871      
   5.75456084474801710949172056296970472      
   5.75396246114288050817036648640903438      
   5.75329689102637727942495252015761377      
   5.75256529404473685787119917118977760      
   5.75176920192321459943621893367316604      
   5.75091079481685892201483363832723857      
   5.74999326644473032247589888568389113      
   5.74902124242448996636520262328643139      
   5.74800121053681264201084211317752989      
   5.74694192513080978061602808227812443      
   5.74585475362763388145389605044990221      
   5.74475393803988850574351634286717570      
   5.74365674899702459562112294386073559      
   5.74258351582085114585536662615321091      
   5.74155752453879546783930996935025769      
   5.74060478585004695424754239466040275      
   5.73975368532309985308000463456373321      
   5.73903453689118267746101550675434859      
   5.73847906669037371769922394514364816      
   5.73811985707473206012884703814192284      
   5.73798978020234164658188515499983540      
   5.73812144773462345410516720521890505      
   5.73854669856130950392426317675606486      
   5.73929614100755267427393743878206592      
   5.74039876036539486945822763879803557      
   5.74188159736602133602767750334452059      
   5.74376949873215155674795805466045735      
   5.74608493736132596808162408690725298      
   5.74884789708529066590591092439979330      
   5.75207581518121774209039867125516439      
   5.75578357486628392011616329649397440      
   5.75998353964388504207911232016445849      
   5.76468562152574750503109354675334118      
   5.76989737560077256065620656207294756      
   5.77562411414551313146003909069355750      
   5.78186903425372573053083569681074020      
   5.78863335384683218131089735685466952      
   5.79591645174692398991253408153092633      
   5.80371600830421026611857754072800062      
   5.81202814380235803094517682199685843      
   5.82084755247462422005683096946781828      
   5.83016763054886959470007984761293453      
   5.83998059716898682714770984624205411      
   5.85027760744077534350395517820990145      
   5.86104885714885747125133953009716922      
   5.87228367892636550081109390995631415      
   5.88397062984571783490758463479758063      
   5.89609757052864451820615215210714226      
   5.90865173597295524584855245022575503      
   5.92161979832462506388439359802292385      
   5.93498792190345780898757859521793276      
   5.94874181072329024702265772846373595      
   5.96286674880357218240610849778559528      
   5.97734763348455720227469065204855389      
   5.99216900193490836692861570842055803      
   6.00731505096730467890445871233175814      
   6.02276965021012172703320837227546563      
   6.03851634857689979529758033607365724      
   6.05453837388168987858680693478095825      
   6.07081862531148906482321570898553177      
   6.08733965831099345873150610469470219      
   6.10408366126917180710086742132273709      
   6.12103242315512462547588604444392970      
   6.13816729101003626168400740896505845      
   6.15546911583808028853088482480904326      
   6.17291818505758054814695954767328253      
   6.19049413914262902641475623226023331      
   6.20817586938035831589535930682641798      
   6.22594139287382037269325131499548387      
   6.24376769971558212175448304820194772      
   6.26163056580962181045991622113279184      
   6.27950432276480494243349117345027221      
   6.29736157358541470480988349038317868      
   6.31517283910933645538858211366592744      
   6.33290611489109125629765219068553556      
   6.35052631078807727191581551528124740      
   6.36799453481273488743003247108719377      
   6.38526716698699163432917227368589190      
   6.40229464541025974168714099040656483      
   6.41901985049656450537963132517326374      
   6.43537591649881063093081442285010951      
   6.45128320755396092785615798568679775      
   6.46664504226922835728066849113614092      
   6.48134148624607056377364355891011610      
   6.49522005605265076361907582491916905      
   6.50808128168396351384945883135671603      
   6.51965529214282963246047026664348535      
   6.52956180864698001431062008129019868      
   6.53723724762560431349514879380824307      
   6.54179051670714024373087839834756833      
   6.54168407732806685004340423831287736      
   6.53390133709713706403303701870186915      
   6.51107545016867989610912147344305316      
   6.44358870062972686351339678319790399      
   6.83703180028648531344685426571659657      
   7.03083911897072842216201748985775349      
   7.14497885515553666182621125396659921      
   7.23832010911749588707835230384920582      
   7.32199468419033007495551848897571789      
   7.40008444952088668653408920718342494      
   7.47447659025202413260461621872110326      
   7.54613322541214319342723817886129264      
   7.61553487098141517051285832102368949      
   7.68284834258650155963456464030355631      
   7.74798173517279427582389483825843750      
   7.81059150900955385929709716982348644      
   7.87006648759953710778700641287949149      
   7.92547621613665604811576180648066656      
   7.97539084489859889357776159083591723      
   8.01692359025693440886532557250137855      
   8.04530736963829596875218075369534409      
   8.07239172992630954319744245714107522      
   8.09899166370938926489288963964812255      
   8.12510205001883536930100741180153247      
   8.15071828945591718791405767086572505      
   8.17583629965789182981735580796231730      
   8.20045250989553451109309029672966183      
   8.22456385483011648699995147846944921      
   8.24816776744433667210806335998936825      
   8.27126217120281432119544224345287718      
   8.29384547146631068104696195535158797      
   8.31591654619233040533828396038719188      
   8.33747473596797365705867479143672266      
   8.35851983341979982231473538844604029      
   8.37905207203574149199447912548848868      
   8.39907211445194655386481293969112738      
   8.41858104024406090953152970269250614      
   8.43758033327167724954867399057567744      
   8.45607186862399521809529383891188526      
   8.47405789920951986246526469285277520      
   8.49154104203933258940130292639561796      
   8.50852426424953324819240105522797660      
   8.52501086890735022121053275185355382      
