   6.89106107768869444049420377146845167E-0002
   1.06792509856241194790010783359131004      
   1.10584771388974849432344821306796692      
   1.14508254463695557886440104548739493      
   1.18567772001124361815971669601724522      
   1.22768297283763960876093054224728879      
   1.27114969320036843151789529965189674      
   1.31613098869361232584827362456165092      
   1.36268174751748281239900922339105242      
   1.41085870690945448140650016601397784      
   1.46072051046352785659724733687701041      
   1.51232778839643016648732059261557016      
   1.56574321767507318857777758939912974      
   1.62103160603614920345070444263342779      
   1.67825995998795627612363049765646656      
   1.73749757013020730427448102672057060      
   1.79881608801191318875562540065833877      
   1.86228960902654914425886712121896309      
   1.92799476400131480775903554552078679      
   1.99601080449508376157664535416035040      
   2.06641969436848563634786834762081985      
   2.13930620632198335887756219100242384      
   2.21475802048601152443460256180778256      
   2.29286582024484881773670089376374889      
   2.37372340297106514620479915768508459      
   2.45742778126631321141068442309830101      
   2.54407929566263054170679925559979542      
   2.63378172681600274055189148449397331      
   2.72664241319400428110788460981242289      
   2.82277237073954429837080796947174170      
   2.92228641569215060786774406348576668      
   3.02530329247016116130412735888473640      
   3.13194580422906817207664703502292683      
   3.24234094544360829418340903092114180      
   3.35662004261884806693864402991385526      
   3.47491889259715136186382985579171028      
   3.59737791069841205806695098671059852      
   3.72414227708584912871264922599145092      
   3.85536209135465182497301805959831012      
   3.99119252828288554261883136628117046      
   4.13179399760748821286542490308011952      
   4.27733230859000716634824725403835834      
   4.42797883680717527926745427984073419      
   4.58391069618041397206293646347139366      
   4.74531091343584482463802546993689791      
   4.91236860471319105414392028722540712      
   5.08527915934420832657975472675397372      
   5.26424442277042324286180451802211970      
   5.44947288504371172409106211559397083      
   5.64117987015201144586166689893853415      
   5.83958773042678727944936445655007522      
   6.04492604070013803891460473658959089      
   6.25743179589474939837546764225558077      
   6.47734961073958611165178103567260380      
   6.70493191913923868535717873340483841      
   6.94043917658045974849111098236095325      
   7.18414006144662679704090647976781919      
   7.43631167752388900994079761128816518      
   7.69723975494267554728828593814568596      
   7.96721885162209187529769579369952987      
   8.24655255233483868844087219246204428      
   8.53555366603334204065926558674450125      
   8.83454442050772862004824140967494728      
   9.14385665432329960002925940840325501      
   9.46383200485673541494291112845718715      
   9.79482209224731407805500748250700978      
   10.1371886989192828951347452740279864      
   10.4913039439898223369035361685636789      
   10.8575504526436159881333434953342650      
   11.2363215199992071443204404340960877      
   11.6280212697919470434965145815736976      
   12.0330648077459306717655836568920224      
   12.4518783715156389230785296395340658      
   12.8848994778017913167507730126371964      
   13.3325770703973908599282804465522414      
   13.7953716725906219494204105349640925      
   14.2737555525215752835069821406532628      
   14.7682129100272388906893992450251162      
   15.2792401007078609089465961033458164      
   15.8073459165033640219658195313610838      
   16.3530519481809854650314240641100845      
   16.9168930613088546770639787810615728      
   17.4994180215843255490365427909767752      
   18.1011903078005237300760903584297797      
   18.7227891485021063212640678903397596      
   19.3648108092277262651240127461030356      
   20.0278701414322083261355061796919904      
   20.7126023785283572038353690463935578      
   21.4196651345075277054389921217784932      
   22.1497405261135032452310973602424244      
   22.9035373134669596939488688708588717      
   23.6817929414877183886389652403624049      
   24.4852753827208693501950608713072345      
   25.3147847385074585518269430048186737      
   26.1711546612831607241794041601747859      
   27.0552538109091807793684224290259495      
   27.9679877376303961937258198699137692      
   28.9103017587570917132003099373739566      
   29.8831855111891446354529515079314023      
   30.8876798600867724186429912820100504      
