   6.08227681557611398514647330791017981      
   6.05267764124606168053453454294061865      
   6.05809068446239318553693400599342836      
   6.06365744105485756485416649330366376      
   6.06937002220127364225993841055787730      
   6.07522088051290928398499949275272938      
   6.08120280812788733909253882077899903      
   6.08730893290256273866699640789604662      
   6.09353271264039173526310338970088458      
   6.09986792808424811238411938313975688      
   6.10630867286789532168690020786151663      
   6.11284934521084197299637453035016086      
   6.11948463596762794327236300318842314      
   6.12620951891628453351908923030537554      
   6.13301923838589490918990660005718046      
   6.13990929852265782144522675588032977      
   6.14687545114648463539325657416197757      
   6.15391368407922933790746079985141203      
   6.16102021023366550781899574111231361      
   6.16819145584996411430878686717804779      
   6.17542404936129069285208661250348493      
   6.18271481072313276089980356922771621      
   6.19006074090756759147510846445078244      
   6.19745901114379231615111505973179340      
   6.20490695360900447728354333578324486      
   6.21240205121270939407020051484546923      
   6.21994192847945254968740678368649654      
   6.22752434238183912391316539315893362      
   6.23514717365683312186664134882299421      
   6.24280841827699937024638614706459946      
   6.25050617916998732887059943693579999      
   6.25823865830730107780278401876988361      
   6.26600414894454761753471712942399139      
   6.27380102795776381979375754497506325      
   6.28162774867759047077001251015903324      
   6.28948283344974729378015594580117528      
   6.29736486674344428566168100599198301      
   6.30527248799103595643170916355025155      
   6.31320438478721727479054684265626216      
   6.32115928595651352238561556184727656      
   6.32913595464707589254627884631555422      
   6.33713318145199396520010564640261129      
   6.34514977737900537375387466988393407      
   6.35318456679689366780928550262208409      
   6.36123638016772086680184727631321519      
   6.36930404652564619913169773771918331      
   6.37738638589365062746656849220184075      
   6.38548220121158320616192666723965697      
   6.39359027003521451729027661598834585      
   6.40170933574216010577038435416762398      
   6.40983809837182212282057629423377362      
   6.41797520482436949375194663055881921      
   6.42611923851110191883529553445400025      
   6.43426870833211163067252161552951129      
   6.44242203682772083414760053127773023      
   6.45057754754445145385160991325439337      
   6.45873345139166380664912655680740626      
   6.46688783197447546002706970845154195      
   6.47503862971909311124840378349549381      
   6.48318362474108052593007429368376116      
   6.49132041825362327747351466529866982      
   6.49944641240406330945251037869895652      
   6.50755878836911610682712475644860031      
   6.51565448254629664290114521280274207      
   6.52373016063831781879246140717644292      
   6.53178218943439597701410719447495614      
   6.53980660606904953550780360783022134      
   6.54779908451417768623806212500580809      
   6.55575489905316179577133495825359628      
   6.56366888445362516958674289246312927      
   6.57153539254310737386147339658909423      
   6.57934824485744878366616445574438498      
   6.58710068101975148890092667611330716      
   6.59478530244794405650465267412305411      
   6.60239401096349836208124733109011835      
   6.60991794179397504327191375339547989      
   6.61734739039738552754067499831017588      
   6.62467173240548300627362767156805651      
   6.63187933586040858176257937887819755      
   6.63895746473686028100697082420177930      
   6.64589217254789707679936858537625539      
   6.65266818462344259417286116631463251      
   6.65926876745814332773388419378470328      
   6.66567558338956681405068244179183434      
   6.67186852883810807086086862576198319      
   6.67782555447904309744512046616166968      
   6.68352246605871742510310600224201682      
   6.68893270515781987750748629835798468      
   6.69402710998787720809884794322368809      
   6.69877365724800880936906648060343236      
   6.70313718694321403395950054440931995      
   6.70707911271282844856791928923572916      
   6.71055712027982756077443259635628361      
   6.71352485589155667272676930352129125      
   6.71593160478188224713424926832530472      
   6.71772195675827837385410293784927382      
   6.71883545221479405780476612226910045      
   6.71920619781080213234329622490952963      
   6.71876243783653030340869644815452341      
   6.71742606614141334994280855019519614      
