   45.9881770887817651205997789062899206      
   43.6037782609462225266798329694500333      
   40.8941375893303172785873588752610317      
   37.6397588787790836616945948278647101      
   33.2918941187379564222714217615513624      
   27.1057446323194859854130446754548491      
   15.2154960566405497056565963802060685      
   1.34743379923622159456186989877583035E-0004
   1.25335878630786962642443631405402137E-0004
   1.27663145866711788164724616934502281E-0004
   1.23520559281589635467500291886748172E-0004
   1.09043632751466802348267332200753559E-0004
   9.43658344570507610012367197538151944E-0005
   9.09184379740743592737198297727065114E-0005
   9.28310959201956715499381634843241893E-0005
   9.12708472940992509217993584704688615E-0005
   9.06069766357786312050044605458751177E-0005
   8.99804267437141622616218612976518554E-0005
   9.70045488679710786860863525619584206E-0005
   8.24900021329360054001931543119175109E-0005
   6.76794110366626095233485101085873106E-0005
   5.70156518194598558009080179498681231E-0005
   4.33913464938156382593729491302235083E-0005
   1.55171685171876013364309427463185297E-0005
   1.55171630699442399933380651388288237E-0005
   1.55171431164141184564428644044943384E-0005
   1.55171107948311251677377784405964184E-0005
   1.55170682023946244326930098946671047E-0005
   1.55170173181235930329176387788085928E-0005
   1.55169599509736446444920405671225962E-0005
   1.55168977105407739905790589649032089E-0005
   1.55168319961527731408370421598054049E-0005
   1.55167639996776283240442206304110361E-0005
   1.55166947176452761538659408421759169E-0005
   1.55166249689593229919151673372771349E-0005
   1.55165554153077575644809430731844846E-0005
   1.55164865821941749416033866183045486E-0005
   1.55164188792112019528743505987115463E-0005
   1.55163526187311049159231578950488029E-0005
   1.55162880325960793200551297937089291E-0005
   1.55162252866717113612216175416753665E-0005
   1.55161644933075304019975790395425451E-0005
   1.55161057218541647853526916194118832E-0005
   1.55160490074397301600867512742745669E-0005
   1.55159943582264231217310559538613096E-0005
   1.55159417613650898557693520481221778E-0005
   1.55158911878501041657335715212329151E-0005
   1.55158425964554969619194161399704570E-0005
   1.55157959369099328360546737284635502E-0005
   1.55157511524452011455956598177675288E-0005
   1.55157081818317073794709594923803083E-0005
   1.55156669609956076896482348691742015E-0005
   1.55156274242958970619517282150928485E-0005
   1.55155895055258729468584119551190419E-0005
   1.55155531386917367165898370773307254E-0005
   1.55155182586114030081487405504923714E-0005
   1.55154848013685932662987313682120117E-0005
   1.55154527046507265621239353898318879E-0005
   1.55154219079937556400839613850073640E-0005
   1.55153923529527233148794092468178241E-0005
   1.55153639832132477063478719131487034E-0005
   1.55153367446562643714201801384617213E-0005
   1.55153105853859901989551710099880067E-0005
   1.55152854557291706327500662899035829E-0005
   1.55152613082121235442194368597227605E-0005
   1.55152380975208336428161407930430863E-0005
   1.55152157804483275207451246788102862E-0005
   1.55151943158327329553748742307676018E-0005
   1.55151736644887488388857399635836327E-0005
   1.55151537891347039016745114905230992E-0005
