   168.928533183384168610195859996076333      
   162.125045315660744391456023702897115      
   153.912304581574233578396755916747295      
   143.388470732888762284772515958514581      
   128.332637292900977835580868063476810      
   105.475737873315128435856541129836671      
   59.0560021946609990060086600894085300      
   5.61740679012169655813186880747390208E-0004
   5.30267963736611046057183104123857940E-0004
   5.47983556141284009999829965849040295E-0004
   5.39992615006627826036112592947249677E-0004
   4.88036343302215368543529762500192667E-0004
   4.34990564864117002865263544998146063E-0004
   4.34602141464323232906180449058650139E-0004
   4.63768849871928383293786510914291901E-0004
   4.80785943957801615448757869902179947E-0004
   5.07979433732169845172334234807171098E-0004
   5.41464043066623262336969504584983019E-0004
   6.30101295051439145129844439958758339E-0004
   5.78818512219979174940887914334752412E-0004
   5.09768337877617182613646467677762331E-0004
   4.53865670932082964980381172974661087E-0004
   3.55084586034231326924133253699845361E-0004
   1.25042386687082711143398226558261987E-0004
   1.22566970822756639827265451413178229E-0004
   1.20264662343925356331535861514986516E-0004
   1.18117312673383830198672248886963652E-0004
   1.16109318453004122513691733248061584E-0004
   1.14227180169112390989719357049389499E-0004
   1.12459150812302487674073391254619758E-0004
   1.10794953677060884460630803076586534E-0004
   1.09225553796387873395851003016031268E-0004
   1.07742971374923567093619200436561573E-0004
   1.06340128396276664931053516181091109E-0004
   1.05010721648799888967719229056241194E-0004
   1.03749116951429012087005743987955311E-0004
   1.02550260515213740739998718891484156E-0004
   1.01409604249694385202716246190444837E-0004
   1.00323042490646150966312899059945163E-0004
   9.92868581388994410940689111119331335E-0005
   9.82976765984281544666935404136887872E-0005
   9.73524262125590030409967312572624668E-0005
   9.64483041420006346846916387487118287E-0005
   9.55827468218710674331611427404915407E-0005
   9.47534042893051230998422597148104765E-0005
   9.39581177967873550301236596442462705E-0005
   9.31949002261247176797999129070556494E-0005
   9.24619188988539566341419282884510594E-0005
   9.17574804445812639067541071374851367E-0005
   9.10800174428897214065511168031799759E-0005
   9.04280765987492775217253784433518862E-0005
   8.98003082480105846715030034688262818E-0005
   8.91954570201401001874818175798833200E-0005
   8.86123535106543787035353416066610205E-0005
   8.80499068369702383191266376743911988E-0005
   8.75070979692743085534293528653952830E-0005
   8.69829737430029130976522613689221399E-0005
   8.64766414722712351653140735907619272E-0005
   8.59872640943757379644365205991979212E-0005
   8.55140557846175667334712911953073874E-0005
   8.50562779888476143795919421373305707E-0005
   8.46132358272339567531090387136847265E-0005
   8.41842748291299018628257570413621735E-0005
   8.37687779636250287138961525375035482E-0005
   8.33661629346069655356245593992130350E-0005
   8.29758797129190993429140968193240025E-0005
   8.25974082814926149506488464786312712E-0005
   8.22302565719774664107084727427120095E-0005
   8.18739585739335902405500506675539972E-0005
   8.15280725997822453621663086461138719E-0005
