   67.4904116011142144639172891590763002      
   67.2588565816880148127645503206937444      
   67.0205072870612762856383243821355051      
   66.7752369234950412093440952487739549      
   66.5229089416698133578116395721058297      
   66.2633758530425964636000776916749965      
   65.9964780391089255274206631198276810      
   65.7220425559041433274948467062141392      
   65.4398819334274026648009439196862092      
   65.1497929670825372719281572048661814      
   64.8515554957245174955024032639024333      
   64.5449311584889212370289593347310399      
   64.2296621202452078117644302179825736      
   63.9054697532293381820711974000713006      
   63.5720532601235840244154220362771546      
   63.2290882215102529498673314618192793      
   62.8762250481533466628114602445008899      
   62.5130873158753911105217860211077131      
   62.1392699577959534638479842785302950      
   61.7543372852645964656936082223615142      
   61.3578208048150181197871079422911265      
   60.9492167937267739291674363667920825      
   60.5279835911010493069616446099338808      
   60.0935385544948219510207722296465452      
   59.6452546238095272359176017395014683      
   59.1824564239113393045670885056387520      
   58.7044158248871495341773145835861558      
   58.2103468632906964541191465539868888      
   57.6993999084020794792965530296758758      
   57.1706549333584755882314093915414540      
   56.6231137206311830704238662948893835      
   56.0556907928758779456763145269046583      
   55.4672028112008010286595479214198534      
   54.8563561200231672951015964847619410      
   54.2217320363296722971806166944862272      
   53.5617693749673101985669345468948339      
   52.8747435616720276893007722191420881      
   52.1587414992868945800040839962158680      
   51.4116311019181642379669291201463517      
   50.6310240702286677097748664631652884      
   49.8142300095845285143812339517119814      
   48.9581993324532430096650874291791243      
   48.0594514468430831602984845096647335      
   47.1139833717950568544456283864776562      
   46.1171519111640391924644843859904542      
   45.0635194826476790815316615172067594      
   43.9466490029080642965709758243010320      
   42.7588257536592949745493473822479730      
   41.4906718618719120198931786558002449      
   40.1305980516693225429245361252911364      
   38.6639999505862658425648147650462037      
   37.0720361793836613955452385031038704      
   35.3296860346627230471044188498793163      
   33.4024863092310924327623675815510382      
   31.2406490666667446135135686091511255      
   28.7674310950924034568808618733661183      
   25.8530048882464375623547055438417118      
   22.2433101441693555383130582137049431      
   17.2874351000370984225204201407072650      
   6.90654628398973792433106646993045974      
   2.98309106725482012760781141188142447E-0004
   1.35540646431311125783227825452396529E-0004
   1.12606329111680654724275693811023019E-0004
   1.04620031314632122480087783152394244E-0004
   9.97204527530418690283590107258347428E-0005
   9.84336364401464222800841481283649665E-0005
   9.96047251900995351636104600293122065E-0005
   8.30795203878404621602353628429365146E-0005
   7.18826848937751289497025109381695079E-0005
   7.14558341959855443014161221509952221E-0005
   6.93426531950971630918179288479038409E-0005
   6.72167818894790699028739663207864113E-0005
   6.44125289469865881360650428206983493E-0005
   6.27982583902156420724041425466847281E-0005
   6.05013533659564156371021324876635480E-0005
   5.79065831293113674368430655823666064E-0005
   5.48729072307505991259411391585055209E-0005
   4.96740672852905660459860846041532279E-0005
   1.02821344565770954682060888506608573E-0005
   1.02582486826459962944264665909829705E-0005
   1.02390365339960936792714152288742722E-0005
