   1.21412749330243078311924920519505348E-0002
   1.21599011996332583624135140803409937E-0002
   1.21791161961711436220440882751116209E-0002
   1.21989336446688928870061551057121519E-0002
   1.22193684353555850429663693283390392E-0002
   1.22404367507995378915057656230109730E-0002
   1.22621561902717621798891907513441605E-0002
   1.22845458950837413421542520679854929E-0002
   1.23076266758446315637141154108997394E-0002
   1.23314211427657744926784110860446988E-0002
   1.23559538403192581434026712230536647E-0002
   1.23812513877333835960427607789809983E-0002
   1.24073426269887755127738453952397256E-0002
   1.24342587801681326610436752926014411E-0002
   1.24620336182166933644079542727917713E-0002
   1.24907036433982460256943210742331675E-0002
   1.25203082879870316975172103452156555E-0002
   1.25508901320321381845728337234872703E-0002
   1.25824951433752602239773644073059032E-0002
   1.26151729435081928870647080118313879E-0002
   1.26489771033380065145077903348051356E-0002
   1.26839654735004889219432206198695697E-0002
   1.27202005545494356760063077645737044E-0002
   1.27577499131725121542863467392732848E-0002
   1.27966866515780325208020429781962986E-0002
   1.28370899383964343431112037613958675E-0002
   1.28790456108956662433840744430726065E-0002
   1.29226468600788928868365175625280101E-0002
   1.29679950123966872235274761610449467E-0002
   1.30152004244560809309238263335211501E-0002
   1.30643835103761554192643765777795680E-0002
   1.31156759254823019949407220097733666E-0002
   1.31692219350643931126424569123880962E-0002
   1.32251800032168975530629806124319147E-0002
   1.32837246447065453369559981027999034E-0002
   1.33450485928505253790741161316854023E-0002
   1.34093653491994522560584653173473820E-0002
   1.34769121972747680180525376694072422E-0002
   1.35479537839263821399439980250936655E-0002
   1.36227863997105455816189989220209788E-0002
   1.37017431263670498642696570065846750E-0002
   1.37852000682640400200474639593269264E-0002
   1.38735839502546098920100536797078876E-0002
   1.39673814535018247615415288179342072E-0002
   1.40671507833728593890981018955157198E-0002
   1.41735361342134311690830389595167339E-0002
   1.42872859569624622829182133892001343E-0002
   1.44092762814624555046503327740303432E-0002
   1.45405408497955127109904680218109122E-0002
   1.46823105663688650481536862323300665E-0002
   1.48360659064887716444601749313784183E-0002
   1.50036076865484198137032453973114633E-0002
   1.51871543997760290165231080966374173E-0002
   1.53894789036693648721246717324301840E-0002
   1.56141049881611514299198352605342193E-0002
   1.58655979318532626578661869998135152E-0002
   1.61500080113728414593481986213554482E-0002
   1.64755737895951582526772409176434437E-0002
   1.68538898576218103515631832602103282E-0002
   1.73019588257180690287198119203420036E-0002
   1.78460648054359966763605132541310178E-0002
   1.85298017762252456148775034107934100E-0002
   1.94329817902546438589022737098538310E-0002
   2.07253531344914675778482780344107549E-0002
   2.28751972530709505602128189714844378E-0002
   2.83054427842429842635195362794911298E-0002
   3.35805975550397503459656399800567449      
   8.40249367418044435492524920831897778      
   12.8844351583075855088255516739490292      
   17.1008369318640948062975518327607858      
   21.1490400855071377622344264990773769      
   25.0760942556167257290535915279967254      
   28.9090053393637762968208540531801018      
   32.6649780090916589707150173581558901      
   36.3557970081345224178711666580395405      
   39.9899629980134924288072413125356727      
   43.5738102683024365573561593362906521      
   47.1121069015234094630230518331502678      
   50.6083716961231297504430755256313286      
   54.0650300717680922368692364931064717      
   57.4834773434901901851608158008720484      
