  1.390622736615738940365418541988747E-0004
  1.554763485066211271361281215071438E-0004
  1.703158064713284235528614863041051E-0004
  1.839620964302662310851810822780850E-0004
  1.966637534271636538627973800912997E-0004
  2.085934104931103189147709922217989E-0004
  2.198767606870167538215130851231735E-0004
  3.109526970162142034310038046682969E-0004
  3.808377209184611441678650512326558E-0004
  4.397535213825413969786576508258195E-0004
  4.916593835813258838119782526334953E-0004
  5.385858699966417677462642431181131E-0004
  5.817392278829054714950799458564465E-0004
  6.219053940565964384067906487212508E-0004
  6.596302820951707276821795594485894E-0004
  6.953113683511211307736834013560160E-0004
  9.833187672577410990242933027577236E-0004
  1.204314617219463294196517446578281E-0003
  1.390622736970413171910661942210865E-0003
  1.554763485560901909683033476560761E-0003
  1.703158065363106779226002956019656E-0003
  1.839620965120697483381228223445460E-0003
  1.966637535270445478238083451476239E-0003
  2.085934106121106145906454960073257E-0003
  2.198767608262862786757566756466832E-0003
  3.109526974064698230540100514870796E-0003
  3.808377216288166832835456279385236E-0003
  4.397535224663397670550342893087656E-0003
  4.916593850826438885169941507290889E-0003
  5.385858719531818599691614076754360E-0003
  5.817392303275268944118954426207698E-0003
  6.219053970185816948853235555742302E-0003
  6.596302856007105049771938737178190E-0003
  6.953113724240134214868571614813689E-0003
  9.833187779622701285974686284072902E-0003
  1.204314635681769132881761389507466E-0002
  1.390622763863765589927321151969184E-0002
  1.554763521336666778148973868983424E-0002
  1.703158110346232030642987645996204E-0002
  1.839621019556980297109608575144849E-0002
  1.966637599352754983575705850410232E-0002
  2.085934180005427472153415209863869E-0002
  2.198767692078069387302385206504076E-0002
  3.109527161378830596980070075439978E-0002
  3.808377511015108568485391884093345E-0002
  4.397535628775228694452698550688487E-0002
  4.916594365592309231568674375752157E-0002
  5.385859345872151585725281157865382E-0002
  5.817393041911490987696971101450338E-0002
  6.219054821709333679385713619109951E-0002
  6.596303820923446018881142328011492E-0002
  6.953114802991949039775711647357303E-0002
  9.833190014258806265816415831435315E-0002
  0.120431497702822783651320514664505      
  0.139062322485993022532085419960003      
  0.155476410350915757354054157620266      
  0.170315881507276699216880527956603      
  0.183962184809742270443141689709241      
  0.196663855288552918584952895846169      
  0.208593525963931077473588326850306      
  0.219876889885937788782688656881353      
  0.310952968856659176366175714560997      
  0.380838143098685314565053764291471      
  0.439754100023478720294866520305698      
  0.491660123924580097178179650336914      
  0.538586776703012082830167730643528      
  0.581740305193200729228087947053441      
  0.621906645888396541060734903511083      
  0.659631712108139636526397483694460        
  0.695312979992625900480231245114368      
  0.983322354817611942878796482964443      
   1.20432041576433127731769949106544      
   1.39063093706632683955099148033642      
   1.55477425215314367138477840680689      
   1.70317154614453316867047326281605      
   1.83963729514150810075670657308172      
   1.96665683979373308196228073066764      
   2.08595650254773669201691636117568      
   2.19879320749647277364104877462449      
   3.10958977801950554858829015217134      
   3.80848493018166099661668011053891      
   4.39769417442123458334478665797457      
   4.91680956869351373072239264200898      
   5.38613620425032273313493526917306      
  1.390622736615738940365418541988747E-0004
  1.554763485066211271361281215071438E-0004
  1.703158064713284235528614863041051E-0004
  1.390622736615738940365418541988747E-0004
  1.554763485066211271361281215071438E-0004
  1.703158064713284235528614863041051E-0004
  1.839620964302662310851810822780850E-0004
  1.966637534271636538627973800912997E-0004
  2.085934104931103189147709922217989E-0004
  2.198767606870167538215130851231735E-0004
  3.109526970162142034310038046682969E-0004
  3.808377209184611441678650512326558E-0004
  4.397535213825413969786576508258195E-0004
  4.916593835813258838119782526334953E-0004
  5.385858699966417677462642431181131E-0004
  5.817392278829054714950799458564465E-0004
  6.219053940565964384067906487212508E-0004
  6.596302820951707276821795594485894E-0004
  6.953113683511211307736834013560160E-0004
  9.833187672577410990242933027577236E-0004
  1.204314617219463294196517446578281E-0003
  1.390622736970413171910661942210865E-0003
  1.554763485560901909683033476560761E-0003
  1.703158065363106779226002956019656E-0003
  1.839620965120697483381228223445460E-0003
  1.966637535270445478238083451476239E-0003
  2.085934106121106145906454960073257E-0003
  2.198767608262862786757566756466832E-0003
  3.109526974064698230540100514870796E-0003
  3.808377216288166832835456279385236E-0003
  4.397535224663397670550342893087656E-0003
  4.916593850826438885169941507290889E-0003
  5.385858719531818599691614076754360E-0003
  5.817392303275268944118954426207698E-0003
  6.219053970185816948853235555742302E-0003
  6.596302856007105049771938737178190E-0003
  6.953113724240134214868571614813689E-0003
  9.833187779622701285974686284072902E-0003
  1.204314635681769132881761389507466E-0002
  1.390622763863765589927321151969184E-0002
  1.554763521336666778148973868983424E-0002
  1.703158110346232030642987645996204E-0002
  1.839621019556980297109608575144849E-0002
  1.966637599352754983575705850410232E-0002
  2.085934180005427472153415209863869E-0002
  2.198767692078069387302385206504076E-0002
  3.109527161378830596980070075439978E-0002
  3.808377511015108568485391884093345E-0002
  4.397535628775228694452698550688487E-0002
  4.916594365592309231568674375752157E-0002
  5.385859345872151585725281157865382E-0002
  5.817393041911490987696971101450338E-0002
  6.219054821709333679385713619109951E-0002
  6.596303820923446018881142328011492E-0002
  6.953114802991949039775711647357303E-0002
  9.833190014258806265816415831435315E-0002
  0.120431497702822783651320514664505      
  0.139062322485993022532085419960003      
  0.155476410350915757354054157620266      
  0.170315881507276699216880527956603      
  0.183962184809742270443141689709241      
  0.196663855288552918584952895846169      
  0.208593525963931077473588326850306      
  0.219876889885937788782688656881353      
  0.310952968856659176366175714560997      
  0.380838143098685314565053764291471      
  0.439754100023478720294866520305698      
  0.491660123924580097178179650336914      
  0.538586776703012082830167730643528      
  0.581740305193200729228087947053441      
  0.621906645888396541060734903511083      
  0.659631712108139636526397483694460      
  0.695312979992625900480231245114368      
  0.983322354817611942878796482964443      
   1.20432041576433127731769949106544      
   1.39063093706632683955099148033642      
   1.55477425215314367138477840680689      
   1.70317154614453316867047326281605      
   1.83963729514150810075670657308172      
   1.96665683979373308196228073066764      
   2.08595650254773669201691636117568      
   2.19879320749647277364104877462449      
   3.10958977801950554858829015217134      
   3.80848493018166099661668011053891      
   4.39769417442123458334478665797457      
   4.91680956869351373072239264200898      
   5.38613620425032273313493526917306      
   5.81773616332278704224062461444365      
   6.21946851271173770479660904507963      
   6.59679214653393232526987904401733      
   6.95368162910632275661483038157982      
   9.83472635232486197343984618304791      
   12.0459395302627447911598248635918      
   13.9105179898680321444216340406471      
   15.5536415381916732555928651247128      
   17.0395060657258900255737595714748      
   18.4062444787419815607552782536610      
   19.6787008563335393065094095530553      
   20.8741307861223757263911653375768      
   22.0050970722936299447493431753971      
   31.1472151240074550052184347820927      
   38.1832046354685301861072692845642      
   44.1334583913943955702496739147373      
   49.3927510418474804337150656953451      
   54.1632919337436718729551490900802      
   58.5650425404563365954382594193367      
   62.6760552381357830792986390786121      
   66.5504666275448001551208489414783      
   70.2276339442333920518545111744294      
