   1.25743953160595951769824286519320244E-0002
   1.26240218854621952645232044977178146E-0002
   1.26771329231417618829401232542439087E-0002
   1.27341151242273257041867389201302969E-0002
   1.27954155843222552604923733426916927E-0002
   1.28615549796148355188845811340424461E-0002
   1.29331442824496552839015867818482931E-0002
   1.30109061939116988240661965864057289E-0002
   1.30957029559246872526619341975241735E-0002
   1.31885729135993835497236164487726536E-0002
   1.32907792568376341033747140589871817E-0002
   1.34038759758505889735561811006329756E-0002
   1.35297985423977348321620228950472913E-0002
   1.36709907263377857875871618912151750E-0002
   1.38305852551493167312670872810247704E-0002
   1.40126666218134866686563416889399385E-0002
   1.42226633716907678613382077963625667E-0002
   1.44679547312297573287671183115531695E-0002
   1.47588588947950330809415731300029927E-0002
   1.51103670442422288457765994465891555E-0002
   1.55454759463585989652179282928567986E-0002
   1.61022427969602791886378586761630757E-0002
   1.68504834548091893263212372357974838E-0002
   1.79386276287206572538774572727579459E-0002
   1.97716859184230327257677750408111289E-0002
   2.43569908339482471094656020131242119E-0002
   6.92875510735816230603328332463823310      
   16.3108468232708604349363847865976352      
   23.6263181514846944358870868088825157      
   29.9343240837380052132355736057263655      
   35.5950286906446434894997428418117650      
   40.7900289566653666161875140296947910      
   45.6275416491582023530603627662256109      
   50.1784871038648039516561666642124069      
   54.4922786710972668034076185719615267      
   58.6047982140306841053002633289855975      
   62.5428135294850465637852756700015654      
   66.3265511120966073663911522599996348      
   69.9711758723396371192528764453942970      
   73.4874680744507755608495484152267454      
   76.8815762274210736089498617041499806      
   80.1524800205997464850495026270792630      
   83.2701911354581321618117659356062943      
   86.2627382161142362528120289338341956      
   89.1763934720516161320602477363374744      
   92.0159907389701423070904329521921088      
   94.7858605540134482737554063939010846      
   97.4899015901059639416786452998015919      
   100.131639250061084228792414246301297      
