   4.18402987760620410340799464596022462      
   4.11734556814220788306716217127633275      
   4.05086972395354095004167719720256993      
   3.98443128780287439712659664145443041      
   3.91784936369567955333789497355627799      
   3.85093009806594627266301146039772280      
   3.78346297442363480747849649239079636      
   3.71521633490322981679023221161583926      
   3.64593187723908871271857060966661610      
   3.57531778543365327813747299483585173      
   3.50304002658155636028012727194433053      
   3.42871117101065748827790583010551420      
   3.35187584896212166335579326336736699      
   3.27199161697426537000427316977910513      
   3.18840352285133049815574829467806200      
   3.10030991304508507225610467991554004      
   3.00671566334398304312341198606049556      
   2.90636589757818734071389459718921912      
   2.79764512062220138171752985330557701      
   2.67840576533559227185968337527641777      
   2.54564208318352297101472325735658421      
   2.39482405349578204472350465100893946      
   2.21845781966270365275268120402294800      
   2.00256159831378872494721217367879716      
   1.71536869857502763721935166649252880      
   1.24182714263584322997243476926954353      
   6.92875510930810172528329709079343737      
   16.3108468235591544292710510234435513      
   23.6263181516727713584629290201370604      
   29.9343240839468875084473349205091511      
   35.5950286908785703564821208287286983      
   40.7900289569044863644658083994507181      
   45.6275416494060404720197284065654482      
   50.1784871041158049626257005334565692      
   54.4922786713460687568142402627800199      
   58.6047982142724310746414052800977668      
   62.5428135297175085876921242242837791      
   66.3265511123339649486799491607292515      
   69.9711758725725533694184056775753978      
   73.4874680746803426201256825952831572      
   76.8815762276545282957599153608719910      
   80.1524800207381285463018815698339286      
   83.2701911354601977220021100483227655      
   86.2627382161162717553343444871226417      
   89.1763934720536251934657744765010936      
   92.0159907389721279249278601742903429      
   94.7858605540154129469666276033536026      
   97.4899015901079097628261006326903822      
   100.131639250063012956091800253815449      
