   1.26291261012250763276814746343292687E-0002
   1.26837002697365873017760280659313689E-0002
   1.27424552525730320011162627312304493E-0002
   1.28059076833981496082845854739004116E-0002
   1.28746650526713886043087276780379898E-0002
   1.29494479749495055627294183788201874E-0002
   1.30311192996268129626128306306509081E-0002
   1.31207226881233976393644515061696738E-0002
   1.32195344898169117180766646489505278E-0002
   1.33291345973559137830858902327644708E-0002
   1.34515048234142952395129818466113778E-0002
   1.35891678273395772177517987875575029E-0002
   1.37453867650362965257656955723165295E-0002
   1.39244575376184147075692790994685719E-0002
   1.41321459129934216140058436968404139E-0002
   1.43763620837734587760010177714163655E-0002
   1.46682596267713491107076549113706811E-0002
   1.50241947814400756398948058075892538E-0002
   1.54696410907556983653576956554976626E-0002
   1.60478725773841878798346727846117815E-0002
   1.68414442764560156151536052562890547E-0002
   1.80362890881625199434528838958967556E-0002
   2.01968847541281893832473184691691631E-0002
   2.74927256182811579902022331954950215E-0002
   10.4120053955821669045658454932029985      
   19.3170626829233154876663261865374534      
   26.4714628105769986335660828848547772      
   32.6844824858484632143852890075309628      
   38.2747742766931277843091467819000945      
   43.4110211719634909157054607168797063      
   48.1962113534450619244777998936612385      
   52.6988469607224236733151466856268831      
   56.9671175682463284785413721350027245      
   61.0362378247855165691606635870374503      
   64.9325794037348081963627069642878376      
   68.6760884197182183896119009941064731      
   72.2816424098206441236729738056142327      
   75.7595671096242972753629177004140659      
   79.1150633172429796840754430672224907      
   82.3446075137758110469641602574443077      
   85.4077983543931484736897802105980700      
   88.3459680010137499003958919464953496      
   91.2074772013121104107450210981675657      
   93.9968940866923900443863515554938103      
   96.7183292408886718846570171131733954      
   99.3754980748584415989388484966509225      
   101.971772390193409285284132167049031      
   104.510223455742991853541124152172215      
   106.993658324804761882543400219160679      
   109.424650697534301971838893018313336      
