   5.78012063249740491485572248259666804      
   5.78810876162279948391233445926358150      
   5.79720540034691177622568926203857624      
   5.80729647089536534718581562287840677      
   5.81823097521773571641708889722768458      
   5.82984410430828382763956277476121701      
   5.84197786111016725377578959932240085      
   5.85449530105321309166670315732700355      
   5.86728700197509396957790042727652107      
   5.88027131645338103738059829073322355      
   5.89339069220570162175181337446211538      
   5.90660647006488848505373099021266927      
   5.91989369512313858687626914716330533      
   5.93323680580181492066389027455039724      
   5.94662639213867332840545787779696447      
   5.96005692365307183700052013804286469      
   5.97352525612915387960188581216708930      
   5.98702968822170492842354915290589904      
   6.00056938099185532347808809331887058      
   6.01414400802800454865517648633288320      
   6.02775355633637397914228520665556765      
   6.04139820670260900414384864665204672      
   6.05507827099984799746709313474750706      
   6.06879415533475421091881835969502661      
   6.08254634214913904578873989661162638      
   6.09633538164327452280282158100546663      
   6.11016188987332018393121974874280449      
   6.12402654987461838151464396097754812      
   6.13793011518685541525156464617345861      
   6.15187341524207749243768947224029099      
   6.16585736183613717581522126418744339      
   6.17988295695999455039285435766521992      
   6.19395130159106126695978840880274720      
   6.20806360574681485615153441527294722      
   6.22222119974951989391181581486092872      
   6.23642554686040623450087946235790580      
   6.25067825744961226156587059236808459      
   6.26498110483212752378575357534064373      
   6.27933604303763709976950906274698997      
   6.29374522670296016575749475851161724      
   6.30821103340295290707085654376087802      
   6.32273608871674742149146823101235405      
   6.33732329439860513812240669056611999      
   6.35197586006888287028866906879855499      
   6.36669733889110336402250914866347979      
   6.38149166776531097739119064576103210      
   6.39636321263185680859693234464258365      
   6.41131681954015753632254307569903897      
   6.42635787219930911568459184500384817      
   6.44149235677846043574288759931124084      
   6.45672693475366976196276515817912921      
   6.47206902459534547442467402516105040      
   6.48752689303393812764279191076234760      
   6.50310975650491706276088760689159667      
   6.51882789312375941276406273904381696      
   6.53469276513273020039579190138410643      
   6.55071715113771245822295940588564173      
   6.56691528654596670316079558157724991      
   6.58330300933886538862544556558739795      
   6.59989790656538702194076902958033387      
   6.61671945461023903313543984393212902      
   6.63378914328185291055371130093066531      
   6.65113057008892913502245623517691689      
   6.66876948702843968597679734958510855      
   6.68673377873804610201142122503490314      
   6.70505335011975590350884090668733488      
   6.72375990753207708231601757486649169      
   6.74288663666198548402271026638445245      
   6.76246782024140649685919497968893695      
   6.78253850724716682311237162234845071      
   6.80313444429294149223988165073820218      
   6.82429260077461389627513723216470371      
   6.84605273811782079992904522168777567      
   6.86846055321570323094306661854724083      
   6.89157292826505911244689788241946518      
   6.91546572529245200945749824274667426      
   6.94024440107922602072692710934405932      
   6.96605757388784307344469198732140927      
   6.99311367979878915716762542420897697      
   7.02170115759354794376148741774520210      
   7.05221333005392118955446637940211466      
   7.08518039924947979994435087295260363      
   7.12131263738215190379327875613064270      
   7.16156024476397052880759654709522328      
   7.20719475180952435883958636142580307      
   7.25991135190821473366422906923693462      
   7.32193705519200874613785998727908367      
   7.39609998638120578381565853831988411      
   7.48575991679907208897942367681465775      
   7.59440132595007905637405671560537000      
   7.72453287641069095022479957099493315      
   7.87538170065933679466537573437759998      
   8.03910227691816761693312541363703984      
   8.19687191919365047010925899841188340      
   8.31981425460152942386152054871051054      
   8.38048657239434040703488036767044157      
   8.37030928492430829203784682218830003      
   8.30574962709011538658699767476306910      
   8.21587746598544527032853739685960203      
   8.12541292750697980923050278748586275      
