   1.19759597748796440946003365138078563      
   1.26720113113806195712072872910545643      
   1.34333702926486900868252804086756020      
   1.42603142891444205848228291677506829      
   1.51534709722942669547646161497083492      
   1.61139666033992623404529574982168882      
   1.71435384193183113844156186533778434      
   1.82445736307231795636744818917556208      
   1.94201182193016822252404267448283696      
   2.06738411465163724257977500053545719      
   2.20099915743567352963532594668650934      
   2.34333501352660425408247370688136948      
   2.49491936931239636619958881970552679      
   2.65632676502908193506795401786485523      
   2.82817719550788184755128404299511992      
   3.01113615605675853566780751989419180      
   3.20591547156676019226234022176407528      
   3.41327482374802866189391675007135371      
   3.63402392433190055316131223507199602      
   3.86902523199717880376718074017089290      
   4.11919684573346137295025983691403452      
   4.38551591177347845457363781136857003      
   4.66902213156123923915696593594259507      
   4.97082165347909291404738315437177251      
   5.29209116781831971612546996323310756      
   5.63408228512102233474312578850277197      
   5.99812614646920848708808759752243782      
   6.38563832523169980508264060758076300      
   6.79812400552007204251782936567407262      
   7.23718343754478853391507586183481041      
   7.70451769986398672137095756068058842      
   8.20193475548115584668215139666500448      
   8.73135582837474660926461042565459573      
   9.29482209174428173649876709135104069      
   9.89450167893360184463356511866385533      
   10.5326970157102557501688649945074822      
   11.2118524697431131947088051007046559      
   11.9345623136500567655286815906120528      
   12.7035789844793751575484300951388045      
   13.5218216241726083817734463246179504      
   14.3923848700918480138973574278292206      
   15.3185478593001801024257570033526358      
   16.3037833957694861488069654438164752      
   17.3517672150203809015984981436204789      
   18.4663872632226328946607161769049018      
   19.6517528858058530280877243652540961      
   20.9122037946895859747147584399884453      
   22.2523186529276296348074732608128289      
   23.6769230790228306627216825272802316      
   25.1910968303858671695477751039796731      
   26.8001798758674564606253903788339541      
   28.5097770098811486517601915002523288      
   30.3257605954501017148080391428119298      
   32.2542709509446641451261970749100179      
   34.3017138164914547182157057949647823      
   36.4747542540762562684879717664564348      
   38.7803062556561520447732226221306827      
   41.2255172656884077212471207487676676      
   43.8177467842976157491190893456326051      
   46.5645382309823837586748559552570222      
   49.4735833584428796781593387068595632      
   52.5526787785111234883653673618105422      
   55.8096747000322744584726045045112605      
   59.2524169335894002272896422307289693      
   62.8886848010251691686732532248173951      
   66.7261300683309704172855569971942691      
   70.7722257064530864890308144866983019      
   75.0342384784527809784726519145948783      
   79.5192462973267204762394659587815979      
   84.2342301518864838217568100092647872      
   89.1862812371183154007474439240291840      
   94.3829767388312516919463863359512672      
   99.8329921475774316924750716539081479      
   105.547032487349818191873326901627122      
   111.539175302855497440815200549793379      
   117.828716441122662882183404056425087      
   124.442583538308563691252396604443851      
   131.418320407231241941581291668108925      
   138.807548290540780808531576453792893      
   146.679700791080045568252188727827343      
   155.125755779727549722184442868629245      
   164.261697568514746668865201605113813      
   174.231545273076681526221864835537505      
   185.209927128191501664555388264371373      
   197.404275162594029744240336286573208      
   211.056689588523188464348855738880635      
   226.445394481989975792195595637176015      
   243.885651739884629159999733006166911      
   263.730538060364543400722606028722321      
   286.374648795480558507184261969145959      
   312.272600060780848410816758690777411      
   342.003933525844327696831444458237215      
   376.426306878157028861976459689399010      
   416.871796924901220972858944831605177      
   465.166041495592722497893444713037084      
   523.349207344432130971116847572216310      
   593.326385494974458558181723704683050      
   676.610050006875057542159003970827826      
   774.096432815600512650664294567181314      
   885.996227199347495875007699912650608      
