  0.286346132545447134567136908464446919      
   1.49926912610848058476781985571988512      
   1.55895910437398101939207977863598925      
   1.62094191867680669293544562967977493      
   1.68531144710959876246588685283733351      
   1.75216615365476516849694123618945016      
   1.82160898592736615542012585769891886      
   1.89374752459548312761720830311000506      
   1.96869409654880272118852827771687856      
   2.04656586819100855815270850369316499      
   2.12748497029818078687335662618785254      
   2.21157867229996285814931101724088820      
   2.29897962276673257865495385820722867      
   2.38982597128795169973107801036484081      
   2.48426160815658647422828260026239025      
   2.58243647101965507185528135168861150      
   2.68450672346616214838578129845583420      
   2.79063502826328637686538800748175292      
   2.90099091000303290806695916318943437      
   3.01575097465182535316689311487016333      
   3.13509936366652745692082944478168990      
   3.25922791519692652520267066292060291      
   3.38833671825030066490903374099828355      
   3.52263438018642683031996949918405662      
   3.66233848581749889008045733843135679      
   3.80767600767076943739547240284514135      
   3.95888377759503920701128026813077735      
   4.11620892588659481265468606990390632      
   4.27990943295033282869593382795908339      
   4.45025461487857347528438776085452220      
   4.62752570299237268822862064137043094      
   4.81201641471124673267176961512087871      
   5.00403358911415067371970917116711260      
   5.20389778970495200956470707716716575      
   5.41194402253930652630153337461748122      
   5.62852243635255711631918903813565450      
   5.85399906839418713054723657829027254      
   6.08875663027059140273536248735465182      
   6.33319533452813329300039796094864489      
   6.58773375446853795394973427196077659      
   6.85280973563380329712462283183745686      
   7.12888133903524599309381056573117689      
   7.41642783370048748287272238408296070      
   7.71595073416217343848147292846483781      
   8.02797487232621723642461149428990578      
   8.35304952296039478254710143748599409      
   8.69174957374691915811799521689990726      
   9.04467672398857613969990552138143713      
   9.41246073322040317398348737404990009      
   9.79576069742374108101042389679424469      
   10.1952663531346844172823961515862737      
   10.6116994030829661914534464910414631      
   11.0458148460033056472510369568123814      
   11.4984023037764509934452043066937548      
   11.9702873120284325517960420488462993      
   12.4623325658250488318235956038993899      
   12.9754390663564865020983574393992164      
   13.5105471453007463003833564158562024      
   14.0686372899599565310980512885440073      
   14.6507307029972694073588568593889500      
   15.2578895036559613676863135911895855      
   15.8912164381768908073021134680174475      
   16.5518539397731112433870544377297250      
   17.2409823317684041767009399659770735      
   17.9598168983270128272336460898485409      
   18.7096034711063501744818270904212320      
   19.4916120888878120737993104705963270      
   20.3071281535713279948464472865538427      
   21.1574403815299524329933129641914727      
   22.0438247030353606312969637279263933      
   22.9675231643864054099812466429620898      
   23.9297168741006052274596325899639729      
   24.9314923006627077288558366590524923      
   25.9738009007477687494464359254996113      
   27.0574135806862465872606593877218634      
   28.1828742138780818009815324614742668      
   29.3504607004961223795504171199624485      
   30.5601674200296647115066239815366171      
   31.8117255973551401856059489735340489      
   33.1046621009230028819005731704541698      
   34.4383028129832079762642104576692109      
   35.8112721039287112966146094609394043      
   37.2192326491491748820248027020296081      
   38.6501158743037899700525705317588001      
   40.0832123031951143129090589104478911      
   41.5002847835658214448011028671762131      
   42.8957468715200579820964555278604201      
   44.2743335769090078092053804217219220      
   45.6448130309838217441797038634035883      
   47.0162580348938651425690736567525194      
   48.3966813579530899243318432114959956      
   49.7927318045496605920351222002873601      
   51.2097395349213444010295484258400247      
   52.6518330482303280714638177804801562      
   54.1220360409520379045103845032572171      
   55.6223203959878413414714962309651339      
   57.1536148404328435666987746221390395      
   58.7157766669826246592333999817507643      
   60.3075369107348611658088659658820558      
   61.9264308686230225857714168154055871      
