   45.3246917724609375000000000000000000      
   45.3243839994560327884027850862159441      
   45.3243516306865480590847785439543861      
   45.3243158576638596417768861422524593      
   45.3242763223595327426485568939141586      
   45.3242326290909533834149393207675819      
   45.3241843405612038071228821224427102      
   45.3241309734824479446694970275224727      
   45.3240719937390243127712566696157857      
   45.3240068110418369513658822889855082      
   45.3239347730205437482272858699320654      
   45.3238551586944147858622358182047768      
   45.3237671712565148665041933607292694      
   45.3236699300989918885944492107768785      
   45.3235624619996574804292429930159668      
   45.3234436913816522276618576650173680      
   45.3233124295487109504169548655818531      
   45.3231673627882909467582226890967185      
   45.3230070392234953112932733885508541      
   45.3228298542822009582672038774823183      
   45.3226340346379614984052052383082659      
   45.3224176204619601278467178601741139      
   45.3221784458083841083589461052062649      
   45.3219141169369110739244013160781401      
   45.3216219883553513205948337463165052      
   45.3212991363426727913024073900906155      
   45.3209423296874182904574818534107721      
   45.3205479973486551726590767095378376      
   45.3201121927157974204724572821419646      
   45.3196305541096003979395969549360209      
   45.3190982611290089592415125956953770      
   45.3185099864069634960529242927213663      
   45.3178598422923198150775974438933129      
   45.3171413219242575790731382298853606      
   45.3163472341094301854677346460025234      
   45.3154696313500847100082198258516626      
   45.3144997303028331492512086741889570      
   45.3134278238719996097619229161971106      
   45.3122431840577441162438467714318947      
   45.3109339545866344077977256981054199      
   45.3094870322500763967357907800624051      
   45.3078879357629984184521703917726383      
   45.3061206608302829062037853879891680      
   45.3041675199704016251483482900763802      
   45.3020089654931555699263221481287269      
   45.2996233938598212474454864813084343      
   45.2969869294676739320405533621427531      
   45.2940731856949307292140812976560806      
   45.2908530008145709225723710435652976      
   45.2872941461339703555581958320540941      
   45.2833610034393132112161818325501519      
   45.2790142085165364484055633815774736      
   45.2742102571810446896296322749202644      
   45.2689010698732085290935609541510780      
   45.2630335104619716635507973694472138      
   45.2565488544405916104105571186070662      
   45.2493822011920382406289306775797964      
   45.2414618244418046904792749518238525      
   45.2327084543972440634572118546953799      
   45.2230344843888411227316138108564826      
   45.2123430940732181641623696549784792      
   45.2005272804225960510152103525697860      
   45.1874687868025272407193771198365317      
   45.1730369194197508063955862087528413      
   45.1570872392947817805960909028251650      
   45.1394601166680568522137365815736081      
   45.1199791333716472418209493482264507      
   45.0984493171769378764837603996030851      
   45.0746551904470309809930995045470943      
   45.0483586135641314700775695174551169      
   45.0192964015482105655154324096668743      
   44.9871776900132661414943262626601804      
   44.9516810240987847190803081826184056      
   44.9124511412414527375118968166951828      
   44.8690954155880150409513778492837267      
   44.8211799284637693943201130685003046      
   44.7682251255686249601824894113519736      
   44.7097010174364832231026315103032661      
   44.6450218751225256644535502374411684      
   44.5735403680310637216573969298799926      
   44.4945410852133618101458783466794645      
   44.4072333752944044538433510756133300      
   44.3107434333681880258925152177133641      
   44.2041055556645254930224711966473952      
   44.0862524744611301374450360245436972      
   43.9560046765095298419348073875335101      
   43.8120585980700282872247029400455898      
   43.6529735784076551676084015051194310      
   43.4771574411753078130629474762796333      
   43.2828505593777204347598802265711197      
   43.0681082444330644476029093611980026      
   42.8307812830759891250103127251693230      
   42.5684944273088864440150638452119441      
   42.2786226221215826022011711781179855      
   41.9582647330584847398364830105236035      
   41.6042145106898444019657469923617988      
   41.2129285013898069669630708716965346      
   40.7804905832615282002611983197502530      
   40.3025727722729766125204579406702525      
   39.7743919063380552195501717035102371      
