   57.0080667447905983372089132547288106      
   55.6344706605350547649326185742830927      
   54.2082549220810703729401763822496316      
   52.7241175226646844458990434564684490      
   51.1752297178767735738108466015750752      
   49.5526856388163667522973707876135866      
   47.8446737379998769952499068323736657      
   46.0351822850777215534639738544788714      
   44.1018893325463787112226583737477556      
   42.0125576646770546784123321594911219      
   39.7185726610938670440876562601303577      
   37.1429310391417412982419532204262108      
   34.1580141697693482122860828939833581      
   30.5445684167535080605958981726916015      
   25.8623148815738009222930186484068938      
   18.6560469856325802210115060264237803      
   3.17565055544982219936446143377850312E-0004
   1.16372628545156240109509456305506731E-0004
   9.98256404707763770646589577171261437E-0005
   8.66949882209665123792986269725289809E-0005
   7.46541255349261782962639087243306530E-0005
   6.67600637380597535565558512376824729E-0005
   7.70460152705400390731134742008962373E-0005
   8.23415187324771907650881804785150528E-0005
   8.24017448386960668179320608978929830E-0005
   8.25309343501512127464917333152391739E-0005
   8.84110685358442636841236627756132225E-0005
   8.41530992312909294181970360085267297E-0005
   7.05102673744422074124659079210885232E-0005
   6.12164593407151079977801772973236605E-0005
   5.27973063745390060547782614420893348E-0005
   3.77093739826615027888819408886881204E-0005
   1.55269429972737596770517736652960569E-0005
   1.55259065154244663152428254452046406E-0005
   1.55249634565491033036912508957183610E-0005
   1.55241073929246208630768804426285828E-0005
   1.55233315599044877966701825900946846E-0005
   1.55226291411673067762371049736333252E-0005
   1.55219934808279902696922431546203682E-0005
   1.55214182308722310364196000024641102E-0005
   1.55208974448671406107598457608002344E-0005
   1.55204256293716975503289970918383965E-0005
   1.55199977636592729404531032215355040E-0005
   1.55196092968808815618541805231630715E-0005
   1.55192561300805682164273680285160375E-0005
   1.55189345888009472783537740781749294E-0005
   1.55186413905372292580872579769565789E-0005
   1.55183736100725940039886083220891449E-0005
   1.55181286447615986750883504280959952E-0005
   1.55179041810964965185139503161886852E-0005
   1.55176981633561240782103973522932167E-0005
   1.55175087647587194237787233552570449E-0005
   1.55173343612813637986646182261681005E-0005
   1.55171735081394338751463343290275560E-0005
   1.55170249188139001067332881144360261E-0005
   1.55168874464538324693018736848574394E-0005
   1.55167600674515627672620130871963721E-0005
   1.55166418669782755633743416404158989E-0005
   1.55165320262709353793240317458013078E-0005
   1.55164298114722706696913266137113768E-0005
   1.55163345638405372289236366331115217E-0005
   1.55162456911626390870544080887057171E-0005
   1.55161626602214349170174056672950903E-0005
   1.55160849901847547432244302185449531E-0005
   1.55160122467993044587089712827304735E-0005
   1.55159440372869699376259542370614656E-0005
   1.55158800058539223297268946046410491E-0005
   1.55158198297344236865114070637937338E-0005
   1.55157632157013704926880296493659654E-0005
   1.55157098969845079803928233094628447E-0005
