   9.85866474721782477868824044582190383E-0002
   3.00563597761408508992943118201629350      
   3.12847081818984688190527657162538889      
   3.25632568512557467476812670530994933      
   3.38940988959385344303893396626987534      
   3.52794105933032677345209307088455235      
   3.67214549647874805633992757275195558      
   3.82225854891265559264664536771144064      
   3.97852499562271658520162364487654417      
   4.14119944677947104110244757565857683      
   4.31054675910175261346045205604641189      
   4.48684246718166262130160010371677171      
   4.67037323143774949366995867884163086      
   4.86143730338906462077680836169208627      
   5.06034500896405038923322635865552784      
   5.26741925057975265921430473353092656      
   5.48299602874859237148301328572335356      
   5.70742498399180459920714733200913629      
   5.94106995986055562874697411832055912      
   6.18430958788754892402169377046880164      
   6.43753789531346890893976176843611920      
   6.70116493645369512619619420754094982      
   6.97561744859112064739122722877532522      
   7.26133953330035970293379782604673610      
   7.55879336412681692339569450324315454      
   7.86845992156064884827604804647409561      
   8.19083975626015231317684208255567497      
   8.52645378149107018283642507847934630      
   8.87584409575714021584944054686782213      
   9.23957483660226413651986823604678060      
   9.61823306656517382462775190595513973      
   10.0124296922625321244872091022088692      
   10.4228004175650015276658380575640643      
   10.8500067318117606408773343919576891      
   11.2947369339808794621738987339441615      
   11.7577071936943056146111915704091565      
   12.2396626498851432601736651234833288      
   12.7413785478893519588692972541825839      
   13.2636614156415189926082089065358463      
   13.8073502795522316038396911241005445      
   14.3733179205195986735221752297594272      
   14.9624721703760008639135022819150283      
   15.5757572488889990558083553247974017      
   16.2141551412176987474813674367295925      
   16.8786870154672496685995125801622645      
   17.5704146796782275688762680013700631      
   18.2904420772271832457946950000287510      
   19.0399168191912961226329690513648454      
   19.8200317517343164786966412531378942      
   20.6320265559917999909827926571800195      
   21.4771893772583594130006584654853835      
   22.3568584794936379772288782945772568      
   23.2724239202500427943438551670004096      
   24.2253292400644160645219435242734366      
   25.2170731591252889068591763637909692      
   26.2492112726012806781854703910452158      
   27.3233577343654709989704863686525250      
   28.4411869169421785117258237577463362      
   29.6044350333009456454723026031400051      
   30.8149017035896068276694179992125957      
   32.0744514469958726424901561708594896      
   33.3850150756190212267073760624247751      
   34.7485909634902232233685961528974153      
   36.1672461596828889567451934807875107      
   37.6431173097996254594358237470944685      
   39.1784113450262126126495959899054901      
   40.7754058924410253997916738936830192      
   42.4364493544095291043349780822862943      
   44.1639605987206375243543612916138258      
   45.9604281946354370594650091854936810      
   47.8284091231153381195672188586551402      
   49.7705268818788302836943160771073840      
   51.7894688969930838331765477945876942      
   53.8879831413775762165668968908344159      
   56.0688738452343382003088305873269109      
   58.3349961617013664478000387036565903      
   60.6892496199726686765774189181242998      
   63.1345701543056277860664071575412791      
   65.6739204373246951284291015835525765      
   68.3102781672305262159793597683986230      
   71.0466218603188934606922189222778826      
   73.8859135854353455358716951888284673      
   76.8310779535238880729025932763080494      
   79.8849765576472602782759797991853480      
   83.0503769684167833043758453881615172      
   86.3299153550282928472897118865138676      
   89.7260518552264562722078352943958023      
   93.2410179882004035745516904543439600      
   96.8767557093639011771841001407587372      
   100.634848134733916380876681352272432      
   104.516442462937991525011446583934694      
   108.522166093118386420027167792518281      
   112.652037236652004190903503849149250      
   116.905371308858823163664490935613739      
   121.280683988864938180992032324343519      
   125.775591116541044982991795556469939      
   130.386704802367633478496195745981830      
   135.109524660023830864694898218624925      
   139.938323375227084814241135825792191      
   144.866027224756088073878598846486904      
