   18.7786855331590000848092430367807878      
   13.2955293881793539121888316345246866      
   10.8593957174084198542789643569662538      
   9.40546479495418595727676832983433362      
   8.41248914885994748400252584009940929      
   7.67903097483708175465392679222561414      
   7.10863432035493918701695920325054961      
   6.64855869578325894155929823338178598      
   6.26721510980868166455097833900983981      
   5.94437717542432699497540960727862637      
   5.66641456990499772479007935280968150      
   5.42376260001364639235216207339296404      
   5.20948528879599706317802606219570777      
   5.01841407479283653592606398720990200      
   4.84660806161967925259562575561326350      
   4.69100292935727012591644368105195845      
   4.54917519974572657768255650774450840      
   4.41917955721774654214278651061403156      
   4.29943386581476944497142818674471107      
   4.18863616564694996012063600809379623      
   4.08570362457515961221935017518019147      
   3.98972688733447614048109387147273440      
   3.89993543405214150933293114269433932      
   3.81567095091514160020808810285779778      
   3.73636662623570776248678406621693056      
   3.66153089269926183142155819067107325      
   3.59073454912211593485557483791842231      
   3.52360048008831621648330662256949310      
   3.45979539198502393083713920167296113      
   3.39902312695545232638846332295525707      
   3.34101922011980371154193037019046983      
   3.28554644195973610566104827518741514      
   3.23239112515480464337462741423543706      
   3.18136011863652215811782693304835414      
   3.13227824509519970227855338614478569      
   3.08498616407253996259383524303801528      
   3.03933856303906963678292673679265931      
   2.99520261480265190010757058882902975      
   2.95245665215292178056125266803398240      
   2.91098902063802687071211809974298347      
   2.87069707823873019962431674831626568      
   2.83148631698930114693622185151880536      
   2.79326958655571999456687896720759231      
   2.75596640371964097089762869155063082      
