   2.63832749831767334627303024877432574      
   2.63841925767092640733995819541989510      
   2.63857210103611414717227677521753813      
   2.63878583738208172650016633740793827      
   2.63906019958987120146081076407020484      
   2.63939484330872454561333128431939078      
   2.63978934763385474838740248251570613      
   2.64024321804085963053867472620953111      
   2.64075589154619548506171085598522285      
   2.64132674376460766604043929291211882      
   2.64195509731668472518031021478203819      
   2.64264023082163883684267827156979759      
   2.64338138734843915788246249064140804      
   2.64417778059425260156757017632212429      
   2.64502859628437566303474825352543773      
   2.64593298547268112522309009029497689      
   2.64689004580746583450936675111324162      
   2.64789878656730524693997188421877798      
   2.64895807378586814314546696099911593      
   2.65006655311022912276912589190385857      
   2.65122255026356646685167340653627193      
   2.65242395172761042065302592901998430      
   2.65366807110512947758959224763511342      
   2.65495150898793678549449469559066598      
   2.65627001563245530671028172204385410      
   2.65761836614903781320362599773325288      
   2.65899025718816401689796462348674820      
   2.66037823253415091935045152235699669      
   2.66177364278208621536415508018116016      
   2.66316664179886947746037221719366014      
   2.66454622021901229476659969474445737      
   2.66590027399482346441492916851750872      
   2.66721570426595709724274619494799296      
   2.66847854348484378202973903788652789      
   2.66967410197764623763698017068925993      
   2.67078712878150318651989508370676823      
   2.67180198067920767185820441123290541      
   2.67270279375586184740679385961750811      
   2.67347365240197694810816599642262843      
   2.67409875147012790101600563884370616      
   2.67456254809614050878907091154310828      
   2.67484990054711211835811179703642399      
   2.67494619225311870976371699536346004      
   2.67483743991340266198788103054774581      
