   67.5550524604488143778061892839771615      
   67.3277261052934235610268267895665015      
   67.0938231932573970876653386958750674      
   66.8532290759736823962351371172947108      
   66.6058197569892588383928409454182308      
   66.3514607688428190820815172679685767      
   66.0900060546421532221782424930827281      
   65.8212968554581046574301421016021793      
   65.5451606024547058889762693829727686      
   65.2614098103607658336491516728803894      
   64.9698409666803535448641171292282148      
   64.6702334089366401299196956735083266      
   64.3623481802361416852403304035547639      
   64.0459268514952996631012619399239881      
   63.7206902967527069020107558350541895      
   63.3863374060412181551516822955551086      
   63.0425437182589396417571842029284093      
   62.6889599542766937263954594771117357      
   62.3252104280744094416506332025010056      
   61.9508913109096539566843885937769795      
   61.5655687202752126402965274084470375      
   61.1687766015655928326781215034141258      
   60.7600143657874415907432061490391186      
   60.3387442411183197722176752497425849      
   59.9043882894072829413853472156891347      
   59.4563250305238089651461563597015588      
   58.9938856074235273873501777397741754      
   58.5163494124397092546547613579802834      
   58.0229390800185221143069845552589294      
   57.5128147321077189708380304165841828      
   56.9850673386521251043420162679363433      
   56.4387110257905269788928923572054367      
   55.8726741265811488532722843581401800      
   55.2857887209878219343088005974460289      
   54.6767783501541712486362962042561641      
   54.0442435101930150449666365290282311      
   53.3866444266102299662570544746863739      
   52.7022804733834158158734952003156766      
   51.9892654183194195368882608782791113      
   51.2454974309603125569808385821154746      
   50.4686224552733672151013025377326172      
   49.6559890885929898247278480663736603      
   48.8045924635086004764012602582712611      
   47.9110037127494995782122268446022617      
   46.9712802709880858233629662814205909      
   45.9808503112155705445162230578016337      
   44.9343616638883713836214517858410743      
   43.8254810094030511393899759450077297      
   42.6466218921983570856988739873744810      
   41.3885682225871938470611080926016648      
   40.0399397057181606787100794549729088      
   38.5864096998195024699772396204352003      
   37.0095188717776087725254761921370894      
   35.2847949306399503078365212653767529      
   33.3786053318504628325048421289542022      
   31.2425107502122776544419528367492747      
   28.8021705281096030082408817681000809      
   25.9326383694876814739603615143156188      
   22.3920342671892339898206528964983183      
   17.5744048691731673803267395747928912      
   8.15825083902294066725288794787431823      
   3.37425620050836531551671484464755108E-0004
   1.38911611365699686460891016018173644E-0004
   1.12564905957723109416974528278653309E-0004
   1.03537129380023104151736928609555517E-0004
   9.81017034231996701798638808615224015E-0005
   9.45207755222930277187295724991964278E-0005
   9.47551039019912667568231369970864078E-0005
   8.76362581302382200905208482779908631E-0005
   7.47608807516884610500798172577329090E-0005
   7.23045677992199834171885334555171853E-0005
   6.95616631468503092689146611102560809E-0005
   6.76301657149641814768656920796181550E-0005
   6.46547252103415291904025532513111560E-0005
   6.28930094174613305739427350419630636E-0005
   6.06505992320860211547718599850808947E-0005
   5.80790677229359286487273517234443403E-0005
   5.51928375498893436617958310338137101E-0005
   5.08813396643559873359049150163488351E-0005
   1.02874305657171598183577959418125170E-0005
   1.02624786613115384458442861718078114E-0005
