   1.21568479427822056111227633506263156E-0002
   1.21766593704744639831158635323771210E-0002
   1.21971305269082546326185410850370318E-0002
   1.22182794124297063608381597614457454E-0002
   1.22401254084456417126300807230282849E-0002
   1.22626894250620939418559437737292636E-0002
   1.22859940538666502279153847938789285E-0002
   1.23100637265778704379814514058968722E-0002
   1.23349248805451999274752419143874713E-0002
   1.23606061323514538059096765023582446E-0002
   1.23871384610487600184505672144567054E-0002
   1.24145554028518848777330212403463676E-0002
   1.24428932594254886961534924500408078E-0002
   1.24721913222407099993368515245134977E-0002
   1.25024921158504920607179793729344692E-0002
   1.25338416633532929105279529627163396E-0002
   1.25662897777929445052163006144023300E-0002
   1.25998903837970474095414248285364750E-0002
   1.26347018744020491180168325856364028E-0002
   1.26707875087776006114275402512241906E-0002
   1.27082158574704092529124692611993773E-0002
   1.27470613028752997814108582615843485E-0002
   1.27874046039507268526268934532602634E-0002
   1.28293335357799636279525220017708420E-0002
   1.28729436165087474356166582808136857E-0002
   1.29183389365439992201038012695766644E-0002
   1.29656331077936996156573853019604473E-0002
   1.30149503542970187508549061675265024E-0002
   1.30664267700253098350801664553481961E-0002
   1.31202117751595453318191248400979400E-0002
   1.31764698090832718347944117493599940E-0002
   1.32353823070822363119911351882209998E-0002
   1.32971500188662522301344083002511352E-0002
   1.33619957412630233288845594599758023E-0002
   1.34301675557875555309017776767535618E-0002
   1.35019426856490733580719325170856812E-0002
   1.35776321180314614692353002272353912E-0002
   1.36575861788630798840644693539272813E-0002
   1.37422013025783663758943109771378158E-0002
   1.38319283140306077320363066842742457E-0002
   1.39272826416804849953522641221465629E-0002
   1.40288570221764974778625273904628699E-0002
   1.41373374540141350658035858540978446E-0002
   1.42535234388619978667127274736353305E-0002
   1.43783539549091217062790843582881109E-0002
   1.45129412029916656467276646578042319E-0002
   1.46586150598237912855674696939272080E-0002
   1.48169825402072897805677553027000027E-0002
   1.49900087131651493161233117726620620E-0002
   1.51801289658342959345009126747743655E-0002
   1.53904082288679461186582231766945416E-0002
   1.56247725945088924042426252282168379E-0002
   1.58883562886720393363372434129304398E-0002
   1.61880397356238029093602469218246830E-0002
   1.65333191619158360657758042137181900E-0002
   1.69377845234133459822784845823362013E-0002
   1.74217935677455716935738997211033826E-0002
   1.80177137566703405260108328712394086E-0002
   1.87813527724750378303358483905664914E-0002
   1.98209049958496802378027832330077807E-0002
   2.13891880467594642569923856040103314E-0002
   2.43315968914785197603475996935995209E-0002
   4.11962659341871632361015723713503561E-0002
   5.95379630473831781138978085115410296      
   10.8767565266415220618852495314736047      
   15.3834257960188004647137266051250186      
   19.6532346428361930280544860467058775      
   23.7600864862170509853293310438048842      
   27.7433142522067161993344916424257873      
   31.6268968413585003813324053125240554      
   35.4267998669784761179728227491274861      
   39.1543319461133997099434688433599631      
   42.8178482407757910500340062892480445      
   46.4236665463863491950541159117060529      
   49.9765711875651469846128024737829614      
   53.4800874848082918238300273334753429      
   56.9366233672182179385167666457146109      
   60.3475303870472825866910947097373551      
   63.7131083248504219911451850232933040      
   67.0325509113002479319446833118599740      
   70.3037794325373142185887584152785102      
