   5.68630330739761725758843707485759168      
   6.02727214490273718594503570337960923      
   6.03512537567738045750105570692367381      
   6.04299024155955257818913360858280828      
   6.05086691879389413781066307381876439      
   6.05875558535313169086489454252246315      
   6.06665642063241235564437892276079161      
   6.07456960701742429000237662038747633      
   6.08249533161223883308103431557754113      
   6.09043378711998153689408960789197345      
   6.09838517219273605192203511900304980      
   6.10634969379323886502171558638858573      
   6.11432756742150931199201340041262521      
   6.12231901787957205586698924498970902      
   6.13032428147785423809103449162044436      
   6.13834360586750589711858819444697355      
   6.14637725173662361670834531528800462      
   6.15442549399474815844543206855445851      
   6.16248862297959020477369189578228066      
   6.17056694557440609007745426655765114      
   6.17866078629706282831279918427111752      
   6.18677048941822877880531783219979909      
   6.19489641971297286265563523755151859      
   6.20303896453222438899775338251935440      
   6.21119853509944368358225816403376408      
   6.21937556892082916017907492847751411      
   6.22757053105329900411005296607994426      
   6.23578391667633494931119030368409479      
   6.24401625314274907041866287878600786      
   6.25226810246959409338517731315594984      
   6.26054006385222085414632244669828618      
   6.26883277657471333773970870396494134      
   6.27714692304942659408038320180722005      
   6.28548323195151143106150368475463627      
   6.29384248197772477259416111012396514      
   6.30222550547934517468304569254000007      
   6.31063319275669821538477216838977628      
   6.31906649643571982440418129017110312      
   6.32752643644923807656435812659715962      
   6.33601410518259217655919583065439509      
   6.34453067332555799315453107660130656      
   6.35307739599404305380530734721742696      
   6.36165561954768632572382753350391792      
   6.37026678885442439419854161909531185      
   6.37891245534035522859398156680011285      
   6.38759428560113965031749876315057343      
   6.39631407088709768277936123708017381      
   6.40507373736909340187084263912810919      
   6.41387535737580218131738448121232804      
   6.42272116156582064163555623165517676      
   6.43161355230131133870941587427860792      
   6.44055511821490339020506654488035324      
   6.44954865007824700479598747759551885      
   6.45859715818814147703186800530862113      
   6.46770389138626680495830200184357558      
   6.47687235784386076032501650169049767      
   6.48610634783833557321674854478247743      
   6.49540995870686519846192864720850175      
   6.50478762220471807619998890320638773      
   6.51424413451573609473515916476618377      
   6.52378468920431892464548227946804769      
   6.53341491342343881598384264414898740      
   6.54314090771574912664987967605717613      
   6.55296928979691411080100709427070854      
   6.56290724278311640157760291180378088      
   6.57296256830104539709498835628781496      
   6.58314374507279034435324129616488851      
   6.59345999354861378844104226074647870      
   6.60392134729632502582936319108784742      
   6.61453873188764447886493331265835021      
   6.62532405215787546783363721112336846      
   6.63629028877929556250909936947294425      
   6.64745160524750426965807513476924544      
   6.65882346645898946605737530395389703      
   6.67042277023507200317609593688486341      
   6.68226799331101501405737791489393834      
   6.69437935341996766743482894721309577      
   6.70677898939036722720205293525913999      
   6.71949116125737747700623125447133938      
   6.73254247268402426600886703266868131      
   6.74596211814697490072406269453189425      
   6.75978215757623854022167195547718999      
   6.77403782129006759008790599786511578      
   6.78876784826294974382708529173108920      
   6.80401486079732600637257968146468955      
   6.81982577869085509871456579858647548      
   6.83625227581050890258033120501000833      
   6.85335128156482499917273265249122495      
   6.87118552907258885661825563563595204      
   6.88982415061435714732110774832203538      
   6.90934331914718194400505291207298273      
   6.92982693195351651254163306749706984      
   6.95136732864818881703094805455090550      
   6.97406603030103119275045826918843047      
   6.99803447898270705163240891371336613      
   7.02339474686721624236544948562656045      
   7.05028017057527828812241821743109301      
   7.07883584865751280709012033501040548      
   7.10921891684757541150221839239490859      
   7.14159848435307673352784746989146607      
