  0.811736562882761424596062302053343245      
   3.57416853598180465145686194763654818E-0004
   3.18207149632972487958083079499239098E-0004
   2.84788990030689548879854797160156783E-0004
   2.56468212871067508377252676167750903E-0004
   2.32630087112144141276640150745625510E-0004
   2.12737696280737043494122594789334468E-0004
   1.96283676308761213390014974616082868E-0004
   1.82784060124140754969967310874223854E-0004
   1.71840151569912027854597399029734236E-0004
   1.63047135941281603344691238544532993E-0004
   1.56067849234946105708246485095640487E-0004
   1.50566149910202373325690342547520920E-0004
   1.46289642240457385053935621127412284E-0004
   1.42970788822369170523892286004582301E-0004
   1.40433262095220712187261921591099943E-0004
   1.38511073497831338789226767082742353E-0004
   1.37076586777016082948285237833566150E-0004
   1.36012040454711934026608114434147066E-0004
   1.35233905475949444083054810301609316E-0004
   1.34676089553665934802415585029003079E-0004
   1.34303066863688895579925113744752511E-0004
   1.34061285356941621141086214163824510E-0004
   1.33896043806722255410289289575651766E-0004
   1.33828783450199504839687769660488566E-0004
   1.33811676395046844632844401820490436E-0004
   1.33847277179215362098344850631590366E-0004
   1.33905033692700359713889303314202995E-0004
   1.33998049927015173541467261594659337E-0004
   1.34114205454137644139766029611398204E-0004
   1.34234530023982968656904216759384131E-0004
   1.34371376584041796549402502279488962E-0004
   1.34536471787528979642945615466531486E-0004
   1.34673424436588292956755270105811701E-0004
   1.34833386673555317442880400109505655E-0004
   1.34995679819954458143482323673373202E-0004
   1.35175904419175044712242714572994673E-0004
   1.35325443501881284930300303587753987E-0004
   1.35487739757065882067160141871048218E-0004
   1.35672656370875024109771023257779846E-0004
   1.35849650677278020869025272793655001E-0004
   1.35997373388668098190152493457715455E-0004
   1.36172969089335032672086559329396285E-0004
   1.36349390873743770578703413442307918E-0004
   1.36511077960902954775351567529073338E-0004
   1.36673875271335029697497431765345483E-0004
   1.36868352787541895474015844548238763E-0004
   1.37032610605282839401743569981801103E-0004
   1.37176403035580656837002891417887883E-0004
   1.37355663096812893755374853071715230E-0004
   1.37523667843425708898260249810300087E-0004
   1.37686187035966375206334238328835747E-0004
   1.37856683317118363290588850717622088E-0004
   1.38007134690028286321198902751660768E-0004
   1.38182980055702516665346453160127181E-0004
   1.38335315262563058179920738489899835E-0004
   1.38496638051210163985364410309666932E-0004
   1.38626721349892831507650837337146084E-0004
   1.38798658458385086045396662463427358E-0004
   1.38932186107347206592554218445625471E-0004
   1.39066387962149928003998877572271472E-0004
   1.39202715262721881152184135143860310E-0004
   1.39337198975347911606755986401807759E-0004
   1.39465675554186319496778475198164842E-0004
   1.39591550986088827812533871980222203E-0004
   1.39710244675507421359266005761044066E-0004
   1.39814618259806271489221024506081723E-0004
   1.39868610929170670492708631229334606E-0004
   1.40039871871405992988121994546842458E-0004
   1.40096247494285071451180512840161306E-0004
   1.40145723969730725366065262492971186E-0004
   1.40200678241073206593685803856921654E-0004
   1.40233666369167651595398138387018585E-0004
   1.40258214537833748116811910399305854E-0004
   1.40283678439831371285793598114436039E-0004
   1.40293749498465323535141099812172528E-0004
   1.40299329796905516909015095881996202E-0004
   1.40306017416251380313571307624874904E-0004
   1.40224607755028607655706816684878551E-0004
   1.40149950113052395709687522993455763E-0004
   1.40031712358454271022752597115362435E-0004
   1.39911464359146303506671922855151798E-0004
   1.39682174060482226477013709296636069E-0004
   1.39430195491386695926637555162147124E-0004
   1.39117903047720224645500161279722041E-0004
   1.38717106925982041685112430933884256E-0004
   1.38272452873530514946527129337344438E-0004
   1.37687649392352855202027331019165466E-0004
   1.37022899100409033258306575714611338E-0004
   1.36178889954940872025104138789776791E-0004
   1.35176676239288055416362020961114544E-0004
   1.33939031832978951515628113260476170E-0004
   1.32459312488759423594879934976101417E-0004
   1.30695607715968397088469282501133237E-0004
   1.28775428947736619960713132254903550E-0004
   1.26649020734973730899195800882073490E-0004
   1.24314369589847406512685836222272810E-0004
   1.21782523409080645883100202067374139E-0004
   1.18926751634330760568209588584017522E-0004
   1.15741546894756773417152865781092503E-0004
