   25.5609701966351035855553402224603038      
   18.1244481185044916976391594068474116      
   14.8101904357639285160319231853880641      
   12.8299691710230862207182638699142924      
   11.4767693855583093831882498516514399      
   10.4768674327437786929076962107327729      
   9.69906243276293384797956721689036388      
   9.07156994671322998843734458996148813      
   8.55137540701903142854030275483402915      
   8.11092733240490679198660444345513314      
   7.73165352852056512257872998833224069      
   7.40051696361385495649877140883600267      
   7.10805884737809096997091571646719281      
   6.84722492653207145416311719599915523      
   6.61262958492570527855227763229079850      
   6.40007706712264226205077991822777774      
   6.20624014371256523980278933783013415      
   6.02843867524140121278735081081116339      
   5.86448352650522565195108850603542976      
   5.71256436266903182744821208559749202      
   5.57116757797655040967452216622213516      
   5.43901531753068201182482659681655713      
   5.31501951298317487709501443678738086      
   5.19824676351433229080818675760791209      
   5.08789115525041113264371488234686368      
   4.98325296224476094390053003217327662      
   4.88372175468678734074844414671500029      
   4.78876284541261384440080832299548096      
   4.69790629158521250117495079486357146      
   4.61073787234441338217513396800221254      
   4.52689161027934180236493871718214283      
   4.44604351157710132444091979132250508      
   4.36790627817301399278129854313519174      
   4.29222480327803481840308405659034483      
   4.21877230478128478681085398990342274      
   4.14734698332773053080805814323482458      
   4.07776911619435611635545984944367454      
   4.00987851652727587271468368715541493      
   3.94353230155575524576840685363789674      
   3.87860292419617010414886692461037174      
   3.81497643085445620892247250201355517      
   3.75255091474015874291132083848766468      
   3.69123513915710299532196890519143905      
   3.63094730934710050957468718243941159      
   3.57161397469532643147104314055361392      
   3.51316904578629033619699389546934969      
   3.45555291293172713654254808821424972      
   3.39871165455968542235085536350095794      
   3.34259632530727166764246476125214001      
   3.28716231486169463362121105767253846      
   3.23236876960964460235097356423927118      
   3.17817806996808268496997103827598138      
   3.12455535699869293255759335033458158      
   3.07146810246884829608428902055785392      
   3.01888571702758086608212624418812836      
   2.96677919155177814054315959335190403      
   2.91512076705493991545692461170949026      
   2.86388362880121266803666210132461908      
   2.81304162044209702970106050113473601      
   2.76256897414873416881267026650504239      
   2.71244005270888900122850245277777984      
   2.66262909959354941214449577612979184      
   2.61310999283588355154090221663615134      
   2.56385599839190169877069663531764647      
   2.51483951830895286724265729282273383      
   2.46603182856952804771974238520924562      
   2.41740280082603025995372360530757402      
   2.36892060136950861006562636169911214      
   2.32055135951816969564005951012255562      
   2.27225879606680565828534034718727705      
   2.22400380040421710351693677888353972      
   2.17574394219375292335432495876760286      
   2.12743289992815590399195795234314911      
   2.07901978380382257623256196934265160      
   2.03044832386350985398635685417670736      
   1.98165588538344399635029536737053306      
   1.93257226116671505200402955538357514      
   1.88311817311880620389476181295781186      
   1.83320339097924713292381458650833336      
   1.78272434075582517512993518251901081      
   1.73156102358912038640043759557493565      
   1.67957298832440744570432768665871575      
   1.62659398274415281195861146548233983      
   1.57242472331845188721431567644470843      
   1.51682292566949645464793206217935094      
   1.45948924399676376948139832663602007      
   1.40004691727090919251339511856446051      
   1.33801138964710879697055567966418655      
   1.27274326675741282882666236221786863      
   1.20337206980405387445230771864778282      
   1.12866521749693139303583116922881652      
   1.04678464758629394875170769140160511      
  0.954783495373739325270851666535645374      
  0.847393422719179739682530622858193814      
  0.713334161291897060689572191287913507      
  0.517706110287172886159956906243985756      
   2.62875793652221994225964904422914471      
   9.64509364494937750517430795793889843      
   15.5957319584477013486502034400310920      
   21.1592316195282637109365550703136446      
   26.5190152899871499384417119909779216      
   31.7663182896511943170194023550771496      
   36.9612070385684519565001758402808980      
   42.1504408110350064208142277789617890      
   47.3721531399204231183982138843539294      
   52.6541937010011203388408854820211548      
   58.0095322609260409327454669195795572      
   63.4316118364301070336579379698318560      
   68.8912383077030278701334500154503994      
   74.3340506284976064799011172164222852      
   79.6732598797196582075624199790515616      
   84.7481515793728806028676864327682519      
   89.2716988491513070183723261113018626      
   93.7078698033114335172840435885278937      
   98.0961774545499550098504587415745571      
   102.434820953298840583355553977904772      
   106.722574052066362482210463228041149      
   110.958675484051396588654777888540327      
   115.142730893257048358667225517691867      
   119.274628513346932344798778819956640      
   123.354468835397038746563620586219041      
   127.382507370091834262333492475573399      
   131.359109041317937521440902001500623      
   135.284712543963836455684878343004632      
   139.159803011466952409448798056318808      
   142.984891470339081835252846244325686      
   146.760499743355365462534929237118048      
   150.487149662190865561336351328814191      
   154.165355641865776538729040653850073      
   157.795619842346671543969608277102944      
   161.378429292920087911059755176750501      
   164.914254481657132454933623579616147      
   168.403549017305111332625214086809051      
   171.846750056854995781393533434272398      
   175.244279260888159475543795766705090      
   178.596544094504240426808145971546714      
   181.903939335239802869211925978495495      
   185.166848684214786494167504715511126      
   188.385646403877134382924714352996742      
   191.560698926785966567589737715672472      
