   1.64988271596100927629081901750668777      
   1.63755379227462360665605359432273805      
   1.62506366494733091297944887098400912      
   1.61243578182133874197000131773858631      
   1.59969308873332049985799575316349102      
   1.58685798857455932756294839495836768      
   1.57395231280012575289517212309271454      
   1.56099730474122447344666865134358600      
   1.54801361427620476540933779778873945      
   1.53502130364160461169310813477970413      
   1.52203986442294318251037111823222323      
   1.50908824606837470812413708910192856      
   1.49618489663430681393078157484015433      
   1.48334781692554712283390964115941957      
   1.47059462977040016636502724295833890      
   1.45794266692377863087740660294162642      
   1.44540907709582525613748267822323434      
   1.43301095997015792254163741871648522      
   1.42076553297365579008648392154342771      
   1.40869034024689792592551988296879078      
   1.39680351714497103830286971850728811      
   1.38512412932057970314403277944068250      
   1.37367261406913303318578196180002874      
   1.36247136494064553247976778785855055      
   1.35154552176078517520636570418338032      
   1.34092406273776359864297159149317290      
   1.33064135365023205775535568978172018      
   1.32073941131328842606086701119267208      
   1.31127132525704173044725574580729888      
   1.30230663919610778745035195629705133      
   1.29394021647929335587052675406550355      
   1.28630766686325534697339330700745924      
   1.27961400874387924101017747073693118      
   1.27419142536462489738750001184164989      
   1.27062902508792024673378176868770583      
   1.27011713783034833712831309338754962      
   1.27567165100951082010696552114859629      
   1.30038352426268672424606659346807038      
   1.14439643303625839831984485730715759      
   1.08432251432336486191250789133511785      
   1.04909395290175958412659786091848747      
   1.02091320096047043295190573024713093      
  0.996155067106859874401229115987848369      
  0.973440817933701762092498062534231236      
  0.952117329286923032352918382534237188      
  0.931854017310167007102307518895920535      
  0.912504440346341354159175826336118147      
  0.894054948855430346251943459914530068      
  0.876603283478311132754257539042721188      
  0.860345170730672067824422005351962765      
  0.845566057185207431430080487660185816      
  0.832652187051901172342122280306162094      
  0.822177150193820842254991129749112454      
  0.815708467007217421034877577435549235      
  0.812800175581269898110647993970833122      
  0.809966301360334717537883881838724204      
  0.807207051688557588628511431627367840      
  0.804522515123435582577360819916245482      
  0.801912669973441120068034559582757501      
  0.799377392375505753436732626729578986      
  0.796916463931621621409519972860154910      
  0.794529578923484349766576142460534221      
  0.792216351122881639397635326160274591      
  0.789976320218059469424892692724892052      
  0.787808957870739212904100775064723366      
  0.785713673423060576571077519114758076      
  0.783689819270169750052758313268727092      
  0.781736695916402207593737720286702334      
  0.779853556725459468759996602200554258      
  0.778039612385694530356321812958158607      
