   63.6705513633457285923584675713534925      
   63.2050895097850562238344187455976754      
   62.7146839531357841251980844271306825      
   62.1972830871815082116983485877775958      
   61.6506001185012828562508708740484282      
   61.0720721714487288824444548112779567      
   60.4588114123459680219847521886150638      
   59.8075462051318020001216515672965187      
   59.1145496661804352104430047964349550      
   58.3755521157589626778567970169605921      
   57.5856327409624207878235499019495214      
   56.7390841697090540867823911817634083      
   55.8292414407725967975332587212106964      
   54.8482638067807932070676974185749861      
   53.7868535781330374569592527369710957      
   52.6338902240023375845113848489392295      
   51.3759489904998637245740694629056347      
   49.9966583820859753002472731000100413      
   48.4758217945448357453343285237643157      
   46.7881632953108755256850936267747106      
   44.9014016184230486230833724281350704      
   42.7729943861282324578800145520748662      
   40.3441114504362224417976711447273842      
   37.5277193365889678773187988542169597      
   34.1833526890491891879516699581688158      
   30.0560415742022268447548297502993927      
   24.5827844312720932065628067672370810      
   15.7746625225288841630002679880534905      
   2.17158575459627226480183493271921865E-0004
   9.40673439750031916757979208674021792E-0005
   8.43850406198503782048628845798163179E-0005
   9.38624683978896410659708974844129123E-0005
   9.64718012966359355769001166856875683E-0005
   9.66962704690815242615826367569190695E-0005
   9.90645976665113925635326379535052745E-0005
   1.01050219337833112313027964839787719E-0004
   1.02115687269410766456345663241157138E-0004
   1.02195525966401001384300558400970577E-0004
   1.01287774225655298344821383789005218E-0004
   1.03498450427372929193333124761364250E-0004
   1.04102676059273128719788650139279876E-0004
   1.04234051523324900293453207111866295E-0004
   1.02409739336257850345077647048209157E-0004
   7.19986448544866312557379306655656824E-0005
   1.02309335011127319894397443382912913E-0005
   1.02166628732551747154786186651306461E-0005
   1.02049770017342111333015275274443535E-0005
   1.01953026756742318790541054500385291E-0005
   1.01872144300243819663060930457819934E-0005
   1.01803916911148074950141332039908900E-0005
   1.01745896064833763950178737989275277E-0005
   1.01696188239897657776922016378852809E-0005
   1.01653312395809068160905367204089442E-0005
   1.01616097978203904454316885117857193E-0005
   1.01583610899135919463503635458577980E-0005
   1.01555099122138635852963012291357218E-0005
   1.01529952179722314349906212438955305E-0005
   1.01507670721164528716289049420500016E-0005
   1.01487843368680706970936987764622018E-0005
   1.01470128958637141463638369654353434E-0005
   1.01454242792290679088684610590319588E-0005
   1.01439945901198322926326637070657613E-0005
   1.01427036600136801463245751665147996E-0005
   1.01415343790759412111574951370473633E-0005
   1.01404721616058867979690946974405341E-0005
   1.01395045165042707850620183186642921E-0005
   1.01386206999819163949820562017831059E-0005
   1.01378114331104068440575644797237146E-0005
   1.01370686708275840386504730369492968E-0005
   1.01363854120249460189416246798782437E-0005
   1.01357555426261482016856723306560314E-0005
   1.01351737053059177634380740490897439E-0005
   1.01346351908345255150966128165507408E-0005
   1.01341358470651359339936853534575291E-0005
   1.01336720023837505685776681119740828E-0005
   1.01332404010689723438067118879897252E-0005
   1.01328381485022856294160966609292816E-0005
   1.01324626645597147189812840807078786E-0005
   1.01321116438257510267299173785066000E-0005
   1.01317830215180903870821113724512433E-0005
   1.01314749442103993199916520834321598E-0005
