   84.7290503831216973642201309025508515      
   84.7260941869651993494979471084698427      
   84.7211561688949210725087040705884098      
   84.7142273681850038141199126163774968      
   84.7052985611433974790650185655405900      
   84.6943607651659929589170731442843448      
   84.6814057015619280579869203975487786      
   84.6664261837166411002911685059852672      
   84.6494162656101314876083841749970658      
   84.6303706854313904158209883453300048      
   84.6092827370723420003911493755568180      
   84.5861393752994294707752442156705581      
   84.5609123539882415133955951794040129      
   84.5335448088161377416176162153443882      
   84.5039339645578007298935084690789301      
   84.4719120515955606169883087359265646      
   84.4372283203049864713972715804783217      
   84.3995348799883326828899858575257968      
   84.3583781575395059974440845979035810      
   84.3131965559656021167112153694120008      
   84.2633238431311240639098243753931387      
   84.2079971372553995980660902131066516      
   84.1463680978863712227192222565521524      
   84.0775159721472267617177090412575724      
   84.0004613587272302756700472904978148      
   83.9141798220034272418298898028385739      
   83.8176147494231458598993998388538848      
   83.7096890622615205059028680904789678      
   83.5893155535169331565129616181167371      
   83.4554057442006577320547222452071161      
   83.3068772286570061482329852542151761      
   83.1426595332014160225946862666973233      
