   18.1387783877839539438991308422940421      
   12.8436843911146131067900025790262052      
   10.4906370492163943829307482242810970      
   9.08617024384865648117860875746258521      
   8.12691938580496231167382003577452860      
   7.41833619305081494114649370729448120      
   6.86725778851797577317287770348487716      
   6.42274178342321868151571215146012013      
   6.05427379649812357997137667222233372      
   5.74231170261549451135245373970232515      
   5.47368021681053014170922973090932917      
   5.23912541137447909172582771913018587      
   5.03192591789921221430101449167204348      
   4.84706068663083819266869786183528100      
   4.68068792001064905564973728227290647      
   4.52980679208540138316329176000235568      
   4.39203106575603878358693469820297353      
   4.26543361831773072512856827606046242      
   4.14843721010583802321006763165509120      
   4.03973614220933283463456259230618471      
   3.93823897300301312923381018587776027      
   3.84302585414647875887243214746605810      
   3.75331618876455378511208936791861850      
   3.66844369837304274540821710956668016      
   3.58783689535854719756940344344488318      
   3.51100356490905757740406479333377043      
   3.43751826990115710442091294642288608      
   3.36701217172392980813801186816859918      
   3.29916465261280943012135619869789323      
   3.23369635921465378486531433311922491      
   3.17036338201363333190310449063515399      
   3.10895235276155300948991535635325576      
   3.04927629139785229571412785237883562      
   2.99117106999910031949283154116684929      
   2.93449238837493265873132039426785261      
   2.87911317660129573816952563163281759      
   2.82492135554860842796606230345866900      
