   75.0774957498090716084531451915739807      
   74.6415202845360125815941812566328690      
   74.1892781448267259444015260741134459      
   73.7208362982662840955471788977188667      
   73.2362637525397008673538993573707767      
   72.7356280707521291608131848054079092      
   72.2189919508136750121530595251675792      
   71.6864098571444163293530032393154388      
   71.1379246881900214692294119172155880      
   70.5735644586053032928795524018531574      
   69.9933389703348220376415946580154794      
   69.3972364420309976829569871370057730      
   68.7852200611322710641849867354619243      
   68.1572244172738895783853668372087510      
   67.5131517692738760462157760252434383      
   66.8528680904328308999669310638656330      
   66.1761988279607682961150426017982347      
   65.4829243015447051420691418471761733      
   64.7727746528443779711793885153522920      
   64.0454242413391230205790775911601340      
   63.3004853615157557995672269332200726      
   62.5375011306941919611377147506755578      
   61.7559373642180403007925561482501241      
   60.9551732131791332426240556515655287      
   60.1344902863879369313901181559856708      
   59.2930599090277436803458058567176995      
   58.4299280798756792001647685205687428      
   57.5439975695477435142589398617672501      
   56.6340064431854908026014020427013658      
   55.6985020769375456082659296562516023      
   54.7358094462077474055414174464681041      
   53.7439920620341227848860825423606452      
   52.7208033709280826000333930034621331      
   51.6636256381639392448385998904300219      
   50.5693921886630297341395952503042645      
   49.4344871993251270424319664421249044      
   48.2546147238061138107619892672247902      
   47.0246247898262070747429921320940790      
   45.7382783923759420888231594983749585      
   44.3879235145857510100368620607190733      
   42.9640381880360255905282979905366395      
   41.4545687677028286875221692151619548      
   39.8439413335109990452144017410400896      
   38.1115283238188915314549267142548778      
   36.2291572600452857954644150839241208      
   34.1568157753145423481174929990340107      
   31.8346415312531546150468400383816219      
   29.1662809310729832611007407769044311      
   25.9785474009479773944669308964692202      
   21.8971450905140709927105956396163359      
   15.7324963263155757480099397130164524      
   1.01566168181236498021066992023324954E-0003
   1.48917973422659192340538305216412600E-0004
   1.09932917887276505083970589832612563E-0004
   9.58225593135785387120243905229266273E-0005
   8.47453180414501649013654058936075054E-0005
   7.37784150220805439184798377261655407E-0005
   6.41187980825065368342528333806475033E-0005
   7.56848608692945579272372605167652276E-0005
   9.34958199178679933929532086452632821E-0005
   8.38326531772922920188344075487610245E-0005
   6.95211141578873400468420178798528243E-0005
   6.12688083960960411271769928984600202E-0005
   5.59567832766871403589310614461518579E-0005
   5.10360579564865095307959801146502255E-0005
   4.61053316873754696359934365470378073E-0005
   3.72338239327922269737053628039258303E-0005
   1.55738819166038111181146741104972001E-0005
   1.55634004825430172704081906189319078E-0005
   1.55552275945712936655900880574325353E-0005
