   5.84920418055345346888824002811927979      
   5.85991458198227428045701859166344456      
   5.87108811425841030420244297837816398      
   5.88271344598462446479077406661182854      
   5.89477854570257945559876564704684197      
   5.90727075286138680447316815083664638      
   5.92017684079336984348464538157456722      
   5.93348307196495325079277392388192401      
   5.94717524577671360413764634587378186      
   5.96123873917261158660462450617113548      
   5.97565854028674495620725449015789745      
   5.99041927530914920728922191202040895      
   6.00550522869104665222191847254234727      
   6.02090035673442412188304853677155909      
   6.03658829452069191217842524944010620      
   6.05255235602660369569746289047289662      
   6.06877552714961883241851164615812651      
   6.08524045121571548618405284563412505      
   6.10192940636437743265820598197515467      
   6.11882427399025038264079229085531803      
   6.13590649715868202575298019390268546      
   6.15315702758810094659935653150945534      
   6.17055625938783291946400343034501748      
   6.18808394722833453339698711963323282      
   6.20571910596770745818065733041947370      
   6.22343988791317961624750282728669562      
   6.24122343279168460825075714773914321      
   6.25904568404181460946213485796179657      
   6.27688116308165619768372239932572559      
   6.29470269055249334020265124764090586      
   6.31248103988979669054278297492489360      
   6.33018450348616294047455154609086509      
   6.34777834451059474023449941958989319      
   6.36522409708269018327821373191335290      
   6.38247866230389803942244292240375555      
   6.39949312491703733207495906430478743      
   6.41621118059940570594654624404884441      
   6.43256700939351576955449297771921133      
   6.44848234294689865836058817483083097      
   6.46386232723069476479818516206756493      
   6.47858953106310023348975548870722794      
   6.49251500050041703292756943012545551      
   6.50544441480808431665735096705267999      
   6.51711572979139843485056819559433021      
   6.52716117548002650914853493326091869      
   6.53503845888583505256273723297871255      
   6.53989582148738995362779380958968900      
   6.54027713154572098359833078761410100      
   6.53336614864863687594989588156729559      
   6.51246492371931370033868502209554403      
   6.45252998179410530200912410851497250      
   6.80657547012362063589738086777568105      
   7.01816187539101082006484242863492330      
   7.13487171611618114398818132511433952      
   7.22921054799364843738792921582897412      
   7.31339702264529059434445084899134732      
   7.39179062833021386091466754290426687      
   7.46638282090570971214380027270480382      
   7.53818495711512854770850561523970258      
   7.60770637803815047520216766844597102      
   7.67513567765469316852080478856751087      
   7.74040150542843219837277113365286039      
   7.80318213023231242230688552489230871      
   7.86289119136512510572244376677124455      
   7.91863065034058708080675812952736268      
   7.96902925452667491440306498378739396      
   8.01143962072862269138626651085375338      
   8.04051744332001121870219402943280850      
   8.06768712697535464304255431842855003      
   8.09437228420306999412577285710765474      
