   219.571801002633678156128694072097858      
   218.696466568339147288096882171606649      
   217.785894560751717607837776643585382      
   216.839277470521219311586881776942927      
   215.855778167943256125471306804124850      
   214.834524196678874734306038092582457      
   213.774601806324954151435585756808056      
   212.675049688653978460853330895652366      
   211.534852370765916706628105489274354      
   210.352933206066655416950724973911749      
   209.128146890633161443230687105292795      
   207.859271417764504650791230278623996      
   206.544999366897064760534731808222239      
   205.183928403996282002323697978641009      
   203.774550848298810556264302433592981      
   202.315242133942492541262475499347684      
   200.804247963457799777057614360310107      
   199.239669911828221183924044492942392      
   197.619449193002144409135042484666708      
   195.941348242954720912115139680911399      
   194.202929701511284513371083234573739      
   192.401532285064888133340512064426537      
   190.534242928569288350485282752339482      
   188.597864430498187143909880204215667      
   186.588877648933568200346314689911061      
   184.503397057134532551871207997591782      
   182.337118154226465696509831717829355      
   180.085254815095236830061043172723880      
   177.742464116538077279752227196252119      
   175.302755441721203379560383062345953      
   172.759379666103619025898846669977642      
   170.104692853285877961902274184792433      
   167.329986971589223406034165734438072      
   164.425277427350091795263718455715639      
   161.379033304909602363668397101373853      
   158.177830482940219101116327546289145      
   154.805899253200745494332544056150241      
   151.244525026072274942386957911032521      
   147.471240305012962215427299453362064      
   143.458713294964166269928331933466551      
   139.173184008602722841486284333756463      
   134.572204781793351550096867089873080      
   129.601272806015051925837590073651775      
   124.188620362775253606111585339677445      
   118.236774344063962037433580203949056      
   111.608052362379462994659465292648994      
   104.097619564395715609843303414512218      
   95.3777800928673356160666821508003411      
   84.8636810902087712229733360522131094      
   71.3021946657827319199351445850387870      
   50.7572021170084352639384514573056068      
   3.45658894468427267997561459121159343E-0003
   5.22565221817699271856523165544334138E-0004
   3.92178633252025872278527276180890146E-0004
   3.46360728262734494349131998925388435E-0004
   3.09888078323734932598965786737074828E-0004
   2.72677298366636016437183791868534872E-0004
   2.39367746250174383655637995526813119E-0004
   2.85263239843133833942233603040535324E-0004
   3.55644372754535339728457471261806014E-0004
   3.21713493676744071032502760434749428E-0004
   2.69060668343386529145505391182268611E-0004
   2.39045835408522047588843042707714249E-0004
   2.19991049161695329000503943341871820E-0004
   2.02067846403396331338681214514285453E-0004
   1.83707368503175410815596911160333939E-0004
   1.49148266143202636704844648295786169E-0004
   6.26110346053295157737674086879969208E-0005
   6.27803228624871615479234412315989538E-0005
   6.29549015579843341425159128659869976E-0005
