 0.30012759299196E-02
 0.10728065449087E+00
 0.11504825737059E+00
 0.12335358862875E+00
 0.13223716831618E+00
 0.14174189506611E+00
 0.15191329873896E+00
 0.16279973042707E+00
 0.17445261046040E+00
 0.18692667255867E+00
 0.20028021112008E+00
 0.21457536285394E+00
 0.22987838109618E+00
 0.24625993237010E+00
 0.26379539658441E+00
 0.28256521336505E+00
 0.30265519815517E+00
 0.32415692146973E+00
 0.34716807096847E+00
 0.37179285666846E+00
 0.39814243476022E+00
 0.42633534109977E+00
 0.45649796872294E+00
 0.48876504688883E+00
 0.52328017137449E+00
 0.56019634803543E+00
 0.59967656610666E+00
 0.64189440595463E+00
 0.68703467508524E+00
 0.73529408531489E+00
 0.78688195149384E+00
 0.84202093534638E+00
 0.90094781880546E+00
 0.96391432279971E+00
 0.10311879575796E+01
 0.11030529253983E+01
 0.11798110408147E+01
 0.12617827277604E+01
 0.13493080264767E+01
 0.14427476714931E+01
 0.15424842026851E+01
 0.16489231248433E+01
 0.17624941241761E+01
 0.18836523246506E+01
 0.20128796039263E+01
 0.21506859606799E+01
 0.22976109354881E+01
 0.24542250872722E+01
 0.26211315369571E+01
 0.27989675541875E+01
 0.29884062326973E+01
 0.31901582091258E+01
 0.34049734660670E+01
 0.36336431997258E+01
 0.38770017768451E+01
 0.41359287650149E+01
 0.44113510593256E+01
 0.47042451065954E+01
 0.50156392399394E+01
 0.53466161244215E+01
 0.56983153449322E+01
 0.60719361345422E+01
 0.64687402739918E+01
 0.68900551749701E+01
 0.73372771851189E+01
 0.78118751380014E+01
 0.83153941896413E+01
 0.88494599809611E+01
 0.94157831900746E+01
 0.10016164524708E+02
 0.10652500231839E+02
 0.11326788212683E+02
 0.12041134833848E+02
 0.12797762550234E+02
 0.13599018459991E+02
 0.14447383944587E+02
 0.15345485549814E+02
 0.16296107295482E+02
 0.17302204640181E+02
 0.18366920383668E+02
 0.19493602835597E+02
 0.20685826717195E+02
 0.21947417341714E+02
 0.23282478755395E+02
 0.24695426632887E+02
 0.26191026792349E+02
 0.27774440288234E+02
 0.29451276103933E+02
 0.31227652628456E+02
 0.33110269348923E+02
 0.35106490625846E+02
 0.37224444124746E+02
 0.39473137578244E+02
 0.41862599228046E+02
 0.44404049784393E+02
 0.47110117313056E+02
 0.49995111401302E+02
 0.53075379559100E+02
 0.56369777201864E+02
 0.59900292514951E+02
