   81.7400432333552244780784119947729621      
   81.7369788062980404596083316400805294      
   81.7318531197692423858604421405422156      
   81.7244336928200472479020078359891632      
   81.7132368339790817566193396403509969      
   81.6943790881456790665206924248228142      
   81.6618950555890212333249582371669087      
   81.6090600992150555326554899811905210      
   81.5295287703242930285640218508129704      
   81.4178092267857762936230711301239272      
   81.2691691218331314671459266209840345      
   81.0792782663404243558277267568435496      
   80.8438816527437048392875779124946550      
   80.5586703880809472377181750379012539      
   80.2193718655885946635404812618953599      
   79.8219814177166712393520724862504336      
   79.3630256946146161017998972547185523      
   78.8397672660731576590213393569013204      
   78.2503022999518009629431338207029299      
   77.5935448526569518451800536386183867      
   76.8691194273854298442405378732341173      
   76.0771953370846728088226477814615458      
   75.2182956076890473055663981775233573      
   74.2931053048351209885040739475724556      
   73.3022941489431392731762279741322081      
   72.2463591359570911731568384473966868      
   71.1254858139973112917814394662777926      
   69.9394218690654450517025341913331936      
   68.6873530232376095516952379654715754      
   67.3677679222978212570773830619369701      
   65.9782943858922727840080898935432998      
   64.5154823221054146276309598224532132      
   62.9744957999499752211852644620636979      
   61.3486523920045393676306274809467108      
   59.6286991752629738284052031928834083      
   57.8016106062683056250217641095407447      
   55.8484490356095578155768038642881038      
   53.7401749305203965466817143671842396      
   51.4281727546156618398570120426838886      
   48.8167159896594227015500391292505069      
   45.6043120887201627744272536515612740      
