   1.75989335490228910487622422460411349      
   6.93293316191304494371618609123913339E-0002
   5.95781256088724811358738665138853791E-0002
   5.12737607427707829338195656425346135E-0002
   4.41779017037344260962781088306022523E-0002
   3.80983857823849938533388639955577317E-0002
   3.28785002536095702358921919359367068E-0002
   2.83891299709975637465969389710098941E-0002
   2.45229388066661309953277786008912907E-0002
   2.11900042847994071586520474940611856E-0002
   1.83144995748910520629335965499993453E-0002
   1.58321372163404362518475369430900615E-0002
   1.36881722619932137389316551271608453E-0002
   1.18358206631825069669565778317012760E-0002
   1.02349896422297776584750181419107712E-0002
   8.85124554513035945795437913988111948E-0003
   7.65496511945111840905879000286257592E-0003
   6.62063056768534342223611183124928841E-0003
   5.72623899973333872760744437874601160E-0003
   4.95280421080408084590218868159649436E-0003
   4.28393394131298343133739431424423037E-0003
   3.70546955570783826629519518964523753E-0003
   3.20517785909393879106128222655078074E-0003
   2.77248677668061943754942202800012237E-0003
   2.39825819026937670700380045852903911E-0003
   2.07459244674826111426029580757365564E-0003
   1.79465984582149850172587496257524982E-0003
   1.55255537629481282035905870510251621E-0003
   1.34317329566265646555842682830518706E-0003
   1.16209888938766837928820455257682096E-0003
   1.00551495453426573808388073216342927E-0003
   8.70120392605266579529472844136199120E-0004
   7.53062891580298602728374820271864510E-0004
   6.51875925938215488865515223399402346E-0004
   5.64425523665155935642080619635756329E-0004
   4.88868375492147989015572926772047470E-0004
   4.23614462224668181652088511136565821E-0004
   3.67287279381094670883382195182030088E-0004
   3.18699120566037645357960868927744777E-0004
   2.76827073290707575700358649216102650E-0004
   2.40782555426665419196119996929801926E-0004
   2.09804630699145587316745192115340637E-0004
   1.83235493937368162136138463090090454E-0004
   1.60507683104779011419163337215980325E-0004
   1.41131113456238962154261733658886176E-0004
   1.24681729632279659568454729416962385E-0004
   1.10790380579575124452154259943033036E-0004
   9.91337201371678763858263142996953162E-0005
   8.94179328641368734794275917057131973E-0005
   8.14088841883176436810644511475025412E-0005
   7.48522436274564488747819349950706160E-0005
   6.95435747544738835702491154824467774E-0005
   6.52892037046752826755308142383567309E-0005
   6.19146069864398389672213207522927346E-0005
   5.92561491602229158846389311367074902E-0005
   5.71912729787266565422820329827086619E-0005
   5.55946540770610934644621846686396211E-0005
   5.43752204846335782118863377263909240E-0005
   5.34272866500949841832301165326936639E-0005
   5.27099414473183262954596079818025685E-0005
   5.21636737953579733564494204355267359E-0005
   5.17471922650809132290734120210183868E-0005
   5.14404834228454966680725320459575998E-0005
   5.11962922746142407429805445441505477E-0005
   5.10055605218957950603429516453924600E-0005
   5.08588893201725045310404019859365068E-0005
   5.07423233140962293364984638554298899E-0005
   5.06354696929017487664947362391644150E-0005
   5.05665668160600165568595776478322679E-0005
   5.04981527599396484019794229152276879E-0005
   5.04376979236152419911286233033286557E-0005
   5.03811539293750413897934291721934341E-0005
   5.03297190232224375831181484786211694E-0005
   5.02761587524129179072090174909585809E-0005
   5.02224561046848477286476493931741984E-0005
   5.01601397008225812729135096287982314E-0005
   5.01136988178713397947682087803613650E-0005
   5.00465509239230440162789194399060448E-0005
   4.99902889675613620164883882825042292E-0005
   4.99231786812754957095592794878407072E-0005
   4.98482157617872609187561716228847099E-0005
   4.97691212496952748501344337841211081E-0005
   4.96840338115941840845936562463421826E-0005
   4.95921734466822071575502127047510744E-0005
   4.94904962000477903243440713100359019E-0005
   4.93823529534161385065430536341552005E-0005
   4.92648203713015886821000515963588538E-0005
   4.91386110271219635931325411739614264E-0005
   4.90030483186435035824948595260124634E-0005
   4.88566545627535655981739064973461901E-0005
   4.87001069681321649851734741166326127E-0005
   4.85252656008003187484412292390181952E-0005
   4.83348878639989171381554456257187699E-0005
   4.81390270602402879063285048432456369E-0005
   4.79349470309908018113474505062675596E-0005
   4.77318071485833080745958150446247537E-0005
   4.75330498185905393055902673433487868E-0005
   4.74452725669364488704117589716530531E-0005
   4.72110107441162343968037988689763254E-0005
   4.72786417804446766882042760599992914E-0005
