   1.61144280865952382687000291726904188E-0002
   1.93802801043866632234099599416318770E-0002
   2.09010492674486803417115364916262045E-0002
   2.25264266419925184227823568446230427E-0002
   2.42654899542408766057404865567869462E-0002
   2.61279636740702090052783606063671930E-0002
   2.81242226646405493076295804035133804E-0002
   3.02653169932183019054202820787804299E-0002
   3.25630123560032558394352977582608553E-0002
   3.50298427140604640048130998790786124E-0002
   3.76791729316354077972932395847581640E-0002
   4.05252699197425896452882811768364964E-0002
   4.35833812625104235622025941511945104E-0002
   4.68698206630330747038572429683447439E-0002
   5.04020598437227633966377965884246003E-0002
   5.41988267935266593726203645197364727E-0002
   5.82802104763586638230401445725652678E-0002
   6.26677723027899959239865426640530597E-0002
   6.73846648220148753583378012662523612E-0002
   7.24557582167540327124305337377140530E-0002
   7.79077752851186804822268980317493533E-0002
   8.37694356763860344303961508167064852E-0002
   9.00716102179928298489007456178788779E-0002
   9.68474862341181757558784511235921952E-0002
  0.104132744816425395342034545611188035      
  0.111965751068345227331361980367302105      
  0.120387758408337639827786708934686553      
  0.129443128086804410279819697879728878      
  0.139179565147114976842255113296682499      
  0.149648372144597059002435259556635942      
  0.160904722029096281389355157156405890      
  0.173007951697485551369562606009614261      
  0.186021877832943157360103876723915813      
  0.200015136768324613430225356801593160      
  0.215061550242578795516377423925345031      
  0.231240519062098389271776254972390256      
  0.248637446834202403529580083837946574      
  0.267344196108539219888820871566923655      
  0.287459579445021462195142454731818627      
  0.309089888124728496852038465494126451      
  0.332349461434734809419031021686441518      
  0.357361299690133268169684807625328044      
  0.384257724407772943292751952351808287      
  0.413181089318724498648835488344309848      
  0.444284546201209719528228579530628664      
  0.477732869835093687309102756067001483      
  0.513703346724897245186993399556797296      
  0.552386732612965642097651651703345957      
  0.593988284210363255464873495861927152      
  0.638728871013012319420890650242299090      
  0.686846173547164363014928755003585164      
  0.738595974905422402390444860734654497      
  0.794253552994303353030787648383233352      
  0.854115181522064981171409151104513975      
  0.918499748413898488208759059196900040      
  0.987750501055755328805722768832810052      
   1.06223692854227604807460751913592030      
   1.14235679194399554911506861080451340      
   1.22853831451904611456055427890075979      
   1.32124254478150057292371728478965732      
   1.42096590640762489293608893416351622      
   1.52824295012027621906135178983190699      
   1.64364932394637134805784114049444301      
   1.76780497960093177773016216079504234      
   1.90137763422106096674550073385644175      
   2.04508650826197229065968199363030524      
   2.19970636208358640605330064316723480      
   2.36607185560777288826724101245967395      
   2.54508225742135107333180694645241593      
   2.73770653184570126270081716530208079      
   2.94498883479751217089118558605171928      
   3.16805445173096319280561104069944388      
   3.40811621358392008148124874924491167      
   3.66648142944824475246785897301232148      
   3.94455937764302334833996642393448293      
   4.24386939997773324352921503021353652      
   4.56604964723001984560887987744134423      
   4.91286652719677280792892137275467975      
   5.28622491005882001597559150125599004      
   5.68817914915630056394563049537836223      
   6.12094497850484459831164224359141757      
   6.58691235135328721900129037207742124      
   7.08865928660947355979379255701595396      
   7.62896679180044599980050207703425651      
   8.21083493207891294838165154973579888      
   8.83750011425338975228979378564541923      
   9.51245365243440155939060390173574110      
   10.2394616770990844634188497526054624      
   11.0225864415538541600045801423021969      
   11.8662090682496578725331774555539619      
   12.7750537615217123271752448286229908      
   13.7542134925415353568574044429211170      
   14.8091771362944338183555650227813049      
   15.9458580093950096028261264186995791      
   17.1706237223930909763440401866830530      
   18.4903272227317819094007786240978982      
   19.9123388676711877291502307852375700      
   21.4445793342958837681666364825635044      
   23.0955531504143962101508706474231608      
   24.8743826178916233853300171249254664      
