   107.580520000000000000000000000000000      
   107.581243246531701736046071502645341      
   107.581311357755767024753517254647027      
   107.581385883305570947110872950471175      
   107.581467427245645390836468187266484      
   107.581556650527866845897707468813006      
   107.581654276348781334319341667658425      
   107.581761096011451577832499810661757      
   107.581877975339339423726484567478921      
   107.582005861694211053924597564328683      
   107.582145791654948390235745083326192      
   107.582298899419507063403013502285919      
   107.582466425998122755608678304925289      
   107.582649729272281165238819073310076      
   107.582850295000984262891867169668789      
   107.583069748863523788315585803257460      
   107.583309869636374315242181498763841      
   107.583572603611010782064416174378945      
   107.583860080369513661055566840602867      
   107.584174630045830444416888840021580      
   107.584518802212604066621933831571964      
   107.584895386546654864898352130904209      
   107.585307435440619500761015049663052      
   107.585758288744024780381374267769112      
   107.586251600834334380087837942776616      
   107.586791370237392006390425104844310      
   107.587381972037348573631639462910357      
   107.588028193338771058530644219472877      
   107.588735272068370054780332316620027      
   107.589508939430852226623299301244449      
   107.590355466363022256337431123452187      
   107.591281714362666567794764677770592      
   107.592295191104210766221929525092307      
   107.593404111291941780144382591976674      
   107.594617463244038609702287963180821      
   107.595945081747106476894746263806563      
   107.597397727771734544100060719155472      
   107.598987175695209180899002078455224      
   107.600726308738363775626103038038648      
   107.602629223390125517005535944413537      
   107.604711343666169070188778853687359      
   107.606989546127797119854829122085670      
   107.609482296674384438084139697173277      
   107.612209800218152388609635129102432      
   107.615194164454458108744448759430110      
   107.618459579055033367212865360439602      
   107.622032511736618336234159836069070      
   107.625941922794218506151648238448978      
   107.630219499837877400942796759296244      
   107.634899914635616723485261707458648      
   107.640021104144376413743576382564137      
   107.645624578006842185937477276932258      
   107.651755755006566540647661040127844      
   107.658464331208509797186471722939973      
   107.665804682768952880540699971740192      
   107.673836306679745114382974850213028      
   107.682624303019325847181744613260629      
   107.692239902619390606056074544953201      
   107.702761044424187570786086544937107      
   107.714273007222212233807516085089038      
   107.726869100870781898689919822292680      
   107.740651422616189361447882556886880      
   107.755731684639765316604323850372700      
   107.772232119537498423412126222139457      
   107.790286471072550001478204614225369      
   107.810041078231177126983871287438765      
   107.831656061368845782882359072489571      
   107.855306620060804584735592625869531      
   107.881184453176806643577943756532507      
   107.909499312690351168091008048318318      
   107.940480703816797409199333647963582      
   107.974379745260767685325762304807698      
   108.011471204651017102027959864402156      
   108.052055725660924156089880943922920      
   108.096462264866458267450222364784233      
   108.145050758093500894784997663180817      
   108.198215037866515726456609219816504      
   108.256386025605857633414043128133650      
   108.320035224447976638432527332393877      
   108.389678540999462705243074652912540      
   108.465880467002040193168724347748191      
   108.549258654802867859678594993201556      
   108.640488923716476980146411164694963      
   108.740310737857258959065951523648174      
   108.849533199842903719183303442549827      
   108.969041608950566142382069471935228      
   109.099804636882691912047257133825964      
   109.242882179305450040461045115959671      
   109.399433946800173263396151460051656      
   109.570728864861496680115209025097397      
   109.758155359133587930102728610265006      
   109.963232609251132085568880678293958      
   110.187622862502730228543881198208770      
   110.433144907124728376036433535049085      
   110.701788814432841894049990088976297      
   110.995732069283465928718209186953487      
   111.317357219609625581901407887146914      
   111.669271188089331923929098537429860      
   112.054326402476472586419845044343714      
   112.475643915865478430759583382057340      
