   64.0451322896755029157068221255883309      
   63.6054999826914627866080020339743925      
   63.1436322203163190640023973718682473      
   62.6578454305311576290658708168604245      
   62.1462791486823770359164987822725390      
   61.6068671648693791570678556269527814      
   61.0373036208821327894578848773961626      
   60.4350029342174313566918487089025121      
   59.7970520811374293339643442254913849      
   59.1201533126504175796483501154182049      
   58.4005547643197357927855539539858571      
   57.6339655933573434277895349385365992      
   56.8154511501235855523769995972961652      
   55.9393021448377278940869684042600227      
   54.9988696268419585069938372904101714      
   53.9863545805526374493530012682419019      
   52.8925366096305210152987592478200837      
   51.7064196974283214663548057530687961      
   50.4147626605463490985311763126572024      
   49.0014436641597588756812606325422917      
   47.4465724679044151373404036998691785      
   45.7251882283499293821636780890789585      
   43.8052139270502225785045685139412198      
   41.6439750307368255296522893869965295      
   39.1818068934440646024035260981791865      
   36.3294798564935506867593682584719418      
   32.9411878174492339319903634931275950      
   28.7467548019256860647449768773071760      
   23.1235849660442686681914338129476459      
   13.5499807404919795087844008181899496      
   1.75048891110892245441403581651451485E-0004
   9.21413482760606610396136065673417399E-0005
   8.72565342652291555061503729693340296E-0005
   9.53206499359485156898273267019999380E-0005
   9.59926161695796925019883046014465961E-0005
   9.46424482455415407798556910959279944E-0005
   9.59111732953659932778115492746429534E-0005
   9.75068763951103546243899084199331696E-0005
   9.85328307026638897436882857353421139E-0005
   9.88823920433821955286400232295692783E-0005
   9.85174804611923075075542994161130701E-0005
   1.01176788144430771580975140994363430E-0004
   1.02665067786271658509757233292505814E-0004
   1.03731636788923985057713369750394712E-0004
   9.39458722876758470789541179025598969E-0005
   5.64739859358931066046292015564089473E-0005
   1.02342176760713694021802081297829104E-0005
   1.02193567052737604393263782159783650E-0005
   1.02072068053114302257003857444621498E-0005
   1.01971633883049140927196934293534537E-0005
