   63.3931248845708064549587980524471196      
   62.9077666791743340402029098803390367      
   62.3952597190725832733589520582111155      
   61.8532349726756266281900192570687015      
   61.2790337883579921290041125747184204      
   60.6696548816475925169015312458213718      
   60.0216901226226871895159872600640317      
   59.3312461063789815720837878008905279      
   58.5938474675258825466820043131903221      
   57.8043165052376657287707341275524357      
   56.9566217775801917680217441909628637      
   56.0436857144969461134964561347800266      
   55.0571377410004247700409923783794545      
   53.9869945641094351657082947313648363      
   52.8212426494783989564344034518903981      
   51.5452884036369793668544224294148992      
   50.1412260025799870015542336838912206      
   48.5868409420764551637212683992008232      
   46.8541883416783477964989721344736841      
   44.9073786384268794515550747865974558      
   42.6987037073966027780376252318434426      
   40.1611706007429726274712855150012049      
   37.1932925731393441542539351280075159      
   33.6260129667130109870778144055273735      
   29.1383841147435214156941332298393603      
   22.9579795493327229459585599350562186      
   11.2732010403951399017809017802559182      
   1.31033058450129801366493019943104379E-0004
   8.53633747960497816396848527678215436E-0005
   8.24943786097005838222453465128430800E-0005
   9.28437709122771424795228953733148619E-0005
   9.70750922700847908989707466439736801E-0005
   9.94908563043999748282579474176127515E-0005
   1.02552204997611210104926620527171910E-0004
   1.04389919873969609193911396218867702E-0004
   1.05074367012319796251014618079431581E-0004
   1.04305181777104679424586826383840318E-0004
   1.03997904079917651620191466252605860E-0004
   1.05783813815193786978600594135530759E-0004
   1.05566431616199809849538109134202721E-0004
   1.05448099412929167182798742126969041E-0004
   1.04679154770379221664460998305760599E-0004
   5.77882065072601278603646981651727886E-0005
   1.02230058868188520346068739741542122E-0005
   1.02101778253531966771028258720651407E-0005
   1.01996152887962236695250622522312321E-0005
   1.01908272067180825156328371263851343E-0005
   1.01834464401881163304445640792213038E-0005
   1.01771945365457253107261880171199036E-0005
