   1.26538875822812245191579154687831396E-0002
   1.27108244868621013696071751332044573E-0002
   1.27722971332379383381350003428817581E-0002
   1.28388933898994671894794802252698351E-0002
   1.29113101965171164330667084906712410E-0002
   1.29903817771636235670800491726490863E-0002
   1.30771170740795973292582693337505478E-0002
   1.31727501573555597399464565112813193E-0002
   1.32788091927180114308022759659199191E-0002
   1.33972123822665905637138164201718856E-0002
   1.35304037283202080961222095728263854E-0002
   1.36815484776036809147720113709854632E-0002
   1.38548193413404933959428036325832528E-0002
   1.40558234213015745530462404078991570E-0002
   1.42922553373572413411413555257839410E-0002
   1.45749448941398163088931535294835494E-0002
   1.49196971598806814412926063726165339E-0002
   1.53509630341275989824056189240130598E-0002
   1.59100402141977921713996603504888323E-0002
   1.66753117450961615562863547967467134E-0002
   1.78216555890231966563882791880121644E-0002
   1.98677362202269382285671488417329123E-0002
   2.62442820364372426980974474249649414E-0002
   10.0390131138554769673386208414129876      
   19.2365427990205241719882649808299896      
   26.5329229163602142421230118173639205      
   32.8333988024808557037833406621291728      
   38.4827913817796836031485648806080439      
   43.6608655934509999538119725298071225      
   48.4764415458451259283288242874923176      
   53.0015086659584394957902152531346935      
   57.2865146227492092207278337217337808      
   61.3682255157039897641431587336938345      
   65.2741382272795296298908377654482464      
   69.0250627171748358474134399901123573      
   72.6365849657059846911019550025696407      
   76.1196678922227786943696521303374962      
   79.4802053926836745110591825800132011      
   82.7159907297174193919803397615793091      
   85.7910884535849480381693858912210425      
   88.7193993797176502302895689112692525      
   91.5712965280119294205655121134288386      
   94.3512980903472830967418120760566288      
   97.0634761225109144919793751612068480      
   99.7115164521797115498586714039099711      
   102.298768321980069891972051133592438      
   104.828285964370560433525063697589965      
   107.302863740306439948970016498743370      
   109.725066074188755035118746601844718      
   112.097253130761199126792801428150254      
   114.421602970383153355695605011332137      
