  0.254310101081292486669078904294564686      
   1.33143776447930814254756318275303323      
   1.38520424941742933765901355705271949      
   1.44096683843975292840594199185942580      
   1.49880510600863032785523503483572069      
   1.55880283643346452693703086240205394      
   1.62104791948235461847032889404361771      
   1.68563233330385534782601148087436600      
   1.75265213474643929761215988028708630      
   1.82220745070227371254977081333107149      
   1.89440253104951256967364921888480747      
   1.96934581352248794007155469002213947      
   2.04714999451818357817250244736160806      
   2.12793213923264768877072411031009767      
   2.21181378377495766513116756875298195      
   2.29892107410905168889273309756045335      
   2.38938490694777790300831313152578554      
   2.48334108618951303057125444838276537      
   2.58093048512179182267373020506098885      
   2.68229923032799574058151216566590923      
   2.78759888633953783211864644003561510      
   2.89698664981417431100016255525936371      
   3.01062555596434686403784418285431410      
   3.12868469810817230375388707937029617      
   3.25133944742123886807246258774954723      
   3.37877167326815137886963841301248267      
   3.51117000322739955499569379860703169      
   3.64873005456796838777115803954937269      
   3.79165468873952105920311809317594591      
   3.94015427953351304743508989412084086      
   4.09444698502676085335489997491108491      
   4.25475901281062840364604337698525986      
   4.42132491418729576567492391407155101      
   4.59438787127910667879261802248237348      
   4.77419999193628098596633151124709146      
   4.96102261647832094679588701625810243      
   5.15512662646349063221306071837974360      
   5.35679275605788979820850309499053606      
   5.56631191586002338899186832701045528      
   5.78398551233449560769138828966628973      
   6.01012578188382759733863599722704844      
   6.24505611311006513491134188885599361      
   6.48911138664365757891568114407169283      
   6.74263830322832288029245752937604846      
   7.00599572170810282656433774505328833      
   7.27955498646319051980725822528385739      
   7.56370025811712627780871195479094879      
   7.85882883893012056138474594448634545      
   8.16535149027635985769913826734209715      
   8.48369274295567092588142218221896516      
   8.81429119570620603745320998717119718      
   9.15759980476594979662160971638660840      
   9.51408615419194540213221274155121029      
   9.88423271244798931313426960892251017      
   10.2685370657034887174465748063348811      
   10.6675121274165293020742051691322876      
   11.0816863243961808930757305335067053      
   11.5116037510714508809751840158594429      
   11.9578242891740813815741188867624158      
   12.4209236968634019765360982220140672      
   12.9014936563415291573799056433555638      
   13.4001417898776467250126978930971300      
   13.9174916398887833462485768383877433      
   14.4541826264053718274124616864832530      
   15.0108699959556912087487463499943846      
   15.5882247798690239923881399390327326      
   16.1869337986936656166632833364240202      
   16.8076997501492947512039522194519223      
   17.4512414227964860321035384081655802      
   18.1182940858804930905342809807707202      
   18.8096100831872342138612140247613427      
   19.5259596395340080333512337983937132      
   20.2681318445446219336225957295817616      
   21.0369357152987890869710938086391204      
   21.8332011782078318078194688120303294      
   22.6577797435422895997982221613308117      
   23.5115446127398238982046809326017370      
   24.3953899805319125873035425405950868      
   25.3102293879797504456532121479242509      
   26.2569931803279356224357222004399701      
   27.2366253958291427284943525081276470      
   28.2500807361839880599141474529017404      
   29.2983225353496748391182912073991221      
   30.3823227453102233459945020038849855      
   31.5030647727594627340011866025643855      
   32.6615494665508502674876213811571271      
