   88.9557113647460937500000000000000000      
   88.9551073194559987173035471328260454      
   88.9550437914582801518161467811944087      
   88.9549735821627180171486569640754051      
   88.9548959888910841682856986394676676      
   88.9548102350638360944312492613348743      
   88.9547154624278478401624458134209175      
   88.9546107224667242520301652321105812      
   88.9544949669077300884932769265715244      
   88.9543670372303241489874752910808160      
   88.9542256530712963053889573439321641      
   88.9540693994104621501158063836959146      
   88.9538967124086653858685133581951488      
   88.9537058637563499249143811658503919      
   88.9534949433760569468588635548789815      
   88.9532618403057276915664997558593071      
   88.9530042215714856562391749730596429      
   88.9527195088384498997769346038125199      
   88.9524048526058929460387281777578947      
   88.9520571036884797529919659162800145      
   88.9516727816981624018675313000365937      
   88.9512480402112867147682811471858965      
   88.9507786282722914960202809597466965      
   88.9502598478487164802206995353399648      
   88.9496865068117144066607693668515937      
   88.9490528669714803811689815261725267      
   88.9483525866475196365324871827781075      
   88.9475786571989776284433991493663805      
   88.9467233328798066776774642639312594      
   88.9457780533167360897673542299473699      
   88.9447333578341792210742088832691503      
   88.9435787907686123647814930321123356      
   88.9423027968247799357659022221611957      
   88.9408926054264156838414468434351855      
   88.9393341029040230822138970693389997      
   88.9376116912405272381026875356070889      
   88.9357081319610773326258257579536570      
   88.9336043736045962623167705280436395      
   88.9312793610503547622708438407984205      
   88.9287098247912462771940042302072971      
   88.9258700480447386875651749792852689      
   88.9227316093706710190752456583144921      
   88.9192630982199275356648003721309297      
   88.9154298005671047390913741164098588      
   88.9111933514808773438483610278094201      
   88.9065113511548706749798825871411927      
   88.9013369405561474032683542013883873      
   88.8956183324442560435713670016039471      
   88.8892982930671222237378859097156759      
   88.8823135693464209958960743654312817      
   88.8745942558195088665589752998414128      
   88.8660630950020576231406710042204544      
   88.8566347041691840399790952935206842      
   88.8462147208164411221261639567113324      
   88.8346988582481572667934287045610455      
   88.8219718618411340130598217633022101      
   88.8079063555376386550345260039310316      
   88.7923615670230058814533376940455269      
   88.7751819188289973963123973770260951      
   88.7561954712622083971084175196503329      
   88.7352122015738250528838142142345259      
   88.7120221021480855238984896763791239      
   88.6863930786754754198801864033379664      
   88.6580686272748685886142562238832640      
   88.6267652673164708736744665075050571      
   88.5921697042523960044158780836724949      
   88.5539356940595284161618130230028275      
   88.5116805779129632745405048625611153      
   88.4649814524078707552554532173145516      
   88.4133709370000777641170158922131821      
   88.3563324963044898268406756583962560      
   88.2932952704353435250896716190470386      
   88.2236283616485971424954894152236907      
   88.1466345201052562404330065859215549      
   88.0615431655606312376757816080671530      
   87.9675026751382475925495149462791569      
   87.8635718600018577119805511125050413      
   87.7487105456212232931564264035616890      
   87.6217691613558019654665261651919058      
   87.4814772351653927068767108755119416      
   87.3264306782989371127687414398838182      
   87.1550777327023682766600207129201186      
   86.9657034405024417950686840572590372      
   86.7564124801319230904705536582532413      
   86.5251101973143029495270760539034882      
   86.2694816410597606034766046615467864      
