   63.1940300249518649550902627043617844      
   62.6939643316749547407347042372189157      
   62.1650536021549568360925754784828168      
   61.6046739375620581443902769378966809      
   61.0098655139525057869104094280587203      
   60.3772686638350598312791032825146885      
   59.7030456710382639967128383964168504      
   58.9827842172669643666259711397247225      
   58.2113769986084970458046314212448715      
   57.3828700821886181765416469024113365      
   56.4902699054517085547762588746093566      
   55.5252951924610570232271141300399838      
   54.4780551835107450793724872338499309      
   53.3366290893870929751724974891293093      
   52.0865129483375020368742022139335449      
   50.7098870477261184221198420143339257      
   49.1846319768053727742707054262466807      
   47.4829568315139422295067459546016228      
   45.5693191899318081233189971024754322      
   43.3968342618107121628817772743611710      
   40.9003064989767331217576551310987768      
   37.9819155202244257167587247602066501      
   34.4804195557606952284023170718095965      
   30.0952139349635539932227780394017031      
   24.1317338083525756678747888476817536      
   13.7035036692190772879789780022864735      
   1.47652101372789547757630862846485344E-0004
   8.83987558451207641514700009237737418E-0005
   7.83407004177196257969788726281489751E-0005
   8.95295127512155485110871349077072197E-0005
   9.68858039925556050573268824478671436E-0005
   1.00743498738753189446639639866003607E-0004
   1.04380789343624621099918072952903880E-0004
   1.06491457324865362159858476183296980E-0004
   1.07164022501453163547228708552882292E-0004
   1.06268479461840608922830380121812487E-0004
   1.05903766106216784452144465067198812E-0004
   1.07310890441322819824077052723646865E-0004
   1.06839081633990544292696338950779618E-0004
   1.06782144572382148418862120307386149E-0004
   1.08410376366066406007241631897144648E-0004
   7.19686312037994068670504621844330534E-0005
   1.02223242210600646560076036573866541E-0005
   1.02096135866732055579241452047186382E-0005
   1.01991449571879334600786262706821267E-0005
   1.01904327461319765045901421825567938E-0005
   1.01831138454122504013889993610389048E-0005
   1.01769128081697444161309072446475208E-0005
   1.01716179414516461275355999783498413E-0005
