   4.18139067870246532940989909011591134      
   4.11453403184250654114082201279037086      
   4.04786558383189995275106221893193720      
   3.98121121837100141148217364178566634      
   3.91438640877193210853241953648391021      
   3.84719295850733580628212583805887864      
   3.77941511382579194565340170331728678      
   3.71081484722354610716405159689101002      
   3.64112603981380022346578483039674004      
   3.57004719212642725515571064654830605      
   3.49723215551202875345533156570152003      
   3.42227818510402433496970356110239467      
   3.34471034989059925611860337488249272      
   3.26396096683571325296959790857700198      
   3.17934220126471352730013528950994605      
   3.09000915663671764484219091734236534      
   2.99490921510473020328957928310803031      
   2.89270963361290779454309510449007588      
   2.78168531468624715600095956202987559      
   2.65952282952255051368947030949571121      
   2.52293874448782082004474349537769790      
   2.36688853082265898840971293633202647      
   2.18282425890532354926607271663617708      
   1.95424093304137763843097534925139493      
   1.64107616207351187673335384423538532      
   1.06128316569759979672851910089116796      
   9.38217329720292159931039372660374439      
   18.1370774542164930420374757995443386      
   25.1965472017502832182237536708845919      
   31.3496500953184667171703094179470756      
   36.9019145932550072358299802004707023      
   42.0147576162534946616072219657544220      
   46.7867716792365532268861817751813672      
   51.2835686091262775367663879082939313      
   55.5513339291791672700042526042915394      
   59.6238369505277995900879638401909604      
   63.5263705236146231208637276483453539      
   67.2780550810907797802195263963488165      
   70.8931377105072597570926714002756798      
   74.3814977987796019265718741368194940      
   77.7481021546703173818629511922243556      
   80.9892738206433161738826108577179485      
   84.0690064805725186476051913639126934      
   87.0405581642195419544823007335959955      
   89.9344007064509405632677047172423216      
   92.7552411972364073756584343604281414      
   95.5073023306245515791777436804908979      
   98.1943903175847223367391785263221836      
   100.819950751435909959595854231938250      
