 0.13313787736872E-01
 0.13625119662052E-01
 0.13970754773674E-01
 0.14359962531868E-01
 0.14807076402212E-01
 0.15336124195111E-01
 0.15992014631800E-01
 0.16869970579484E-01
 0.18186120223562E-01
 0.20630090808368E-01
 0.49163242364999E-01
 0.18167833498938E+02
 0.30106221915091E+02
 0.40377023987637E+02
 0.49873687324252E+02
 0.59083942643465E+02
 0.68403211446944E+02
 0.78264563953174E+02
 0.89206805757518E+02
 0.10179779655899E+03
 0.11637508539537E+03
 0.13281519215396E+03
 0.15049156565877E+03
 0.16830021028685E+03
 0.18466947769350E+03
 0.19751154243113E+03
 0.20290056288785E+03
 0.20368777475554E+03
 0.20466185464310E+03
 0.20579677627002E+03
 0.20706888113841E+03
 0.20845689698685E+03
 0.20994189527356E+03
 0.21150719427872E+03
 0.21313821939713E+03
 0.21482233401426E+03
 0.21654865393165E+03
 0.21830785653600E+03
 0.22009199352007E+03
 0.22189431347815E+03
 0.22370909843456E+03
 0.22553151648147E+03
 0.22735749125643E+03
 0.22918358795797E+03
 0.23100691492414E+03
 0.23282503940817E+03
 0.23463591600687E+03
 0.23643782616427E+03
 0.23822932723642E+03
 0.24000920972092E+03
 0.24177646140066E+03
 0.24353023730526E+03
 0.24526983454405E+03
 0.24699467120409E+03
 0.24870426863319E+03
 0.25039823653516E+03
 0.25207626040471E+03
 0.25373809090439E+03
 0.25538353485813E+03
 0.25701244759088E+03
 0.25862472639175E+03
 0.26022030491687E+03
 0.26179914838022E+03
 0.26336124940797E+03
 0.26490662445177E+03
 0.26643531067667E+03
 0.26794736325172E+03
 0.26944285298469E+03
 0.27092186425139E+03
 0.27238449317852E+03
