   3.90779187555034122625839643023620170      
   3.81273636327796569366541267131141358      
   3.71176200280236253900412930680954818      
   3.60239014535546413996338201374840048      
   3.48061727519219716401393622217059960      
   3.33967123564242310064426320662175047      
   3.17403057874158457983767458220675995      
   2.98877448825938028551158123251952597      
   2.76286417472481030485036145026780988      
   2.45456701216852481929093422798834933      
   1.94128764160805484710236511085220756      
   6.51660201329172539492503562701992575      
   20.1287108847093511149355382534933316      
   29.0646754427662135252385049650082984      
   36.2880019210069981343332357221644382      
