  0.334589895998790718323482905617126184      
  0.354608404468848178041676319703141244      
  0.375858382785417954570384973535023139      
  0.398409925682960912011354120143614630      
  0.422339044436129430795254413131591504      
  0.447727546451309123488950518536500056      
  0.474663062072182485067546052043149435      
  0.503239190256771041829562462252845981      
  0.533555738113474135007122474950232906      
  0.565719035123211022871179890823514641      
  0.599842308894501591999170399832056247      
  0.636046114592097265208347533679392802      
  0.674458813583123350233722313038035871      
  0.715217099990769093682291846871052534      
  0.758466576278542345926102090763335782      
  0.804362380026147476178055058165679845      
  0.853069865444907935994373820134011173      
  0.904765344680985299152253761103695181      
  0.959636894147143773004955613059894226      
   1.01788523259919833252383083065113185      
   1.07972467829473307487174534846114187      
   1.14538419380275086944053883919248682      
   1.21510852789277151936668790480265705      
   1.28915946529801323607711169724972677      
   1.36781719648520608294420016573635196      
   1.45138182098466679054522676397211018      
   1.54017499972766559567327861018396502      
   1.63454177347496538548629510109303834      
   1.73485256686974231934721749870956968      
   1.84150539977694917568179596091110953      
   1.95492833044036817441336019982383105      
   2.07558215784386662930895531535818575      
   2.20396341410810752747940059949383695      
   2.34060768129723719165238623430973488      
   2.48609327119932658609873444605903323      
   2.64104531101991566090233369416226558      
   2.80614028286796561977995651454412978      
   2.98211107018211592706389104180016812      
   3.16975256996614560366278922999737211      
   3.36992793578431558538610984843680265      
   3.58357552284732990778616909283065527      
   3.81171661307197909649645620564235800      
   4.05546400463307551369803838257143418      
   4.31603155675039116244708783607553634      
   4.59474478613876225633941883270420365      
   4.89305261581364061210408707040393529      
   5.21254037910111373473363457521133368      
   5.55494418035353481304203951250970277      
   5.92216670721704074920117582654862087      
   6.31629457482107934697187079893478536      
   6.73961725612708613512814063667027305      
   7.19464760988653730991922295568308198      
   7.68414395089366158583846328679598373      
   8.21113350656590364652281678605388716      
   8.77893695567499911691210549016111210      
   9.39119353087919964144499825954095505      
   10.0518858621837341402485767064067198      
   10.7653633120950494243511481984764376      
   11.5363619658770363910003415194372826      
   12.3700186460508804697450692978860433      
   13.2718752702269544699179163670126309      
   14.2478685235679859825541435321577125      
   15.3042981561347016234655536248221365      
   16.4477652875982883887213589790985046      
   17.6850700735676727337204940534297488      
   19.0230563292978805964762389474335322      
   20.4683898971010343712528071344189421      
   22.0272587685261622257541524721314008      
   23.7049877396215164565611149621023156      
   25.5055704308090469160560718143862741      
   27.4311382823767671182449276479893041      
   29.4814098966333652876036230528765916      
   31.6531932599285705578117031639430034      
   33.9400458618796567796108340714158866      
   36.3322365848956190923862194016623744      
   38.8172130779309404114898621641901201      
   41.3808659722399408326519803820316609      
   44.0098994936723770256369929208797072      
   46.6952005503337684052803091500888755      
   49.4343055665832429087292259470008676      
   52.2260560650607003343957384538865963      
   55.0555362159158528071239415946724890      
   57.9111337593218045313870262539736994      
   60.8207966904975128038059147156378460      
   63.8404776699066205850292444867779097      
   67.0341905431940588251070668789685983      
   70.4689452532098930243928116654495323      
   74.2161638971997491080882267863991687      
   78.3542302567486361801091246028565381      
   82.9705008969555671961925305045357434      
   88.1617058057327659043471715271468150      
   94.0315459876534847968194181393539877      
   100.686582974271908521546452324877509      
   108.241008934848466423785927714934511      
   116.850704569621282420236692804028761      
   126.768043295656717236341988337361251      
   138.348481851532931743255706156491461      
   151.982301099722862090650882172690804      
   168.023781569433777958378240757274408      
   186.756939329079295483465920458070601      
