-11.909999999999999999999999999995	0.8222374514253895881679474628556
-11.82	0.8195870194546298977997132993294
-11.73	0.8173848263444262629454183077655
-11.640000000000000000000000000001	0.815534800463794444927895930151
-11.549999999999999999999999999995	0.8139619770927560851172228285785
-11.459999999999999999999999999995	0.8126081157368644122010858896631
-11.37	0.8114280970025787476971429352567
-11.280000000000000000000000000003	0.8103870004415505291536852872526
-11.190000000000000000000000000003	0.8094577673886061277689257146641
-11.100000000000000000000000000005	0.8086193566931708439860932160117
-11.010000000000000000000000000002	0.807855307533436363745972033656
-10.919999999999999999999999999997	0.8071526320281427157954894231188
-10.830000000000000000000000000001	0.80650097030670782653425443838919
-10.739999999999999999999999999998	0.80589195111349363656123707455769
-10.650000000000000000000000000002	0.80531871109669206886515790621085
-10.5600000000000000000000000000001	0.80477553511085845144539929029294
-10.4700000000000000000000000000001	0.80425758784316855336928659481047
-10.3799999999999999999999999999998	0.80376071376092415099142453230248
-10.2900000000000000000000000000001	0.80328128781638889060337558309738
-10.1999999999999999999999999999988	0.80281610366139530122754713747405
-10.1100000000000000000000000000009	0.80236228948186625728879451884484
-10.0199999999999999999999999999995	0.80191724413140584536619136803825
-9.929999999999999999999999999999	0.80147858818186406334928305312358
-9.8400000000000000000000000000001	0.80104412595532841840563539542795
-9.7500000000000000000000000000002	0.80061181567120640388928210560786
-9.6600000000000000000000000000012	0.80017974562630622413622343335061
-9.5699999999999999999999999999995	0.79974611489749962591616595162208
-9.4799999999999999999999999999995	0.79930921747125960780601114727712
-9.3899999999999999999999999999998	0.79886742900411139470596008554982
-9.3000000000000000000000000000008	0.79841919563423060781985224694196
-9.2099999999999999999999999999997	0.79796302441992989646508938035246
-9.1200000000000000000000000000003	0.79749747509308228901015080762212
-9.0300000000000000000000000000002	0.79702115289626234766617058449418
-8.9400000000000000000000000000002	0.79653270233070064251373440860392
-8.8499999999999999999999999999998	0.79603080168474793896024645165922
-8.7600000000000000000000000000001	0.79551415824350365881181872349093
-8.6699999999999999999999999999999	0.79498150410279181095565556683643
-8.5800000000000000000000000000002	0.79443159252810646738427932663319
-8.4900000000000000000000000000004	0.79386319481118506330869684664332
-8.3999999999999999999999999999998	0.79327509758696464100802778994484
-8.3099999999999999999999999999999	0.792666100581297768223614270671178
-8.22000000000000000000000000000016	0.79203501476493609065356202323721
-8.1299999999999999999999999999998	0.791380660894649288117465001872467
-8.03999999999999999999999999999979	0.790701868425671730041086371686764
-7.95000000000000000000000000000011	0.789997474782845056238230424833295
-7.85999999999999999999999999999996	0.789266324980361619135993233668107
-7.76999999999999999999999999999986	0.7885072715821024771760855005853
-7.67999999999999999999999999999997	0.787719174996368059268410843561755
-7.59000000000000000000000000000012	0.786900904100328541248052791871313
-7.50000000000000000000000000000009	0.786051337190834379599816180376453
-7.40999999999999999999999999999995	0.785169363259377086845899148170902
-7.31999999999999999999999999999989	0.784253883590004457091659204416907
-7.22999999999999999999999999999996	0.783303813679916127715970075523882
-7.14000000000000000000000000000003	0.782318085483334279058484571411376
-7.04999999999999999999999999999994	0.781295649980092165508379256539447
-6.96000000000000000000000000000005	0.780235480071264678797051894913738
-6.86999999999999999999999999999995	0.779136573805143107091478865262216
-6.77999999999999999999999999999999	0.777997957937979598744467259745861
-6.68999999999999999999999999999994	0.776818691835291840802118906191944
-6.60000000000000000000000000000006	0.775597871721127474012072593548195
-6.50999999999999999999999999999999	0.774334635284847191793150990354487
-6.42	0.773028166657561647202020002665135
-6.32999999999999999999999999999998	0.771677701773461772522088150292857
-6.23999999999999999999999999999998	0.77028253413528927123974385366193
-6.15	0.768842021007826993254504793432132
-6.05999999999999999999999999999998	0.76735559006872527571746428232681
-5.97000000000000000000000000000001	0.765822746552144336409901612494892
-5.880000000000000000000000000000009	0.764243080927356301055777922850248
-5.789999999999999999999999999999996	0.762616277161274405441100112762789
-5.700000000000000000000000000000003	0.760942121620161330822415704371502
-5.609999999999999999999999999999996	0.7592205126705993688102700177869609
-5.52000000000000000000000000000001	0.7574514710418739757986000229457398
-5.430000000000000000000000000000003	0.7556351510092549882156986888602876
-5.339999999999999999999999999999996	0.7537718524479529678156504805082292
-5.25000000000000000000000000000001	0.7518620337880255556615401257486728
-5.160000000000000000000000000000012	0.7499063258680737493658803089817577
-5.070000000000000000000000000000004	0.7479055466373940763904031814818974
-4.980000000000000000000000000000007	0.7458607165907502635573321583794353
-4.890000000000000000000000000000007	0.743773074738427565244037412298473
-4.800000000000000000000000000000005	0.7416440948232855200632547022656172
-4.709999999999999999999999999999999	0.7394755014123343375014431185473089
-4.619999999999999999999999999999993	0.7372692854436186452703853472912573
-4.529999999999999999999999999999994	0.7350277188510371062710536963138513
-4.440000000000000000000000000000006	0.732753368097017488032215693800863
-4.349999999999999999999999999999995	0.7304491069180535675128185045650725
-4.260000000000000000000000000000003	0.7281181294449850730072707645960947
-4.170000000000000000000000000000004	0.7257639661851346304198376151614464
-4.079999999999999999999999999999995	0.7233905071260271115054986360943385
-3.989999999999999999999999999999998	0.7210020381829754363874287285313914
-3.9	0.7186032987190541684749030007561349
-3.810000000000000000000000000000002	0.7161995677907227527594950754668936
-3.720000000000000000000000000000003	0.7137967836857246441679402671913664
-3.6300000000000000000000000000000001	0.7114016941309827778108091693342566
-3.5399999999999999999999999999999985	0.7090220237505994796316378679718606
-3.4500000000000000000000000000000005	0.7066666343419697926906456821425656
-3.3599999999999999999999999999999985	0.7043456486728950023619433842988936
-3.2699999999999999999999999999999991	0.7020705166063492569125862701565869