   67.7238999865243927514888737918398164      
   67.5080461182534416735008734582581464      
   67.2862039356299057847146931457422584      
   67.0582891633204173948463391897387453      
   66.8242090302953783655306907437587542      
   66.5838612783920447370598726352229294      
   66.3371332071806258176706516660615410      
   66.0839007532448609192303627634352546      
   65.8240276001496214976392784159990180      
   65.5573643136972809555660559812680039      
   65.2837474955722361540588069058518354      
   65.0029989471182235972992948698050685      
   64.7149248337690945982226616371233174      
   64.4193148395259640838071832454283787      
   64.1159412998062615698776375480139049      
   63.8045582999451623457481992143613067      
   63.4849007255579056476832782830184103      
   63.1566832498243128785981488138556108      
   62.8195992414829224586702528201520290      
   62.4733195758554102380900591503031429      
   62.1174913295040343224686954976914537      
   61.7517363370734701463232217063081022      
   61.3756495864015879908000535024430623      
   60.9887974249972888152151121259035291      
   60.5907155473579734977322860654458207      
   60.1809067281845282497746891369094254      
   59.7588382611698291663178762119394888      
   59.3239390564593747777328190966654629      
   58.8755963418286373780263733645582286      
   58.4131519027310079256012928668205623      
   57.9358977841816114155261068781239987      
   57.4430713623677264751195401547473797      
   56.9338496751416216525517430562575522      
   56.4073428771518766990861054027948841      
   55.8625866559752967524617451512816691      
   55.2985334084515155031824716972003436      
   54.7140419291239060493692852503392983      
   54.1078653020312706539152007660614874      
   53.4786366086737490158446762111185912      
   52.8248519626957412430648198390191620      
   52.1448502471697258238817584905631746      
   51.4367887512533574349738629355108026      
   50.6986136621083026019416652996012117      
   49.9280240400925840261973655362090266      
   49.1224274530755271977539350644473377      
   48.2788848131676243262968428210852918      
   47.3940410601903570401903901032580595      
   46.4640370361890433464273215827664731      
   45.4843959785243239025536182795052368      
   44.4498751710131898166699465878642152      
   43.3542688333158396794329960979146018      
   42.1901412496026264212307895732731213      
   40.9484575363390985117226487340333718      
   39.6180597275853942999435770581581643      
   38.1849008718345074949029746817500369      
   36.6308845967620944594130138181927294      
   34.9320285270177421682680221378521697      
   33.0553957175338665167188386675989633      
   30.9536021649506811429981519508698724      
   28.5540573976475285691449680110575846      
   25.7351058149177727673083129870084930      
   22.2623850530474490754437108692387748      
   17.5547236719549751193572335336828053      
   8.58964772506921574590448475728897209      
   3.82722834440810108537729487783726488E-0004
   1.43454233585924736438230165281645502E-0004
   1.11886369262368383075172731513656127E-0004
   1.01676721834634191966392005860654691E-0004
   9.55059347205362082224250885250241675E-0005
   9.08191446697541979095300373345926555E-0005
   8.75978335080063708605655749206477798E-0005
   8.68195975057403572584134317013679509E-0005
   8.43322192194471353920316218364747739E-0005
   7.54467291965599777742058237073231790E-0005
   7.05833020298964420338549838508131951E-0005
   6.81603399273572104916616663034403690E-0005
   6.55184254138950257838654441841908856E-0005
   6.30927600750409746766596015590222922E-0005
   6.09598292916133114504518189002769782E-0005
   5.83757445808287229791611544656559703E-0005
   5.56300458813574501218699636703830444E-0005
