   220.309993698116658350726949029263568      
   219.490473271074866086344561766795088      
   218.638282502306937470062436068749435      
   217.752681416949839642129712462177322      
   216.832905785198351114406411233917257      
   215.878162277077070697798478260096736      
   214.887623442169883725104571803769124      
   213.860422487544328977557989959713401      
   212.795647818185205141180649164719626      
   211.692337295040438332111431932494813      
   210.549472156053667761787005727827253      
   209.365970535070747848160133633812598      
   208.140680501938012702683928214756009      
   206.872372534082492310080240334978831      
   205.559731314886730994287417465846212      
   204.201346736706082049986241731988224      
   202.795703965674244822762631834752827      
   201.341172400647673029073359337377095      
   199.835993328657693132416912254343347      
   198.278266042641068543895789957087630      
   196.665932142254015389399202126774084      
   194.996757682926113673461826643524297      
   193.268312768979247117104187661651011      
   191.477948099678671489679301837452993      
   189.622767867314495288258213492326426      
   187.699598266778516279936355298235172      
   185.704950697235364717005059828999498      
   183.634978505459791100142793416056006      
   181.485425819489336392808363875400117      
   179.251566625659258342348260960338949      
   176.928131716941256071066642304405016      
   174.509220435918197923751811664767009      
   171.988193179509602772751623713820023      
   169.357539318670583363790891035457368      
   166.608713356502072971147720617814805      
   163.731929562377579360499973771239745      
   160.715901606404555001656572123652943      
   157.547508291607453926164150349153390      
   154.211358394107454114264782357784381      
   150.689215306641963729303840000776899      
   146.959222967511426016243712093757432      
   142.994843745044071799945372052320211      
   138.763367952102906438677606575043324      
   134.223767105448461315628667633734159      
   129.323506020523444380219740564816828      
   123.993632049301522137057413756832786      
   118.140861417878446477100956485148490      
   111.634074900842780711331216075692338      
   104.279469993827356959462253955663674      
   95.7698850000349406650915824107328867      
   85.5651188692392321546240388591833322      
   72.5377392187489445110945652334430646      
   53.3670793889099099152007504163581839      
   7.26253204680645655684589389740086708E-0003
   5.67273577711675653909244694469187222E-0004
   4.06074742272746234645013232246670216E-0004
   3.58802507845146063853964277646508895E-0004
   3.23366886167438676320939524397069523E-0004
   2.88780177082303785087815122919164906E-0004
   2.54687935465368219238350914158429413E-0004
   2.89566840059730608721672932454251440E-0004
   3.62902961941747136895334962871332816E-0004
   3.15231014058726974759821505506648871E-0004
   2.66995312884881872630125040722004498E-0004
   2.38464624960115432914492535936266711E-0004
   2.19752571230168950719533061205681225E-0004
   2.02421394431229639672773025408171074E-0004
   1.84774775970880611826365521474230211E-0004
   1.59009381436108978217612687785246662E-0004
   6.20422746851073536664197015223856726E-0005
