   4.49903562796028573436985309059273442      
   4.43791159444246712273223660150334664      
   4.37766152518895587293174061965194977      
   4.31823070612652683674139242384734703      
   4.25956804535838124813553423064390287      
   4.20162564328585108400284493924350140      
   4.14435839914487478077104319964745310      
   4.08772364970207788360843443466499254      
   4.03168083616632212477094665174272388      
   3.97619119563200725889246200132514653      
   3.92121747358433511097330005080307961      
   3.86672365416609002802908359031191721      
   3.81267470503101902759120220316860606      
   3.75903633368929276547064678974755414      
   3.70577475228279996493444765354793862      
   3.65285644770853025565893414527868079      
   3.60024795392937091627625899412684837      
   3.54791562316497466222386161493573456      
   3.49582539242918521614810765059081527      
   3.44394254155799282543973333599698322      
   3.39223143843275878545291699112831905      
   3.34065526651978431076813177321341364      
   3.28917572908165465430252287267016907      
   3.23775272341927471255201421693401306      
   3.18634397721141351532901273345003773      
   3.13490463733958039350975172467087844      
   3.08338679940206442871064403694698988      
   3.03173896326366273573056877945490699      
   2.97990539622775849089714358995233156      
   2.92782538043132987519820462504926998      
   2.87543231439357898085415543013980885      
   2.82265262963613573231693677997828309      
   2.76940447097993027085534352795369625      
   2.71559607209424329831867095484146480      
   2.66112373400200723723152393150165274      
   2.60586928028594648434843431474459499      
   2.54969681363444764908406653693596935      
   2.49244852608089295093064842055109101      
   2.43393920674423322740742860539336026      
   2.37394892423008713778480582447652266      
   2.31221309857937189094660866869554627      
   2.24840875305140906289317080203671837      
   2.18213502609803187817792590733269755      
   2.11288479136518706275212132472441576      
   2.04000199667868539383665779001523750      
   1.96261505052845296722672989856530267      
   1.87952783184814158922536295445551272      
   1.78903049123781895036091817352553426      
   1.68854450991191779254802503865761122      
   1.57388258400154075344736573812213027      
   1.43745433365225898896749173901927637      
   1.26277349554879360298175728846606170      
  0.998185883440820349454739854676081405      
   1.98858573161272876357407666008360536      
   8.74212226564288213348557319388806671      
   14.4118234866291698036166324713839262      
   19.7175744701443400234454537651291046      
   24.8368547595927457677331300655393886      
   29.8541025787331686293036257322922561      
   34.8228587670536639173034475123928783      
   39.7841916822909147121411839741940036      
   44.7725797655480901387327869051071857      
   49.8157834411147572888339114766781840      
   54.9312911701231147471122313298047770      
   60.1216412546886200047366043488845540      
   65.3705283611741340384183273259288753      
   70.6399342443201921088695144736203936      
   75.8653249173493255385347792452473158      
   80.9343001505152648079466233396389704      
   85.5777226072550661218220672662859010      
