   1.41780755376816744598127646755834893      
   1.39775430992774468083816611388414449      
   1.37771210502775222301900438283332913      
   1.35771523986828416354848926075566162      
   1.33779735827455156958342371490500579      
   1.31799169620915639003261564907019497      
   1.29833142176120143032325805975768653      
   1.27885010079152316007148705764426681      
   1.25958234226568494304736376073213203      
   1.24056470943022198763013555634604887      
   1.22183703907717117502505030744234967      
   1.20344441449361664453914130264864790      
   1.18544024095611445771031953477463377      
   1.16789130515924030346782153393461173      
   1.15088670961111240813836779543707421      
   1.13455517882854651351014196939688638      
   1.11910258769594250792639089649882555      
   1.10490313441796953443083603187557029      
   1.09273944484830618806485931832074024      
   1.08452490175848220204283536823314149      
   1.08721661001801688861594266905072602      
  0.979665299999199877547004785029176932      
  0.912153910587174374368359212207975181      
  0.877680085692609708255095009436857543      
  0.848813888065604375077238128926489307      
  0.821294031568196517995054864239512650      
  0.793634148329423813612003951362518822      
  0.765291601885042797368473796053612641      
  0.736192842292009651586192742237445841      
  0.706602875401283420381010936888334658      
  0.677100208765423413313769265313224869      
  0.648532670869910062682830859359860542      
  0.621917138340347632516453701775729316      
  0.598326128513068767817137479660270558      
  0.578830991431956951228341888146424952      
  0.564595048391090038851205168283326677      
  0.557608307240433578428890893794644980      
  0.560432469701110669419776924824590738      
  0.563672247479388614678845710981647671      
  0.566845990291485348187120974166643331      
  0.569956657185118884117395386494978468      
  0.573007054679679006467015868505052008      
  0.575999843714814227845708191783019372      
  0.578937546466575563673626791480068554      
  0.581822553005656610399853912574391839      
  0.584657127778730151298962349647785659      
  0.587443415896271373589059621945830440      
  0.590183449215442450834317663877514878      
  0.592879152208733132667644621647494469      
  0.595532347609946343575801665799943118      
  0.598144761840008313852143984157296968      
  0.600718030202048145383741461184565345      
  0.603253701852244039443749915253797032      
  0.605753244544819169739347102645762458      
  0.608218049155123883292339684364676209      
  0.610649433983939881220482099626301329      
  0.613048648848293257383721819689556715      
  0.615416878963158716780981259363205438      
  0.617755248621777550600460123572475963      
  0.620064824679201868989399042384957946      
  0.622346619847322218041571239909821460      
  0.624601595807266000752795090437152480      
  0.626830666147593408263536395587166837      
  0.629034699135040042475087302092971467      
  0.631214520323706814455061401485427020      
  0.633370915014729112331216547548076887      
  0.635504630567324157916209616613894692      
  0.637616378571140037569289963541029956      
  0.639706836890338002781528889458000535      
  0.641776651581294667573760973316924624      
