   81.7400452933505755287497682900338412      
   81.7369829321399900591098209162179846      
   81.7318659887511253099038684042366426      
   81.7246850311351119604412777787873764      
   81.7154304786394992440368715744682101      
   81.7040932305950650202612825139436906      
   81.6906652513249753627401799147823315      
   81.6751400956641674316133346471474406      
   81.6575133560708650746654210235363762      
   81.6377830166293537134700221650590019      
   81.6159496989050565590453734922392492      
   81.5920167679205911464303351018258633      
   81.5659902235608097773114372414541366      
   81.5378782370116712299127176069273161      
   81.5076901185720593108874998964816097      
   81.4754344540880133546622449486243703      
   81.4411161562656139820580679389301093      
   81.4047322707869181030138494105889901      
   81.3662665498205702086721155229147512      
   81.3256830209036628414105413579235510      
   81.2829189806060877149580488458035620      
   81.2378779786648170565160682074678011      
   81.1904234008219152732304637593477553      
   81.1403732062336013085533632772614511      
   81.0874962507168584986206059270924262      
   81.0315104598784132934073616020663311      
   80.9720829420028222372813462843091326      
   80.9088319707872818624132962781912906      
   80.8413306429320272676963207414391883      
   80.7691119285395611413344151266134399      
   80.6916747843314203382457306989040337      
   80.6084909858792711214788444084805575      
   80.5190123470886218808346629219107576      
   80.4226780267069472639578884688700569      
   80.3189216636037163728079959745963057      
   80.2071781308722523404658778293494081      
   80.0868897476922612809304247701591962      
   79.9575118342017825178604649385448410      
   79.8185175369996300673992497383672359      
   79.6694018890937944223188877511198107      
   79.5096850985977717065959085997179081      
   79.3389150848368843706531624407236440      
   79.1566692988504024789235426154851073      
   78.9625558788563657488410366578865455      
   78.7562142000235588478301393710451122      
   78.5373148829563835479352580549646722      
   78.3055593268709848260607298872225103      
   78.0606788333025124062246460847892744      
   77.8024333830489008874803178462926161      
   77.5306101255939843238247017086330891      
   77.2450216344161424346331434201469093      
   76.9455039774101943542708312020771596      
   76.6319146439212013320572372375154175      
   76.3041303656493980065429572132513049      
   75.9620448615301021593112491912600317      
   75.6055665318899809799045844684854450      
   75.2346161212508363740678961419633301      
   74.8491243646572628738476734547195078      
   74.4490296273852867808174804385850893      
   74.0342755441928925148865895685584955      
   73.6048086598512378091370358751373909      
   73.1605760696107066790270805865293919      
   72.7015230545917861595877733387932678      
   72.2275907044112043515053941217829861      
   71.7387135157893720207017259058450521      
   71.2348169534293810685010868478864737      
   70.7158149561984836615782028062751052      
   70.1816073684555045890557063073369768      
   69.6320772730291880761450547227709052      
   69.0670881983741647043837658808159850      
   68.4864811680608851628113693215719149      
   67.8900715557684501231589191079492444      
   67.2776457024423874998882664181455903      
   66.6489572455910825848429302685206534      
   66.0037231010637682681440023296260983      
   65.3416190275455891088736660192531691      
   64.6622746900989481108060598176195105      
   63.9652681228086892730801055042418926      
   63.2501194697941269121173455521602641      
   62.5162838578525310612638040031705937      
   61.7631432214001114915375308523707452      
   60.9899968579785461960744042868605260      
   60.1960504395247161586895559231256729      
   59.3804031344528748750122873284281854      
   58.5420324054934691457854779646532203      
   57.6797759280505821446370982300440423      
   56.7923099156435506639329154259767206      
   55.8781229247399271310527593386963311      
   54.9354839208585626445716525745748410      
   53.9624029876961650105097822161253272      
   52.9565825019866256962581662883660486      
   51.9153558055506400407497125320145618      
   50.8356092653966739416349129788593548      
   49.7136819425420536070571617934617365      
   48.5452345910137344413960569408859303      
   47.3250758906327279597673825946387389      
   46.0469278353010106226437046474789029      
   44.7031025611748436871890006595503955      
   43.2840468622015510548717184950096433      
   41.7776829336351548684175713208967354      
   40.1684238325085890795712926094814858      
   38.4356467334242545739764232647269341      
   36.5512127932765397105258062489058195      
   34.4751930309405043442172187269584570      
   32.1479067670140217043047199467017421      
   29.4734290475511653190701296508311975      
   26.2798233764996781155636090418743082      
   22.1976676573648293285227027353673546      
   16.0701432884242239610648177505817758      
   1.25392995680810564249849503032885156E-0004
   1.20242615293894011265097009871094620E-0004
   1.13879673361500255658265154221214633E-0004
   1.05669628776556563326903330058203738E-0004
   9.73482454634309914551193323238204422E-0005
   8.91851755496948525275648062542904536E-0005
   7.91219645151210027270590651415089042E-0005
   8.91151727841621559899199999625829983E-0005
   8.91192889856519676102550170664287682E-0005
   7.41614646431835924005787698358155300E-0005
   6.66146904906338192609342432903499122E-0005
   6.04875638896118307430869604028966875E-0005
   5.60442077717859276827904932289896513E-0005
   5.15570506720916347467903087948014037E-0005
   4.70406453491138886819752754397049266E-0005
   4.10799593173571993924934674119275439E-0005
   1.54466978255648175045771666494054726E-0005
   1.54466978179344653824326367841810784E-0005
   1.54466978120489844767922327591878530E-0005
   1.54466978074429573884196192411228025E-0005
   1.54466978037904287114443051455732003E-0005
   1.54466978008590610611302767418501878E-0005
   1.54466977984805585235349958268150414E-0005
   1.54466977965311978278970712175237663E-0005
   1.54466977949187751220619280398040564E-0005
   1.54466977935737049277695493282791665E-0005
   1.54466977924428549032160414837783115E-0005
   1.54466977914852132208133644964712506E-0005
   1.54466977906688025020338103623805754E-0005
   1.54466977899684538475535134260631981E-0005
   1.54466977893641822662714400451071551E-0005
