   7.25737808418062758073863787890515716      
   7.34242390346964347934250414529958817      
   7.42919184132014253483897216249146278      
   7.51715933741823810295138852737630063      
   7.60547856798308457618966709668019685      
   7.69226867947767103538277605176086373      
   7.76635838933948325037179357372495410      
   7.78372945360938840313406104562705230      
   8.30645253914944280776187049880765304      
   8.45683788342373322169924748013744031      
   8.58277316725617537538228513401553913      
   8.73591066155011261755749947523007827      
   8.93232106435579266074768161692764983      
   9.18234632222645093571510689110489681      
   9.49688331235266195336953209820871551      
   9.88983888375738437712816829425048181      
   10.3779043142290419760306807598468689      
   10.9761215902247990023789857461442976      
   11.6895737101280271666499899419077013      
   12.5039179652062942301408673916479547      
   13.3762967551913464038975027409898385      
   14.2272412001572759132218853711127796      
   14.9359941165014112254926206301700316      
   15.3359111381720048367776785692708824      
   15.1840397450419284990985711669373488      
   14.9300972179082082270750723582655823      
   14.6919560993709272936718053636330059      
   14.4681496364168226075247033799371625      
   14.2573934379295531767690428757386790      
   14.0585573717304344331559008770707518      
   13.8706425735624143264707812438403999      
   13.6927625044995523296465242581810608      
   13.5241272407259681223412295590859599      
   13.3640303637078416267638739661739528      
   13.2118379572386773904783112739571188      
   13.0669793228321287040546307170461431      
   12.9289391053349497261064161408264660      
   12.7972505826781317418654354605028781      
   12.6714899219303589922920210355497104      
   12.5512712416141436764356638870074479      
   12.4362423500657034974521761236467795      
   12.3260810532909310311411031450392200      
   12.2204919446744000948835846680724224      
   12.1192036041033877881520313891209472      
   12.0219661463249673971421300392037026      
   11.9285490683460004975797173776521586      
   11.8387393538042376105805223436908291      
   11.7523397989308927411333371978856760      
   11.6691675302043322153346299046570728      
   11.5890526883700004854881105706042108      
   11.5118372572547009059496552895857608      
   11.4373740189836805295062162759700076      
   11.3655256198282066044051717441125589      
   11.2961637331518666629020709717363083      
   11.2291683077773165985278926390428417      
   11.1644268916945248531814968873568893      
   11.1018340223712653245281980531603550      
   11.0412906760620181402783226729405033      
   10.9827037695213383570791865413876158      
   10.9259857083182526828191088219497723      
   10.8710539767054160417699469414701820      
   10.8178307646369564151394073554395340      
   10.7662426279732694977536699342388290      
   10.7162201784794350032180406673532649      
   10.6676978005796567521997451247939944      
   10.6206133921617917997045184414355792      
   10.5749081270738310133256682248071173      
   10.5305262371815270668719834403454606      
   10.4874148121159189718915443165011920      
   10.4455236150363094598087493689244499      
