   3.28113951032650915640900040206997751      
   3.14527015677376524452199683135305245      
   2.99966409029663717234783078635623223      
   2.83905140678406654367486477540460088      
   2.65294238566697166632474872074404966      
   2.41772821791028519989093696453590398      
   2.09275175918853789762290943447510852      
   1.52208062379000082493160320581909746      
   12.3223140790240730437226141630567108      
   26.7361967040278905418287230511267081      
   38.2544238495811734475785162279469957      
   48.5446636439473299194882249416082192      
   58.2967715775976446848607189551063235      
   68.0068004189355963212507482201708960      
   78.1753959784256882327233663255215211      
   89.3947477725507426979254648719593314      
   102.377628964299816041780297608557926      
   117.880979849541187849856863959061447      
   136.355072973604036167188924195708851      
   157.622452382486087429468668285353161      
   180.768013071740610053101833477109356      
   204.024669281241277714797109112125932      
   224.651544033104634506124512009116954      
   238.721242744154820761344507793282217      
   240.080005309388422403306334291426813      
   238.992416556175358037706005266705169      
   238.251611428659940215856062007692677      
   237.812571657852369767469443287793140      
   237.635249279336963868210236495876399      
   237.684188041389905383080326540116354      
   237.928158510593669099239712782093837      
   238.339794033740693546188183378838390      
   238.895226002328957312886120042985432      
   239.573722969426596577187940190682768      
   240.357340483634227046172695683205481      
   241.230588432507072496582939321200331      
   242.180121357539382257416460647385393      
   243.194455394047188838615182467909176      
   244.263713679132356170149903593111067      
   245.379400512966927682653359347639407      
   246.534203356609409876181166002440894      
   247.721820914532499573353119098044674      
   248.936815042290491959820575326077484      
   250.174483977291673106476701937497642      
   251.430754345110425081532624605939036      
   252.702089485198838047925141947165454      
   253.985411815159961519330703312043841      
   255.278037174352844589006299521479791      
   256.577619325561079682999665537704479      
   257.882103030514371853443245757220151      
   259.189684337329148510433814821052238      
   260.498776921242179027315329817229209      
   261.807983499386278170592054182591209      
   263.116071497380607374281396644376384      
   264.421952279482549520441367256684689      
   265.724663368504159130154163728192847      
   267.023353177677366538308754319076003      
   268.317267856859105854290419852290193      
   269.605739923122932064764590600463241      
   270.888178400424197479368748153178384      
   272.164060239745709595039079921296150      
   273.432922829809299604016091671057924      
   274.694357437754961816078805776875569      
   275.948003447502351611763932221767874      
   277.193543284025149501909553639512986      
   278.430697928974059167200518500159407      
   279.659222948876413318132193514900416      
   280.878904968324862202332048079963331      
   282.089558531368124210768254978526180      
   283.291023302551044867582806704766470      
