   5.75680180862328832789351820703013421      
   5.75669425692907361772404536141020701      
   5.75651514666353328472909699945152972      
   5.75626476314916103493752647823246209      
   5.75594351070083225503674987110979550      
   5.75555196352669423859310418677168032      
   5.75509124249456044063628687891176237      
   5.75456429505183961715976093038803572      
   5.75397830295299114311051519413767065      
   5.75334755097506804002038597155401725      
   5.75269570191123348004431466914637817      
   5.75205683358919069355502970847020440      
   5.75147525874690099182413768091976921      
   5.75100456978487722790888167696524847      
   5.75070640566461737107447693998098479      
   5.75064925500895846136833059478716613      
   5.75090737313040101813570145417928782      
   5.75155972802885177477407732130932688      
   5.75268884105083309377990884989008819      
   5.75437942814127233639594185162285037      
   5.75671682870876159397639679622664641      
   5.75978528767648548554742104346757562      
   5.76366620653685782415017933359541126      
   5.76843649381141179427678250459512565      
   5.77416713030491107431533218684462515      
   5.78092203087693084640041099538473298      
   5.78875724412176738046236172452326854      
   5.79772049375888283398323131611834755      
   5.80785103558938406646412129746569707      
   5.81917978431201497516771960788710045      
   5.83172965431895220665980212717461246      
   5.84551605670108134890952226478342884      
   5.86054749810637803056156954379670277      
   5.87682623433856420109906256986712784      
   5.89434894005035258089096021372394072      
   5.91310736501062833260546191475918750      
   5.93308895550852860075390210639250311      
   5.95427742681218734827639487064175437      
   5.97665327838541458877599020663438631      
   6.00019424814448997844848509773000807      
   6.02487570543313703901033413758005743      
   6.05067098471887143555970784561054189      
   6.07755166351689438547149442362426699      
   6.10548778885103722381441485200865216      
   6.13444805696514145062067809204387399      
   6.16439995083241382458109111949545146      
   6.19530983978103126300354392137816406      
   6.22714304490291538669873363151841144      
   6.25986387332624462939417297594917648      
   6.29343562352164048517726530277359148      
   6.32782056291101046440772212102107952      
   6.36297987800456403094762956727776700      
   6.39887359597138998617097841739523452      
   6.43546047520457914909746138573000568      
   6.47269786057010355817315751795425050      
   6.51054149686868718635829352765724248      
   6.54894529118794498519866654289212224      
   6.58786101102543353087795500415286458      
   6.62723789986934411620403385727706923      
   6.66702218477529159790625654020299358      
   6.70715644034363588891184233768381877      
   6.74757875832184869677167787502195281      
   6.78822165013181315530121634061004475      
   6.82901057517784938066090448959239338      
   6.86986193435866815291100784750979637      
   6.91068028053721643609154733051022092      
   6.95135435075210580201867636962783030      
   6.99175126570684800223584330793988634      
   7.03170776530424013433530215392353695      
   7.07101642059104102996631165531678522      
   7.10940284506784333389147422669521818      
   7.14648570063828052997641583782337295      
   7.18170133503528895636606197803194556      
   7.21414982392451101399673877925411221      
   7.24225063360341262158423296752864014      
   7.26287100727859968668077072931354687      
   7.26848448095311221903768793136827003      
   7.23045009467898274341464739839607830      
   7.65495819390754143406836204397372015      
   7.90320791542883052829567843553840155      
   8.04907132328959535471196106479148467      
