   235.280614361362568539609003427063999      
   235.267398252924457508318073725537004      
   235.245344475392021771717740414490927      
   235.214438641287190067375575516581344      
   235.174671137095215811571485565742649      
   235.126038608285130063835625292707583      
   235.068542516466839613237884085259425      
   235.002178226234010118101986613014503      
   234.926907424170809295379879505199163      
   234.842612730006290495802204714254177      
   234.749038803962802897388974518743317      
   234.645725753936309926187612589472779      
   234.531943983888792397632639575730908      
   234.406645883828747313404052362193658      
   234.268451691848105581052266318458948      
   234.115679565862280296293815310165903      
   233.946416779951739568359733450923926      
   233.758617295723719032107798891988011      
   233.550205661692164870428942826910458      
   233.319168754075850448951185470110845      
   233.063622866906024113614857958990044      
   232.781850985822644416583165894787190      
   232.472311417284061878876454057182125      
   232.133623161383523988149008369643575      
   231.764535349250131198368589980493812      
   231.363888164344966335836224199752770      
   230.930571579431446316553134442053041      
   230.463486585655599904570816158233719      
   229.961511858424830031547647005865035      
   229.423477273714149174191557157256381      
   228.848144514352278051080304550955467      
   228.234194196463976483050271329908493      
   227.580218479467492934376124754583395      
   226.884717906711703384845542477533981      
   226.146101201682041754181581201887486      
   225.362686826810716059837661575969785      
   224.532705266165130169250124881466151      
   223.654301159405177631199895562875050      
   222.725534583977248625840405109221301      
   221.744380930631726424311474010459983      
   220.708728938663738963492938181626885      
   219.616376550223872828280145420920247      
   218.465024305797955494959869167187779      
   217.252266038033717705230262566020367      
   215.975576626402728929622817359393322      
   214.632296559204673421628853370774574      
   213.219613002349260343176823680847427      
   211.734537005824168392616701504497836      
   210.173876375437404694306546349949517      
   208.534203604781022269024684895882908      
   206.811818085108075605804806755769842      
   205.002701581498701897273389997977132      
   203.102465669037134718809139907062932      
   201.106289432944746842851439931111757      
   199.008845229758945465838492027974199      
   196.804209628091020671056714497707014      
   194.485755736096626738331639148136606      
   192.046021880885018992465799571220703      
   189.476549889586467411957049717479846      
   186.767683813810794923033541433365659      
   183.908316507231372903259267115460261      
   180.885566503915044021267964499764568      
   177.684360305663293954827084735674078      
   174.286884166498344907654156560724346      
   170.671852506677219326960577998503542      
   166.813513446940741710226069355664852      
   162.680268979069924392702818864029972      
   158.232716119515170889176781200075268      
   153.420793891265127107870361019785968      
   148.179506594079232806240551538437607      
   142.422300358161298546277397773035366      
   136.030409766993172091561384813038734      
   128.834901098662937112955908162612728      
   120.584329705331177073915378832566630      
   110.879719968631420933549104779007205      
   99.0173826106159284427572824899373534      
   83.4932867938800117401806491726262279      
   59.5617785659418981657749872753951639      
   1.45896509075057650177087364446612499E-0004
   1.36622284906879969814643795681092175E-0004
   1.24235039352094190813678499911646888E-0004
