 0.85241612091311E-05
 0.85242358010851E-05
 0.85243607661343E-05
 0.85245367376281E-05
 0.85247644351075E-05
 0.85250446400178E-05
 0.85253781735373E-05
 0.85257658898000E-05
 0.85262087359297E-05
 0.85267079813446E-05
 0.85272657395152E-05
 0.85278858803181E-05
 0.85285753728965E-05
 0.85293460085696E-05
 0.85302163418132E-05
 0.85312135991931E-05
 0.85323752857168E-05
 0.85337502722855E-05
 0.85353992477659E-05
 0.85373945260531E-05
 0.85398192845700E-05
 0.85427663643472E-05
 0.85463367842430E-05
 0.85506381199159E-05
 0.85557828803836E-05
 0.85618869890228E-05
 0.85690684473374E-05
 0.85774462326724E-05
 0.85871394574897E-05
 0.85982667989473E-05
 0.86109461934816E-05
 0.86252947817127E-05
 0.86414290834770E-05
 0.86594653806756E-05
 0.86795202859841E-05
 0.87017114778170E-05
 0.87261585857427E-05
 0.87529842152054E-05
 0.87823151060367E-05
 0.88142834251980E-05
 0.88490282008963E-05
 0.88866969124154E-05
 0.89274472580683E-05
 0.89714491328567E-05
 0.90188868582469E-05
 0.90699617194814E-05
 0.91248948821208E-05
 0.91839307800896E-05
 0.92473410943883E-05
 0.93154294769837E-05
 0.93885372220319E-05
 0.94670501514890E-05
 0.95514070717943E-05
 0.96421102843846E-05
 0.97397388123243E-05
 0.98449652657072E-05
 0.99585776528989E-05
 0.10081508023404E-04
 0.10214870719383E-04
 0.10360014418623E-04
 0.10518594432275E-04
 0.10692675536930E-04
 0.10884882238835E-04
 0.11098625326171E-04
 0.11338456227642E-04
 0.11610646119495E-04
 0.11924184066982E-04
 0.12292614704142E-04
 0.12737717180803E-04
 0.13297724988680E-04
 0.14048689958193E-04
 0.15174504081038E-04
 0.17331169026192E-04
 0.19697566269427E+01
