   18.7786855331590000848092430367807878      
   13.2955293881793539121888316345246866      
   10.8593957174084198542717072707761378      
   9.40546479495418525667805078368944612      
   8.41248914885760408538778022765454126      
   7.67903097476695329273282271271910209      
   7.10863431846644552912432163921604767      
   6.64855867305692103766364738981071406      
   6.26721495025112234418632831568662353      
   5.94437640336138627048057336919026142      
   5.66641170733233720113909812761275666      
   5.42375388616611199455389020693957270      
   5.20946249534558807328002991586164188      
   5.01836124106974752199903470900914813      
   4.84649717545912349640623091423600042      
   4.69078882705998856482308964219650923      
   4.54879015389081850960675505060547930      
   4.41852809580597304543753451935794574      
   4.29838831407380648276940278981018962      
   4.18703326306601552844183513305045029      
   4.08334239853061637422907434337936953      
   3.98636780537300974610732880541203396      
   3.89530073437381424411204626196998435      
   3.80944597234499390017843881253700541      
   3.72820192102497908102614588250310725      
   3.65104489846798754022191105832624434      
   3.57751660991515263135460379103529682      
   3.50721403180612660379957613704004975      
   3.43978115776581273265862858864513944      
   3.37490219890290893600699741580419328      
   3.31229593250064684329374682404771774      
   3.25171096634607994221012152992601624      
   3.19292173947087305501631753758115567      
   3.13572511972586328776520615643324391      
   3.07993748846659078565759065133744289      
   3.02539222528852356672012766602916619      
   2.97193752308943719505814174144897091      
   2.91943447715486101028027976565464054      
   2.86775540221726686976747475383927914      
   2.81678233945992395941262656870719864      
   2.76640572151732962600194442173075545      
   2.71652316821065003206682236498265990      
   2.66703838924230131742798996171490522      
   2.61786017259893296191543929698432439      
   2.56890143908614621292607413623302511      
   2.52007834436064691395177004908086873      
   2.47130940999462144851963565339960369      
   2.42251466453894277718624048695834545      
   2.37361477405890513997525216662157323      
   2.32453013911860485034021654597789949      
   2.27517993129844735729291069234386089      
   2.22548103665982346031769034349244661      
   2.17534686549775087922246317401071539      
   2.12468597615127257558242758436266608      
   2.07340044420899706671330064933802024      
   2.02138388478288771016735285409166600      
   1.96851900106107004721437161360448022      
   1.91467448143618348127991384794351296      
   1.85970099069001733752002828714517920      
   1.80342588251865559087473207696942329      
   1.74564607388048739072228164965785510      
   1.68611821804040570719796611800353395      
   1.62454480312474816703885066682202905      
   1.56055391311997285589182815305104605      
   1.49366876640528667040792994454508603      
   1.42326003754746137354000895262223907      
   1.34846764109003780610845764988451046      
   1.26806484211304224058988480769612520      
   1.18020473226024486008174657764406784      
   1.08190250175594721984344022627756925      
  0.967843869569754249786619585822257745      
  0.827091703510998517032855097661287707      
  0.629527460443650790823982102451189830      
   1.96975662700673930644007408934093017      
