   1.84051563690825564413742632622864020      
   1.84058440985859409243896021807953634      
   1.84069894884014695439631175288221804      
   1.84085908417591416926133426587577649      
   1.84106457507062953729534188807679819      
   1.84131507690132441252161630823022987      
   1.84160989986881295831928206086014674      
   1.84194718902185606895811023016916833      
   1.84232238037796627173911430254111090      
   1.84272635812276532669464528274348191      
   1.84314398754996711331801479995344462      
   1.84355343819807731106051565308330780      
   1.84392628810497131453683813473092017      
   1.84422813146370811908793495827524918      
   1.84441937646034509898674708911423655      
   1.84445603677322036651311254155343781      
   1.84429047095472173367319705746157038      
   1.84387212749701228138986333361592998      
   1.84314838395015011761848783496491629      
   1.84206554081296022093680188061533923      
   1.84056997622026004678679929001981839      
   1.83860941387626413141833977622633719      
   1.83613422139235781415048846508896440      
   1.83309864456691616421700996945092591      
   1.82946189178924564214459217517687731      
   1.82518900481256311085979202489213176      
   1.82025147978880806713627946760402782      
   1.81462762928053690338992373759716666      
   1.80830269833259820437041568581824572      
   1.80126876337555432625323238748139298      
   1.79352445200690911473605514925222930      
   1.78507452504379899997802074599193889      
   1.77592936147006549836132952604476404      
   1.76610438299435947990735753759533813      
   1.75561944964553223702852449689876908      
   1.74449825167663333301544996464494763      
   1.73276771723666090964589738819109454      
   1.72045744975753035979349219263339958      
   1.70759920441572489562751333457117988      
   1.69422640922324071485633691051857566      
   1.68037373331753923521953980776632733      
   1.66607670280993205750161172718639879      
   1.65137136297290743903096102278116536      
   1.63629398451637031859294669595632180      
   1.62088081103311161348504520473559366      
   1.60516784445244485396324730714217169      
   1.58919066522400523559188029376783396      
   1.57298428413061134837074064004183123      
   1.55658302281516486755578502683825506      
   1.54002042048648180949481588965812640      
   1.52332916464598538480275791090866116      
   1.50654104411488805195404593028976754      
   1.48968692318376353311157585751321747      
   1.47279673621087469673263543235841412      
   1.45589950268454018072084758236732637      
   1.43902336349204790116281846934924017      
   1.42219564006116684110602782335410903      
   1.40544291922439858583846712101585812      
   1.38879116823483608667168712511379099      
   1.37226588648573826163944008308747719      
   1.35589230346502999251071475425550790      
   1.33969563697050835464612534582911207      
   1.32370143201373679180056260374817988      
   1.30793601103287847689569208734255544      
   1.29242708181802820627593794382089984      
   1.27720457566813470514587727881467101      
   1.26230183225389401625290641849737253      
   1.24775732574626884375532491326820624      
   1.23361727114710469047866562093649600      
   1.21993973254943396526342335306554087      
   1.20680144200067394964810138556757465      
   1.19430983756277433205542490013076903      
   1.18262590376065661263539073322783296      
   1.17201117510440511744372033869450932      
   1.16293372949160903201622710061276113      
   1.15633961912998765671133548650701046      
   1.15455421930251404297683390844069310      
   1.16673278574701917076971944539807061      
   1.04091776678750364151511119562043945      
  0.976551728311947423477511465719683997      
  0.941478737564122157268077353597142369      
