   60.4162175962251033095679504024593538      
   59.6642277036481539336507148463253430      
   58.8451743428892062012104103227714918      
   57.9482764924316885616600207784075878      
   56.9600215708918933365926421749258736      
   55.8631513269509207398302728475958036      
   54.6351875531026171269277543399577138      
   53.2463295538368297503334423829842417      
   51.6567092108323372752017615573391836      
   49.8137364333762344269778465292681895      
   47.6514956460377097796017123291587250      
   45.0888120798817558512507112102611857      
   42.0008109394271979579769563279826110      
   38.1428639867548457228208554723962815      
   33.0001777089614348934271358138357592      
   25.2350080655434782074117076218101006      
   9.37480949817121193954358226143855661E-0003
   7.41117218007972091656285483027985754E-0005
   9.29928515645707740911609854430705275E-0005
   1.11586475834383868065864692021578505E-0004
   1.18351073396491812288351144772976041E-0004
   1.26260467935646071557470511663831651E-0004
   1.26929894352737214080384895398602432E-0004
   1.22281208197836245792830567450099937E-0004
   1.26092886446389572423587048824968143E-0004
   1.26272551260673445723999526989943614E-0004
   1.24338455433217459324488594206971455E-0004
   1.21926150488726705297909095153362928E-0004
   1.19357339437813421127731034990357032E-0004
   1.17432039625409951447890438847556848E-0004
   1.20012805929520044502165286403387562E-0004
   1.23461610155586998744121683872124250E-0004
   9.61555507628871904741100029995696818E-0005
   6.87891714222024354679296189771353029E-0005
   1.01882559096223493545299773694020420E-0005
   1.01813117303149437407948903952321730E-0005
   1.01754134698513258340876088542403560E-0005
   1.01703659153209111524207700292366065E-0005
   1.01660165263398170538963774408959069E-0005
   1.01622448767776953069310272378465587E-0005
   1.01589549867107669919773685600576689E-0005
   1.01560696833790772818842607160461329E-0005
   1.01535264059278100503239362925340482E-0005
   1.01512740504446002071664628360665533E-0005
   1.01492705733566884974219706540654013E-0005
   1.01474811537118113782975901048278295E-0005
   1.01458767715529839934090195634683435E-0005
   1.01444330990515564174820344964295051E-0005
   1.01431296288448115783758984634612984E-0005
   1.01419489838017351980511050954524796E-0005
   1.01408763666653788992678157509772664E-0005
   1.01398991183507092190044619449338787E-0005
   1.01390063612482843275157125619781548E-0005
   1.01381887094814631104205822604003801E-0005
   1.01374380322369399515769125846867814E-0005
   1.01367472594223509695806477471090313E-0005
   1.01361102212763169322785621536386440E-0005
   1.01355215153635822921916819614250011E-0005
   1.01349763957744910464815979354802880E-0005
   1.01344706804185522848721914378394775E-0005
