   4.03683775751118133770181395066579264      
   3.95816666848058905344562979663918119      
   3.87787101203604552521741479983292569      
   3.79538764367327311386165203396264321      
   3.71002649153471460759432069790329947      
   3.62092008740820119457329507001721169      
   3.52694981283798962762385381571396141      
   3.42663980182576193611296363401718935      
   3.31801621109100361035171243533605851      
   3.19846484706181592554807063552371020      
   3.06467715954268283727768992819364631      
   2.91249672326580233061598707950088780      
   2.73535895125504719949022914089803490      
   2.52011375583637213252780225427514745      
   2.23815124055075951216066495587166685      
   1.81047717992171482227389985277969089      
   1.03285721915368688280350275559053629      
   16.0280043644646014534310771650147719      
   25.0187336814006341201121331598871926      
   32.2655536332253014158649047635948710      
   38.5269150392574909296286231590884881      
   44.1289289857706551807683061267758857      
   49.2501946934930114461372294721343458      
   54.0014465215080698668035584024102344      
   58.4567971703345402594512110956054824      
   62.6685595411629367225182368904927777      
   66.6751705387798574297587029800839718      
   70.5057334722320179165191756592935450      
   74.1826967611135770934572432537674337      
   77.7233794790425203768742618802599314      
   81.1406291518839638607873891814991562      
   84.4425213033112263847043717683194698      
   87.6302210553223728568795166527516819      
   90.6891480415109605828964122631187971      
   93.5327011023921097528385785279260634      
   96.2506273460831414851963228182297439      
   98.9034535886067243270262685170616195      
   101.494331736150111569909109587976068      
   104.026183759135036919887088497485003      
   106.501722343465015353819342387755808      
   108.923469350323160954178287480201315      
   111.293772405708661723644508653304443      
   113.614819868581203806941374333029812      
   115.888654373925625838450386946980863      
   118.117185109227522604585158690229809      
   120.302198955670962305742606101111260      
   122.445370605691785594621992140360859      
   124.548271753997287496063313089098950      
   126.612379448086738196193484013730188      
   128.639083675536691048986569657286033      
   130.629694258076706354033043428794122      
   132.585447116260120567633722247729639      
   134.507509963031200163769904848543116      
   136.396987479506097406251560412067226      
   138.254926021698384326441269982904936      
   140.082317902681331760352356322590426      
   141.880105290736822439240616410495545      
   143.649183760383903767428570005573029      
   145.390405529787540233300922974509276      
   147.104582414915091987181850812753592      
