   1.30780785268917446500916913322613884E-0002
   1.31917055542646665254710799662923645E-0002
   1.33233049134206753027416094791373998E-0002
   1.34785073790369890843585843650667356E-0002
   1.36659761262004366199095778541982192E-0002
   1.38997322492595534737638825302460398E-0002
   1.42020083285290822776827095406606885E-0002
   1.45968904911619728524005500517556292E-0002
   1.51156829559328101291349065059245429E-0002
   1.58646352891258721741664515268059629E-0002
   1.71355808690067073628648693386402926E-0002
   2.02162476659325090428006145741824763E-0002
   8.03858131030357270230601464445741852      
   20.6776582981094712043968159477516468      
   29.3512093883908135662909838159211325      
   36.4357219303578282150230579154968766      
   42.5817230865892487668795982085603594      
   48.0895620720272076656837757405719266      
   53.1292032769689178029182506506477535      
   57.8072695523517824732533311938074710      
   62.1948523079134117436591343991782005      
   66.3417619965205209193598676338147019      
   70.2847019910676335794478550946390889      
   74.0520367752540036860577751937236720      
   77.6664761786017205936637559163950151      
   81.1464923730605637929700159817702352      
   84.5069284011372470275444362207822942      
   87.7589050418821816630002189286789166      
   90.9086414218267739999309341238113905      
   93.9534249984226212362641466687896215      
   96.8641741041112393648289839578608474      
   99.5152861373656053806530319706562937      
   102.070893308608489808778160283843767      
   104.570386970217248748336900502735252      
   107.015924220208210297402481434266866      
   109.409568066943073286479893985435984      
   111.753287658561782934355260755840475      
   114.048959687740708130839112034854275      
   116.298370663064852040470648972762179      
   118.503219810196407645493125108623591      
   120.665122415220629459405418766533191      
   122.785613459222989729326120934808102      
   124.866151422426793752466024011962354      
   126.908122160646577520448116552635533      
   128.912842777570500510953405112713481      
   130.881565434062708940177052788380436      
   132.815481050505359558857803992934289      
   134.715722870696189958010223121254411      
   136.583369865940038251051444813376445      
   138.419449966092877002149228424521631      
   140.224943110850725266877289096198296      
   142.000784119508469514128211813797239      
   143.747865381177474683616602125971106      
   145.467039370236885267588809010671346      
   147.159120993729133727140876028967872      
   148.824889778699541466185072318491257      
   150.465091908283812144927224896243521      
   152.080442115750332453869254037074657      
   153.671625445815798965810901836122556      
   155.239298892444214689757373347130407      
   156.784092922075461425748818805735888      
   158.306612890862739050115841259453564      
   159.807440364049483652224881976898631      
   161.287134345136531131846490929653004      
   162.746232421991641740001349516466125      
   164.185251836540033286705568730530884      
