   75.6090815725048663510166741886241338      
   75.2046273565650172565385491903509734      
   74.7843592705349116230244690233492082      
   74.3483088900981804998088284040480790      
   73.8965136535719984698489118821195186      
   73.4290136231833810023331602055669492      
   72.9458483040006250245536212187947086      
   72.4470535148877983634912490715886150      
   71.9326583012928356239932580364982588      
   71.4026818753735628531738328058460288      
   70.8571305648195198073210904661654700      
   70.2959947476155897311146056135376500      
   69.7192457457758465393998888435731430      
   69.1268326466011843866117364204414470      
   68.5186790151070189901029981554665806      
   67.8946794557057888541738748477772236      
   67.2546959747844233610033993560964148      
   66.5985540881750194421966953924565722      
   65.9260386083183000034034304303108378      
   65.2368890346936585146076613460355782      
   64.5307944572777488599985891013662732      
   63.8073878656160429115160014810447104      
   63.0662397346044351414581392392024433      
   62.3068507309882553819563399936641165      
   61.5286433502077054461920884165115188      
   60.7309522492747348053787802877378406      
   59.9130129847720107806140133776837256      
   59.0739487916169035923337913799964159      
   58.2127549420601376057396129214429000      
   57.3282800973484169575998032575159873      
   56.4192038949393478109245267006133185      
   55.4840097854926939855270339890808281      
   54.5209518218341385494057770135010319      
   53.5280136708543640122176135344561701      
   52.5028575151474160892541915430684116      
   51.4427596518289362017906215069469925      
   50.3445283534141552785469125225960519      
   49.2043977260297066272130291655327695      
   48.0178885515279248184035326039045865      
   46.7796228767819503903108736314969465      
   45.4830724584975473549003137709483210      
   44.1202103786958148833225446255069238      
   42.6810170502353110383790177934306781      
   41.1527602874916348493352662137390210      
   39.5189115136494635957261523000625437      
   37.7574488681382242288707257867778376      
   35.8380673215272393961139334084857307      
   33.7172941614817255432442243993908273      
   31.3291896274304875822720256259661109      
   28.5654678500202723404698163716244164      
   25.2252403696231968552989272775193556      
   20.8486739461120618549590144026887855      
   13.7235489330821913988280597008914284      
   4.52546099022125191925283379447913974E-0004
   1.36743405029625487887221954727213912E-0004
   1.08727650681538589000750027698571928E-0004
   9.59836111961395503019658707652321453E-0005
   8.54024421856688146016128290291600365E-0005
   7.48369993785824655602737362734652547E-0005
   6.69878334827931639941465710862385832E-0005
   8.17935315369236769350729328666806225E-0005
   1.05317125501881234770633560384172001E-0004
   7.76829325694528733325127133407642158E-0005
   6.68838645262763186598859720146934452E-0005
   5.97419399605772123042838609649017339E-0005
   5.48760058559028168671014026913303043E-0005
   5.00501729715367326095295868566943013E-0005
   4.51175368739872464368699583110207627E-0005
   2.95337617256005155271518552643207772E-0005
   1.55725170335489649736510342682617139E-0005
