   4.49513517238372368955517395766060359      
   4.43380789941311946548249635189379461      
   4.37335341107626203841238368191522639      
   4.31371717240442929394077079371816322      
   4.25484823595924097908485377030121182      
   4.19669881135950460154286032952382430      
   4.13922387121947965832708724471894595      
   4.08238078919883425594714815808649471      
   4.02612900617619309860226264248314789      
   3.97042972081716006644930742942747680      
   3.91524560101953224125929759401738770      
   3.86054051288419907075739878272036462      
   3.80627926398044050037816974632906513      
   3.75242735774763793281336559053188912      
   3.69895075589874367820982023783775879      
   3.64581564565881455124063469752681069      
   3.59298820857795958207201668655978602      
   3.54043438749182914518080568452913324      
   3.48811964795137467598558604287890672      
   3.43600873008928930827121466029041090      
   3.38406538641091468592405570891588116      
   3.33225210036105996882553370086328886      
   3.28052977968513835906565409661757937      
   3.22885741751922617014124476081942526      
   3.17719171273588079120472534152605860      
   3.12548663924348348749559357048766598      
   3.07369295155053636671483458168709909      
   3.02175761077985048197920998921815655      
   2.96962311119121588399825757698444555      
   2.91722668178419114244596080742363444      
   2.86449933018798360927754870791545848      
   2.81136468605847744794662897576296148      
   2.75773758750505209645880851768005072      
   2.70352233504237783970570200680764606      
   2.64861051076617024404861222781821939      
   2.59287822213075381297821921933308071      
   2.53618257398092844272689096650401994      
   2.47835708994158931372178110132761241      
   2.41920567944058269911450056198741181      
   2.35849455349594067981070174245886791      
   2.29594118573196790391053141864283387      
   2.23119891360777959621556535993498587      
   2.16383492654462881423598590207345756      
   2.09329789468590371021201143779201762      
   2.01886873786892390268108377352123821      
   1.93958265576246645057075850553409392      
   1.85409927241220346189884478271975252      
   1.76047197551567061418232866232840187      
   1.65570161352026255039294665074917978      
   1.53476472466072527551686025338970691      
   1.38810105731193997651904917181968007      
   1.19303046029519662510156240662857220      
  0.859366113842968855746671368374375212      
   4.47356598653175220951205164197981887      
   10.6855945102987309513604301056393598      
   16.2161125418887534485473627903213530      
   21.4585891908268617745302614742476416      
   26.5470332945273321737744034491526653      
   31.5526220578955489715635460740698754      
   36.5238773329568688370437933346150226      
   41.4996133498989661599719541676933184      
   46.5124346603558588337215556323043632      
   51.5871930386683532833098488500849768      
   56.7367847111386443271926523969866775      
   61.9575842887413869929173586970845861      
   67.2260077972040687094917669067422437      
   72.4955635726650114819887955389508923      
   77.6894585417851713692322169262444454      
   82.6557031397608842770720845914240340      
   87.1880322752084565739885891567558735      
