   48.6309030992072352656400657238511291      
   46.5884493185128549698115806732685537      
   44.3647729712457391717225512924268420      
   41.8925104200567846316490450467773692      
   39.0479489099546854890364877147790554      
   35.5728887172491894199083512318251523      
   30.9656999828695381841112744976074548      
   24.3070750876263807835255420258229894      
   5.61571147640206019139571187483563612      
   1.24424741810438077261795301649771924E-0004
   1.20620770639940581357286696803227058E-0004
   1.20921758079157956307720411100059888E-0004
   1.11148068642974682278650427686246433E-0004
   9.69459205518026974855711193651921177E-0005
   8.71881072952916477509347206234217562E-0005
   8.75561243751914994204138294478618156E-0005
   9.27630970133184992006906843011984431E-0005
   8.88585926390405621179340133738940326E-0005
   8.83392701467349580517491778093435542E-0005
   9.07134356694351764540516966176915195E-0005
   9.49722139009835316714260294318404486E-0005
   7.41817355145358185971822265043201539E-0005
   6.24364755693413250031807119754398260E-0005
   5.24860518073589571333520752067476239E-0005
   1.55184147989681029711596533249208736E-0005
   1.55183364570283597867420941943903141E-0005
   1.55182436060127490749039038954338385E-0005
   1.55181395488148849886222131062999649E-0005
   1.55180272989255142576486232991676162E-0005
   1.55179095187037258739785172037392690E-0005
   1.55177884928309742047658061319118824E-0005
   1.55176661295732633773135567559758769E-0005
   1.55175439818332177696484745261172899E-0005
   1.55174232805929202014940546947203686E-0005
   1.55173049746465543747387954996208782E-0005
   1.55171897720482401634675895225211265E-0005
   1.55170781801529652949920769911541506E-0005
   1.55169705423478440952752212054342054E-0005
   1.55168670705035500631214304601641335E-0005
   1.55167678728332308655206223804037582E-0005
   1.55166729772721274656797480471963700E-0005
   1.55165823507390451279334182580388465E-0005
   1.55164959147617800450497800521570718E-0005
   1.55164135579851414364117561898834724E-0005
   1.55163351460649669384434390480795755E-0005
   1.55162605294078001493359849968599757E-0005
   1.55161895491593301637686589604224737E-0005
   1.55161220417851264898894888533996624E-0005
   1.55160578425303417401103985007824667E-0005
   1.55159967879938242515093749836941828E-0005
   1.55159387180076411042911413265122030E-0005
   1.55158834769754689385755899659167617E-0005
   1.55158309147922043751902914235086367E-0005
   1.55157808874417271255192456794470311E-0005
   1.55157332573492165951735423651157115E-0005
   1.55156878935479679943619252551808358E-0005
   1.55156446717075503946322517496671464E-0005
   1.55156034740597708533737075362104748E-0005
   1.55155641892507267494490843464361731E-0005
   1.55155267121407693568662371565061403E-0005
   1.55154909435691752642870727542155943E-0005
   1.55154567900963470117374132473382220E-0005
   1.55154241637332794199975027831798148E-0005
   1.55153929816656362870000534853845819E-0005
   1.55153631659778847482989923363949703E-0005
   1.55153346433815002862659439196689506E-0005
   1.55153073449501240173225463102762315E-0005
   1.55152812058636836202326763093781759E-0005
   1.55152561651628294151255667293503774E-0005
   1.55152321655145204037670892460824653E-0005
