   116.078597999999999999999999999999998      
   116.079378377743185291113986467390421      
   116.079451869258169254508340157569752      
   116.079532281783935243389437815013514      
   116.079620267101716171045271713219968      
   116.079716538373775692871608488171870      
   116.079821875923922809597485353898380      
   116.079937133562402292716975683486954      
   116.080063245506427135249934319536564      
   116.080201233952447188911800045040581      
   116.080352217361530776212293626744854      
   116.080517419525016181097831803754243      
   116.080698179483914375046263154972153      
   116.080895962382464389675086653285303      
   116.081112371343814492219886710506521      
   116.081349160464087129224900396380580      
   116.081608249030150628724628388467036      
   116.081891737076339368362608539263728      
   116.082201922406216922145174599941227      
   116.082541319217351558940497629789779      
   116.082912678480066632719126801187066      
   116.083319010235345193602709188110200      
   116.083763607992623793785329909371947      
   116.084250075425231049114912535428486      
   116.084782355579850005407999006220764      
   116.085364762836760700526522708705353      
   116.086002017879915676782938744822077      
   116.086699285960297305843224414914668      
   116.087462218762699381859133728739599      
   116.088297000215282882176167739501872      
   116.089210396613213828660110768491317      
   116.090209811462658841313355201625085      
   116.091303345489674688684785462345047      
   116.092499862300392027634595639175739      
   116.093809060224699914743959075103042      
   116.095241550925757845329819374998413      
   116.096808945412502281150009499809425      
   116.098523948152319370044730596823368      
   116.100400460046711206533158724823658      
   116.102453691104621701568534625656488      
   116.104700283726692208761186919974692      
   116.107158447599723616331158540796003      
   116.109848107294727782370123718346206      
   116.112791063764919740303891588158897      
   116.116011171052667640133986638821659      
   116.119534529637693126128118534866657      
   116.123389697993699990771134713596912      
   116.127607924068196795290984863322161      
   116.132223398561765977681867739792042      
   116.137273532059726706354671390925485      
   116.142799258262473575063796661272483      
   116.148845365772315242117045706445316      
   116.155460861126100941249312659180881      
   116.162699366016184555778964278714362      
   116.170619551919388457140994807036069      
   116.179285615656838690451815585962845      
   116.188767799739306997642502247631316      
   116.199142961715702704963309738246813      
   116.210495197139551012635695421838101      
   116.222916521202893149789800876771965      
   116.236507614562570825682046616842382      
   116.251378639404166787624613241059668      
   116.267650132358182438609295003307523      
   116.285453981505956890865465123843835      
   116.304934495394418622037594902649777      
   116.326249572724535638886628802857122      
   116.349571982194337593415579698510197      
   116.375090762870237761892950440377804      
   116.403012756437321192569188315702016      
   116.433564283748206196806508749497644      
   116.466992979259693967921803616396705      
   116.503569798226175680470029905259118      
   116.543591212919040960923302265689665      
   116.587381615673476010556990633225139      
   116.635295948240472651657854478602611      
   116.687722578756179434514613242019150      
   116.745086449647780626753195709317767      
   116.807852521991156527913232617069410      
   116.876529544238459268704043170092144      
   116.951674175862908541229428477566618      
   117.033895499344882221824868477444379      
   117.123859957071065166172760992609596      
   117.222296753162539067060367831735128      
   117.330003764016163373176807868199973      
   117.447854005466957065942640625084884      
   117.576802708990865345454539582452675      
   117.717895064303853221906576746794086      
   117.872274691114722762594579303719177      
   118.041192908699183630754991517780816      
   118.226018878429421969789957718276996      
   118.428250701469126396080319495146981      
   118.649527561585993843547620903539520      
   118.891643011504905312798202787703885      
   119.156559510493895000889807947281545      
   119.446424331016864876810294200495253      
   119.763586963383924799641958037498613      
   120.110618159472211556999813737339767      
   120.490330769875475118416720886167020      
   120.905802543377301632461429375175596      
   121.360401073548396055733998255941828      
