   18.7786855331590000848092430367807878      
   13.2955293881793539121888316345246866      
   10.8593957174084198542789643569662538      
   9.40546479495418595727676832983433362      
   8.41248914885994748400292671437239132      
   7.67903097483708175603795200884480866      
   7.10863432035509042184695171224914275      
   6.64855869578812866167239665163681949      
   6.26721510980999802776404346830325118      
   5.94437717544258098282368627419496424      
   5.66641457006802832750935506418407077      
   5.42376260108882272073505686727738455      
   5.20948529417724606370755434726723840      
   5.01841409640269277330593360640559976      
   4.84660813420238869127709551618368603      
   4.69100313967664463419346727583396484      
   4.54917573816587628278852719269383978      
   4.41918079824789826053092817092831135      
   4.29943648113010449121999492530669638      
   4.18864126861299405279018005101608421      
   4.08571294048043969408107332559128731      
   3.98974293951847042452300790407119065      
   3.89996173367346514889023122755164317      
   3.81571217741434888493216508672669374      
   3.73642878656275417985112324715704414      
   3.66162144955742511976179169581709153      
   3.59086251135299453308784137062471581      
   3.52377645150607779250744212648621691      
   3.46003157788968005273684616918604150      
   3.39933330019140803667802812923427318      
   3.34141865054079609610088915338893213      
   3.28605179463488483293610105744524664      
   3.23302033348073015315992671865055789      
   3.18213223889953943461584974647037347      
   3.13321329892234220271957269390880306      
   3.08610497481780916872493820720430329      
   3.04066259152611128856081318397544876      
   2.99675379906297717831577508580307494      
   2.95425725498518092660544110717295706      
   2.91306148795890284452333738090049932      
   2.87306391042714802913199920046738577      
   2.83416995469658866709740604982494909      
   2.79629231183527623593590310793373412      
   2.75935025679174539931710000159022810      
   2.72326904638987858918343262555297303      
   2.68797937936527612741278193221268999      
   2.65341690966388053607682784523997569      
   2.61952180582309345055440563825271636      
   2.58623835049902009236881948061373867      
   2.55351457522108523427392890922885439      
   2.52130192622953051811273491004989795      
   2.48955495786031377762725001444809132      
   2.45823105043959890887545149210042379      
   2.42729015001980652037592023501508307      
   2.39669452758480278208953673534316982      
   2.36640855560987744802578724982319521      
   2.33639850001778791876335043749466293      
   2.30663232573485757738135183244365541      
   2.27707951418133298132056686567846122      
   2.24771089107304617759922203264239390      
   2.21849846301866447400410980295150141      
   2.18941526140949473571988786576713554      
   2.16043519212925719431233219928606911      
   2.13153288961113463665478691213391818      
   2.10268357372390894022995117977367091      
   2.07386290795055048863877501330374361      
   2.04504685719745805932672777873805372      
   2.01621154349660865684241415222628530      
   1.98733309765845840160379600880393762      
   1.95838750476071155468195380901493991      
   1.92935044103933776596412802415579324      
   1.90019709942167069835750562217985547      
   1.87090200045471438539139943783285756      
   1.84143878479717594157768199259000738      
   1.81177998271196970010406757720415824      
   1.78189675495114618393614272817689310      
   1.75175859824655873077191495182136191      
