   5.75680188116313107596348891236242931      
   5.75669440201721261165053175525980183      
   5.75651536431633446718887254589921454      
   5.75626505341601894097934050083008822      
   5.75594387602154089333972677275262025      
   5.75555245121749112456577562206831530      
   5.75509221071388665049499442010478381      
   5.75456722098660535966607380016446659      
   5.75398726083551817121135876018758588      
   5.75337108206317861107422409012434286      
   5.75274858708506242903333064256308399      
   5.75216138064079347653131143442705847      
   5.75166196632063920102015008300371169      
   5.75131224639607529961467122090904877      
   5.75118192497232298672577063399402302      
   5.75134712521085186716540043729960115      
   5.75188923629825365936966834446847942      
   5.75289383320287766208250317191179739      
   5.75444948374864460577699530766083060      
   5.75664632835757308529455686863041037      
   5.75957442464561447736655630026089855      
   5.76332194178167691092334495903562544      
   5.76797334244833817425871366876155030      
   5.77360769977882736623619415559329081      
   5.78029727278249520261360170201228321      
   5.78810642138975777628174147919015475      
   5.79709089540280955707502239144835836      
   5.80729749014778393584206230892421090      
   5.81876403085266148134246021682044887      
   5.83151962899094538003396475621453449      
   5.84558514600862835554421536632210993      
   5.86097380032595983965367833084978542      
   5.87769185965663627630227663708765389      
   5.89573936987954739260360166912372506      
   5.91511088197234125926598646119989465      
   5.93579614857576264463954318645743204      
   5.95778077068578699906638024328307484      
   5.98104678248144951557878624181642770      
   6.00557316820365801366226038289992605      
   6.03133630943881251363080774570044784      
   6.05831036428848399841832433581621009      
   6.08646758197316147972758939187577155      
   6.11577855760488680756258357978803705      
   6.14621243237981181730882374101222946      
   6.17773704448270336739992652212482527      
   6.21031903567435333762300725770812871      
   6.24392391788467938612987348275818885      
   6.27851610336664508229165570980633614      
   6.31405890096670791300559566864912151      
   6.35051447993410084431461826381288385      
   6.38784380137974566750580585449208037      
   6.42600651597226174077318012804219487      
   6.46496082460160492070736227535359941      
   6.50466329650320124420309701210136466      
   6.54506863644967777093817526062885122      
   6.58612938883675765886300867888539928      
   6.62779556143508785826789321095880900      
   6.67001414452301267083184493006606952      
   6.71272849118923221800861458099437437      
   6.75587751008578176115399149534385017      
   6.79939460047364762129734064400389523      
   6.84320622648523599408953290120153575      
   6.88722997605805165769808713758655092      
   6.93137186627596670915886329089296088      
   6.97552251624782320400518285808321753      
   7.01955156156018105546629270569067402      
   7.06329922875715014252889492179854750      
   7.10656309817002086892525501782280996      
   7.14907622873649610383188398667881504      
   7.19046867167657361350276482618212303      
   7.23019444791573502712281938247932103      
   7.26738060267413206454539210247344702      
   7.30048564986997514831658358204820511      
   7.32643715816968883398441932557337449      
   7.33788455467222424524366857394656241      
   7.30744882303235338395446562003593546      
   7.72440276536850232631822496707649546      
   7.98459508958224467233043650754532784      
   8.13495085580980521607098154756408293      
   8.26394185054379814134147337064976398      
   8.38740659574162720329001259142634904      
   8.51166716801293242435326158010770364      
   8.63982292494501463912935791843432505      
   8.77327513604134206190667144070137668      
   8.91206320543704797477459880582475071      
   9.05477683044552195090929821288053685      
   9.19842411063970484882733622615506541      
   9.33845046927451328821079266045233988      
   9.46889029667573392591381217795965037      
   9.58244281766110697297716122815501814      
   9.66987815811989964509857994608738429      
   9.71424501451149920867755314591768950      
   9.70491229927234285489076622329349022      
   9.69557244620222185299646777810034471      
   9.68645128794695684364926976756786090      
   9.67752893337662266454445205814421054      
   9.66878694922679767334099990400667328      
   9.66020826651446955059554035567365941      
   9.65177709265018151318828726028083002      
   9.64347882888472173388406224715578706      
   9.63529999279322850937321254760609910      
   9.62722814542318529070635407887893413      
   9.61925182288781243471980708981198224      
   9.61136047210142815451691952240663546      
   9.60354439042510226274364719820724187      
   9.59579466898364460169747101991122618      
   9.58810313944246418241758668098991988      
   9.58046232404052127502999142168334006      
   9.57286538869391252851789526750082740      
   9.56530609897521714064433800157315916      
   9.55777877883860213153393885863079312      
   9.55027827188595259763852314167929619      
   9.54279990505999628025362132631007513      
   9.53533945460762940920128210496674674      
   9.52789311417703623046696730124514922      
   9.52045746495823506189846252539652148      
   9.51302944770116641684134782856310422      
   9.50560633653020338784120458413439948      
   9.49818571444314667581263483027823585      
   9.49076545039128133953035928237574382      
   9.48334367785257821036678362211649393      
   9.47591877480336443537786009673355187      
   9.46848934500928123657029372994296779      
   9.46105420055085763781441548092829347      
   9.45361234551557977590456200101968565      
   9.44616296077659548840672381245831473      
   9.43870538980137836054677607523051226      
   9.43123912541558826422241642683474350      
   9.42376379747477784648722156748515424      
   9.41627916137600479611200204149757953      
   9.40878508736389483500195296326397362      
   9.40128155057819710247810752183622375      
   9.39376862179657685657254211535762210      
   9.38624645882520881801718118462256865      
   9.37871529849976317733749294603258526      
   9.37117544925613324577843752566476902      
   9.36362728422839317005731472906215461      
   9.35607123484823109693683348859367046      
   9.34850778490551552475005623843049333      
   9.34093746504457649493426646172640995      
