   50.2219792838957911240958307739378823      
   48.3421149956274441110691508568565887      
   46.3267747961352998203833085996007302      
   44.1378933343185546302565668887735907      
   41.7139703154485148520781914707926391      
   38.9462266411985611588379544318183674      
   35.6217906581592536740567777023111048      
   31.3369023900197833147715906626833717      
   25.3474960591076724093314166437078848      
   13.3113667275053234507719126555089973      
   1.30231924490729429266397955150041234E-0004
   1.16893242502731917456114504424141336E-0004
   1.17200400794479764295278235243557487E-0004
   1.07415003441360095926866166865501170E-0004
   9.38868650066406994562634974386110877E-0005
   8.32743816937662024525953126658299512E-0005
   8.60034823708294337398868796154767197E-0005
   9.17836877723681024939366017797654712E-0005
   8.87440487323364418933988621633973471E-0005
   8.77491809742088420038645189893306655E-0005
   8.99366864122179689720524258132551641E-0005
   9.47333481385489299050974810875095469E-0005
   7.46672815915760139603254566248150584E-0005
   6.30307000950350023653551900295133228E-0005
   5.32760204935477415999672885289694311E-0005
   1.96571873078333366075144399865018113E-0005
   1.55193042076673909203020815858076631E-0005
   1.55191340856957540839477402528521092E-0005
   1.55189569858524935068116911371066113E-0005
   1.55187763287648555851047758516027568E-0005
   1.55185949712805376663709506147701921E-0005
   1.55184152241893764274865993999429803E-0005
   1.55182388952307566679378506829690026E-0005
   1.55180673469220323990514256399436103E-0005
   1.55179015606877141306858869722978073E-0005
   1.55177422010342720277718377396964257E-0005
   1.55175896756537008545050799139196124E-0005
   1.55174441891126567926185816057859124E-0005
   1.55173057891157385800734033407975360E-0005
   1.55171744052438393681548793659158753E-0005
   1.55170498806328210725581438382643263E-0005
   1.55169319973596196347393592895232875E-0005
   1.55168204964223717057195065814571451E-0005
   1.55167150932040070794362607142862897E-0005
   1.55166154892443164299837336952145296E-0005
   1.55165213810480822926591966833273933E-0005
   1.55164324665487281302832912028581234E-0005
   1.55163484497413379795839568052212135E-0005
   1.55162690439029251740138729900020116E-0005
   1.55161939737345075742316137188874553E-0005
   1.55161229766894829922534314159898046E-0005
   1.55160558036952269757351607917792017E-0005
   1.55159922194283543772073788276871468E-0005
   1.55159320022670530162732732844411711E-0005
   1.55158749440147148179125125481201684E-0005
   1.55158208494662635260000456233551086E-0005
   1.55157695358709137244858466673335985E-0005
   1.55157208323313773342218040742948007E-0005
   1.55156745791691293847847278232586210E-0005
   1.55156306272772913328092683940999001E-0005
   1.55155888374766322048756402916412141E-0005
   1.55155490798855904996232492601179773E-0005
   1.55155112333117448555396552754199735E-0005
   1.55154751846696045560197978054655780E-0005
   1.55154408284276415632148595718961555E-0005
   1.55154080660860956844070620300485792E-0005
   1.55153768056860502709144889275566503E-0005
   1.55153469613495456054762909647708331E-0005
   1.55153184528499824078212786778151840E-0005
   1.55152912052117191330925621587439536E-0005
