   1.19688584261912355221258763228136773      
   1.17098270881593612491526202256548677      
   1.14533984893964085401866500592349672      
   1.12005435680892760607447861894222083      
   1.09525462601804678698817247645086043      
   1.07112367470855518910193121691877502      
   1.04797090728255353107767099971733467      
   1.02675688333856087281390993099680068      
   1.01121808566707511478289389305027775      
   1.02421743840934553073368571922455386      
  0.872645858456998659999545612352179245      
  0.842942175953832897512777002219571524      
  0.816280860471966768895298950747837394      
  0.785994798548145007082935986703950196      
  0.750591316545627460266640647204740072      
  0.709885617519103957875647038011100762      
  0.664153059743100022523180380680848138      
  0.613989351110433493864943428572982241      
  0.560541796255324110064821656282421211      
  0.505810450271581592607837204390853445      
  0.452571969575686435143939521737803606      
  0.403853076418404636810602978444291580      
  0.362350458710211376365117494882943883      
  0.330178480551786210997375328754262079      
  0.309129587783182503174579583803699216      
  0.302530918979635423513507350677400555      
  0.310899855318651494338268303477522775      
  0.319169125779983926881113089214293392      
  0.327308441584230574022030732909146889      
  0.335319433121948242613512728823686644      
  0.343203741639601094179140229577238230      
  0.350963015571912227451344472400001185      
  0.358598907437302665730493300479021279      
  0.366113071222694794523030756325490446      
  0.373507160191045312438662138999247927      
  0.380782825052772392638504665350526242      
  0.387941712448074430593959515134030352      
  0.394985463693444862149599209615980873      
  0.401915713751351332097896262665530099      
  0.408734090386638251706849764667787715      
  0.415442213478001127847174689308258533      
  0.422041694456795237709066652702691786      
  0.428534135849492904210402952158768075      
  0.434921130902717307803253163331792080      
  0.441204263273882662068264488359378289      
  0.447385106771611406587979231703972121      
  0.453465225134197345244567639362921409      
  0.459446171834864132623403915946722356      
  0.465329489905352430675853160531701746      
  0.471116711770831293532109821056154397      
  0.476809359090393712752336098809520196      
  0.482408942598626944991164287565738846      
  0.487916961944991158760220552276148719      
  0.493334905528106768240595971913814993      
  0.498664250324588744391582808936010967      
  0.503906461707397629883279585310169654      
  0.509062993261863680346676369362221992      
  0.514135286587224247772933073152097191      
  0.519124771094319266210930919049650531      
  0.524032863795067218868444465518394537      
  0.528860969085394400053613093556507442      
  0.533610478524656212194671390899355188      
  0.538282770607215286021604891917190110      
  0.542879210535473359688595785135305858      
  0.547401149988871352204070841589418764      
  0.551849926893472786708997244463629515      
  0.556226865192476612125722611340143489      
  0.560533274619397587045700664410452794      
  0.564770450475025680900716373188291580      
  0.568939673409010428718152807349076450      
