   84.7290503831216973642201309025508515      
   84.7260941869651993494979471084698427      
   84.7211561688949210725091270895825487      
   84.7142273681850039750996550541565137      
   84.7052985611533863991341428119389275      
   84.6943607652305857770816848776924964      
   84.6814057043181626048282830522987098      
   84.6664262299223460364524391671640736      
   84.6494166871438583346768405910299251      
   84.6303732128444769850567412759400080      
   84.6092939459625258499791529465897595      
   84.5861790988142740783414191772198153      
   84.5610307766307059910818124771480999      
   84.5338523470194828640303978270797150      
   84.5046470891234183648821137205343972      
   84.4734158454319528731266026054201516      
   84.4401534880587264513526545287554101      
   84.4048441832856406903222373659824700      
   84.3674556403529628037191167293735193      
   84.3279327090882986252147851362952830      
   84.2861908048880988887829226825960082      
   84.2421096767832214541018160124586243      
   84.1955279965710979339594717005066763      
   84.1462391579121428295204596440024282      
   84.0939885496106194356901993183545589      
   84.0384724319174677452319763559364346      
   83.9793384149600442835604428819464494      
   83.9161874259740000104434446051686296      
   83.8485769687278740533781562088096809      
   83.7760254204452202159828532153745259      
   83.6980170855008167439071057271387625      
   83.6140077218251417677767887770542163      
   83.5234302719180858557401316208650576      
   83.4257005611716488485796388929986849      
   83.3202227639363811163117130630783366      
   83.2063944796327084967811664111979445      
   83.0836113027073364012309891195672229      
   82.9512708091738860440006052564387280      
   82.8087759159326944847063896445473465      
   82.6555375982748682825910993573602477      
   82.4909769740942226167177620834997133      
