   2.63832749831767334627303024877432574      
   2.63841925767092640733995819541989510      
   2.63857210103611414717227677521753813      
   2.63878583738208172650016262477923094      
   2.63906019958987120129969854656509494      
   2.63939484330853010687297975067969314      
   2.63978934763398027827699831950754435      
   2.64024321803910547808832165533433065      
   2.64075589151620395768502430830924841      
   2.64132674343189983780007121341071096      
   2.64195509492469755038338345336506263      
   2.64264021837385738871260693720146234      
   2.64338133672447968496239546467556647      
   2.64417761074623037822049134651882931      
   2.64502810719140735141740877035987348      
   2.64593174061846862316870824267681175      
   2.64688718269226222785935490999052600      
   2.64789273553961110822782226112423721      
   2.64894617025450219151915715952661091      
   2.65004453737809452519909351345295866      
   2.65118396179358567952653065691241859      
   2.65235943862699505788245338093551071      
   2.65356464832076633009679741062115623      
   2.65479180796420872003159842789550562      
   2.65603157246701151248688905216165315      
   2.65727299421061430378782625058259086      
   2.65850354433885224431230555700765083      
   2.65970919366708565277371878474694176      
   2.66087454701349287768213468391799836      
   2.66198302169370424131338153019211739      
   2.66301705925889319510360992445632379      
   2.66395835901068171026979605064831338      
   2.66478812222384675191705446824775019      
   2.66548729712191954296971082191036155      
   2.66603681615224122017772391719492173      
   2.66641781882760064097381674475866935      
   2.66661185514185394283405435141517003      
   2.66660106621428849348826210180964948      
   2.66636834025567727054137376504531207      
   2.66589744319743050874683236700345420      
   2.66517312432428763526899652082032447      
