   73.3082562938542060273165712301629992      
   72.7734227968200596531864609797330229      
   72.2209844209114774574632039814409418      
   71.6510836377499636212790768762273119      
   71.0638513833193495559179371288350710      
   70.4594027149976897708868754569099717      
   69.8378324844970344004538501521650855      
   69.1992109915326480511593443283249742      
   68.5435795759233883313891268729981319      
   67.8709460979814395591989106112671837      
   67.1812802481616185737154045914283956      
   66.4745086166236460509947056166542442      
   65.7505094411252034542624230231072361      
   65.0091069369017183019645064254776765      
   64.2500650941040136213952203892084013      
   63.4730808059250269137756485115076958      
   62.6777761624200565311620401306311794      
   61.8636897094132301032626170829537901      
   61.0302664263909845774564157293817439      
   60.1768461186802332739157768596131577      
   59.3026498430299577855163480504408895      
   58.4067638858210855904767451480673093      
   57.4881206808625795198871858116653193      
   56.5454758768455257651511656568186758      
   55.5773805253882129025821906112316189      
   54.5821470334753807979582551397042525      
   53.5578070709079746277879820974330717      
   52.5020589868108131516082127145471077      
   51.4122013815352693836898366475735410      
   50.2850481643666166569086493803629362      
   49.1168184847274383879387401853494787      
   47.9029919982644690905506516297009738      
   46.6381154210824827637885853841934678      
   45.3155392025125625920926579133697231      
   43.9270515632066693509381985171540448      
   42.4623576676319048129809901535573856      
   40.9083176320008191010378474243523430      
   39.2477945830549887783498246808695517      
   37.4578424707462355084659679547758021      
   35.5067090530382751303072721923188866      
   33.3485456080751831554853709250798381      
   30.9132076072510705489023991933239037      
   28.0840126058329035456761641368319410      
   24.6397231694891498036517881460189642      
   20.0519743236500939913676281015737900      
   12.0621768032692855212589050050740454      
   2.94903375364234018737232211700533512E-0004
   1.20006446089183820771381650679351853E-0004
   9.70961724762510050696891950220799799E-0005
   8.40947434854007015507200704851763504E-0005
   7.23538948724324065767347831422777633E-0005
   6.13415289194398537722883761185900999E-0005
   6.09509080277337268876162190831490225E-0005
   7.64024106494211524008501442793710643E-0005
   8.97803984399986512471647670766030707E-0005
   8.25731098108408923914886361189845799E-0005
   6.79745772429560291796316963412996473E-0005
   5.96129710043379240226836133509510607E-0005
   5.43568542980393316797580940126134151E-0005
   4.92621842284790400972043232920519405E-0005
   4.36655981194356668468535920264730033E-0005
   1.55771263964955751771907501532616403E-0005
   1.55660404671875756510318103441699195E-0005
   1.55573944765917944281126716399836433E-0005
   1.55505639153765399587481294831875173E-0005
   1.55451033425057034771544434487946020E-0005
   1.55406901905718272254512211532738824E-0005
   1.55370875733094819957272622121039624E-0005
   1.55341192469436087279018193242769588E-0005
   1.55316524864445887536569917224911574E-0005
