   217.437742816761658605626925561000380      
   216.405857400524489846248949184590792      
   215.331284724692239625879621738267263      
   214.212949122071856462183140943289961      
   213.049723303550000877276255747539436      
   211.840419538277369312104444110628953      
   210.583780181659210782089231712597093      
   209.278467464251102389496706073291375      
   207.923052430025925856141869936244978      
   206.516002884444798433540485954839886      
   205.055670180396371085123555517999459      
   203.540274632152820238677887751636032      
   201.967889302423512318999850914674990      
   200.336421853307204922107395978488560      
   198.643594085727670728213385274851218      
   196.886918710226449554538843262255823      
   195.063672790110244126889568361740744      
   193.170867169648964216662466726359742      
   191.205211036915723520506666251744851      
   189.163070561597390003447653456386087      
   187.040420277103773082566020992790322      
   184.832785522009709573461379537701572      
   182.535173788051287698570356592447638      
   180.141992197702382303103198446062721      
   177.646947492226554871400603565686836      
   175.042923761219314775185610463209764      
   172.321831554306954138373930174693380      
   169.474419785218900968429216592729590      
   166.490038662471262148658018052646029      
   163.356337282923933871156650769110526      
   160.058872745213537437002344967129398      
   156.580597441534828812148874764961938      
   152.901175494627288634059416502772301      
   148.996054545656983393276858538903240      
   144.835178884878473126112542447921791      
   140.381162398073688300036851429966390      
   135.586621909939297821003877619209881      
   130.390155734226534418364012678721690      
   124.710033773626990389208053411721935      
   118.433792800763791362086880216393678      
   111.399935020433135407224806603556475      
   103.362799556791516242304314374314021      
   93.9163702072873878046532942930759414      
   82.2967570065427285059765903741925810      
   66.6972501449865790911914227958752954      
   39.5103123760628914542470132922462166      
   1.04351585640061151617922170660508655E-0003
   4.34228142818159333115533420544569953E-0004
   3.56676415576413010097499540067435391E-0004
   3.12849645133509711131909320617961306E-0004
   2.72258453174490170580175612116518030E-0004
   2.33289316525222845837366718613656511E-0004
   2.34159194818373034223003951667003596E-0004
   2.96381779417935539474509933696297297E-0004
   3.51549583597075973339170426870379375E-0004
   3.26253966698727207078738884474836904E-0004
   2.70902835337266494028194679738120812E-0004
   2.39532325234986862097005096141056931E-0004
   2.20085052934838331389848637218059969E-0004
   2.00838102275903963965189170446683948E-0004
   1.79074826447437151838427404272457128E-0004
   6.41460886845919201032500781790184149E-0005
   6.42839106365721140330939697686149980E-0005
   6.44281842982038157939109883334016309E-0005
   6.45763645034788989172941705836613117E-0005
   6.47266251169220918209677866832250039E-0005
   6.48776354589653541676978015265623555E-0005
   6.50284120829875442368537958207708343E-0005
   6.51782188128369677020172117273988850E-0005
   6.53264982506408657782238764896308389E-0005
