 0.10178975215341E-01
 0.10229424111634E-01
 0.10282048374810E-01
 0.10336882462316E-01
 0.10393964454685E-01
 0.10453336659453E-01
 0.10515046259382E-01
 0.10579146015642E-01
 0.10645695038335E-01
 0.10714759638970E-01
 0.10786414282106E-01
 0.10860742656731E-01
 0.10937838892051E-01
 0.11017808947518E-01
 0.11100772213491E-01
 0.11186863367201E-01
 0.11276234539314E-01
 0.11369057860085E-01
 0.11465528471865E-01
 0.11565868117999E-01
 0.11670329448942E-01
 0.11779201227443E-01
 0.11892814670009E-01
 0.12011551237281E-01
 0.12135852290090E-01
 0.12266231173463E-01
 0.12403288497289E-01
 0.12547731679537E-01
 0.12700400253352E-01
 0.12862299088998E-01
 0.13034642671058E-01
 0.13218915112774E-01
 0.13416953052453E-01
 0.13631062625758E-01
 0.13864188581788E-01
 0.14120165721346E-01
 0.14404105108934E-01
 0.14723010610597E-01
 0.15086809981233E-01
 0.15510181438123E-01
 0.16016036555146E-01
 0.16642843990692E-01
 0.17462280944100E-01
 0.18631379739004E-01
 0.20610394540333E-01
 0.26370539971602E-01
 0.57630964788524E+01
 0.12186648004983E+02
 0.17965227918326E+02
 0.23448888773021E+02
 0.28770614665910E+02
 0.34005949371367E+02
 0.39208920077482E+02
 0.44423082486099E+02
 0.49683047178496E+02
 0.55011150843607E+02
 0.60412489512642E+02
 0.65870856745618E+02
 0.71346214783270E+02
 0.76771272013751E+02
 0.82037477865644E+02
 0.86867267166874E+02
 0.91326744956359E+02
 0.95739892347116E+02
 0.10010447987261E+03
 0.10441892413728E+03
 0.10868217415358E+03
 0.11289360617748E+03
 0.11705293102994E+03
 0.12116011528703E+03
