   4.39995945076957844438658331467584026      
   4.33400828199730534057542845422804489      
   4.26890277575218397677074926265422878      
   4.20459014958832049320668764518991583      
   4.14102036929849773988836625677391821      
   4.07814569628366519535669787982933463      
   4.01592026734862073270627898083113586      
   3.95429970144147224154290175530504967      
   3.89324072805249695767253571661101694      
   3.83270083208767591981016502523940661      
   3.77263791002802252167446727545041134      
   3.71300993206926613237486060315865931      
   3.65377460469179013546363550867423981      
   3.59488902771652832969015851740412804      
   3.53630933932758085198211439645285053      
   3.47799034174440109362255199199278305      
   3.41988509914828054190016096778838284      
   3.36194449803120301945188711267938292      
   3.30411675823345396873494396479301704      
   3.24634688042339005418323679381059218      
   3.18857601244688302971654407305840383      
   3.13074071255230810305426588804794147      
   3.07277208158212581945573026665247621      
   3.01459472824436399407631941523335222      
   2.95612552071771295027195981688099394      
   2.89727206289375329156444534767263533      
   2.83793081272770156018516786190822799      
   2.77798473074026856929597495655844353      
   2.71730030450517368786962441595057789      
   2.65572373340112588906901318121296454      
   2.59307596644739686623583394262229118      
   2.52914614734086362697732790315239343      
   2.46368280555233632768134333610997255      
   2.39638178948031286207530336604074025      
   2.32686937518329967733397857465014764      
   2.25467802937316435438618827915768795      
   2.17921061806442067053617553009090567      
   2.09968572388062580788106147824275615      
   2.01505058338796546119305828285173250      
   1.92383513969475537309237986666720224      
   1.82389049559003141643501992564588200      
   1.71187618237060113352325385923941954      
   1.58212091705678940061995783883549758      
   1.42358210362618028841948684096544698      
   1.20886771557622183586784702255430737      
  0.811596237820303033610330608577669520      
   5.76309648189997316125133686987590585      
   12.1866480055086967090043343768265057      
   17.9652279186812778573848440743876040      
   23.4488887732941882523404657690090085      
   28.7706146661173597239472479314087726      
   34.0059493715195653147894236966117801      
   39.2089200776353900415169435581653486      
   44.4230824863445895647926763206060897      
   49.6830471788417735605277118358728607      
   55.0111508439061424828258693963071752      
   60.4124895128492507282502681505161420      
   65.8708567457815706335462525297570525      
   71.3462147834091215108029996971882014      
   76.7712720138675090771694959687176902      
   82.0374778657373661784023409556014131      
   86.8672671668858001782006876981264417      
   91.3267449563706276952096164557240805      
   95.7398923471276251641426285224319232      
   100.104479872621765488780723523810186      
   104.418924137287547134996758580334024      
   108.682174153591752473800615109753789      
   112.893606177490665943687996236505932      
   117.052931029954479403503653925563669      
   121.160115287046342869778063661337238      
