 0.41670323414581E-02
 0.47123711035085E-02
 0.53257218156621E-02
 0.60161844204473E-02
 0.67940154489146E-02
 0.76707523781633E-02
 0.86593622487155E-02
 0.97744221201214E-02
 0.11032334597824E-01
 0.12451566327298E-01
 0.14052925208746E-01
 0.15859867672259E-01
 0.17898847124902E-01
 0.20199703818653E-01
 0.22796104462884E-01
 0.25726037203389E-01
 0.29032369258158E-01
 0.32763474478278E-01
 0.36973943768706E-01
 0.41725384351996E-01
 0.47087322586113E-01
 0.53138223224101E-01
 0.59966639398034E-01
 0.67672510703365E-01
 0.76368628657780E-01
 0.86182291278848E-01
 0.97257170467637E-01
 0.10975542065746E+00
 0.12386005947969E+00
 0.13977765578154E+00
 0.15774136487161E+00
 0.17801435614135E+00
 0.20089368389683E+00
 0.22671465926558E+00
 0.25585578834173E+00
 0.28874435050175E+00
 0.32586270060056E+00
 0.36775538978345E+00
 0.41503721241178E+00
 0.46840230085554E+00
 0.52863440634236E+00
 0.59661852270558E+00
 0.67335403113210E+00
 0.75996956837955E+00
 0.85773984873981E+00
 0.96810470193182E+00
 0.10926906257125E+01
 0.12333351940909E+01
 0.13921147105414E+01
 0.15713755516270E+01
 0.17737697112958E+01
 0.20022951313667E+01
 0.22603414912938E+01
 0.25517422324574E+01
 0.28808337117229E+01
 0.32525225190715E+01
 0.36723621585689E+01
 0.41466404851729E+01
 0.46824795167049E+01
 0.52879495055847E+01
 0.59721994625865E+01
 0.67456066758445E+01
 0.76199481564154E+01
 0.86085973457715E+01
 0.97267497913476E+01
 0.10991681735652E+02
 0.12423045498808E+02
 0.14043204888761E+02
 0.15877612266793E+02
 0.17955225889847E+02
 0.20308961382943E+02
 0.22976164588121E+02
 0.25999084986041E+02
 0.29425320157252E+02
 0.33308192643584E+02
 0.37707009120397E+02
 0.42687133181344E+02
 0.48319778751000E+02
 0.54681434869100E+02
 0.61852940937919E+02
 0.69918492462358E+02
 0.78965190732250E+02
 0.89084008400439E+02
 0.10037316925369E+03
 0.11294494833450E+03
 0.12693672995912E+03
 0.14252663648790E+03
 0.15995285962084E+03
 0.17953344713912E+03
 0.20167855018347E+03
 0.22687738802640E+03
 0.25562250343626E+03
 0.28820326107772E+03
 0.32430969210015E+03
 0.36262655644021E+03
 0.40106238946791E+03
 0.43797196583116E+03
 0.47336125104610E+03
 0.50883019513761E+03
 0.54655418572147E+03
