   9.60330081621338363354951209732082295E-0003
   1.06875047019672614560334976328516289E-0002
   1.19372417481689389661704510595914419E-0002
   1.33714103709392123772466094699235215E-0002
   1.50108922688717733994672331530410290E-0002
   1.68789454557605120345232837869470131E-0002
   1.90017309764776288308017138344812857E-0002
   2.14089144277059241976380094187308465E-0002
   2.41342894952219828270322642736296324E-0002
   2.72164331909229763258615379218273608E-0002
   3.06993450653816401891009025427453635E-0002
   3.46331224012349934076407506034052292E-0002
   3.90746771193216005851763849266148361E-0002
   4.40885377090376565680410978816188867E-0002
   4.97477542612591738653329756551500361E-0002
   5.61349312034769832761265454313504602E-0002
   6.33434070511825533252474213231962264E-0002
   7.14786025129644425264840875595051969E-0002
   8.06595452172050399794326965984487110E-0002
   9.10206059685807449996497044973977303E-0002
  0.102713462114993804719203602172622919      
  0.115909317237858973417921969891401423      
  0.130801411389820342763104644412210181      
  0.147607857148512658844753211865803633      
  0.166574842684613276161873236373368069      
  0.187980248702991255660778782572122615      
  0.212137735028376464327065110019065272      
  0.239401354897485439549143559317514745      
  0.270170766950206916241643552196155809      
  0.304897122415906749244433508811909942      
  0.344089715437777749735125852411555581      
  0.388323495923598777940494518978589625      
  0.438247558160552267781695953847473464      
  0.494594732381380027707500616953644489      
  0.558192424344223875225356965202643264      
  0.629974866828414080562967413418991045      
  0.710996968906257251732408089112314885      
  0.802449974086064063751757085383717930      
  0.905679166471103767552914675873721295      
   1.02220389685493671263241888013815527      
   1.15374023745924496324397423825905597      
   1.30222661629441818164985312891835096      
   1.46985283056519812322636154946975838      
   1.65909289380187364607039311232622181      
   1.87274223504159218003961702638982449      
   2.11395984145906666521436187044225886      
   2.38631602015569864072424274989675798      
   2.69384655231945416304643677431002487      
   3.04111412614307948467375189591113384      
   3.43327806685025112394522566334834806      
   3.87617353686834565440282348138746391      
   4.37640156170677805934215320135636354      
   4.94143145418110286481658890775416197      
   5.57971747028103501891138854477591846      
   6.30083184646287389779384326453880158      
   7.11561675722260995023659432014386775      
   8.03635821635270266225881946018737198      
   9.07698555593290763849127076502047262      
   10.2533008932133288849653934839021300      
   11.5832439840012878858341434564036914      
   13.0871991104322143811112659655430545      
   14.7883521973374403193368112255719178      
   16.7131081955861142888266852821709966      
   18.8915808514049513079606340058503377      
   21.3581691693940482298304923974946745      
   24.1522370542221998858040475223695064      
   27.3189149222214202219499213272814800      
   30.9100454090479736786315899972904719      
   34.9853019318735322332899323617064410      
   39.6135224299316453231275762473498200      
   44.8743237751993803516568035187488231      
   50.8600894159834307924765711825863407      
   57.6784244819432674522852958799200489      
   65.4550732131366363993066742607241788      
   74.3369554910769626340603553113238120      
   84.4942527681293425460646081978537140      
   96.1194349045441906283366916214862575      
   109.420477377192017865724857486772931      
   124.606468652818854319229251455169345      
   141.866370067264731071447621619254269      
   161.343486009093884981920276815060852      
   183.107599660376707568812070384050596      
   207.126390373013278481033976167866958      
   233.240922435759072253116814337968748      
   261.155337525538144358595195870647887      
   290.453914851872500382793527629683640      
   320.655686545722376844293009350348848      
   351.306949710274573733475923166741562      
   382.098771910667228945054393946406229      
   412.988812209628309889543718556954646      
   444.315064776408052298724317445068035      
   476.896899371319319131966525828134032      
   511.987184360826753064449212242520789      
   550.513182299258729809671056171283924      
   591.455894805132694706044595885440372      
   631.962282730799573284017389370328555      
   670.915113763254326845445621009610009      
   711.351453280311439629698152476412646      
   758.559492557978531993863379444616104      
   816.935314813312834311469901477039759      
