   2.22738099321254496086522944208519440      
   2.22732765744450366555174128326680205      
   2.22725528980486712364839674553209379      
   2.22715695979795558135301571431080939      
   2.22702312315770996784895040810471255      
   2.22684062837855701963508981093941857      
   2.22659131881256680760491550828537306      
   2.22625021838373444954320641455001551      
   2.22578321722637139630694927878987091      
   2.22514436047974922799143840708935960      
   2.22427311843859061120040306745810643      
   2.22309231291204714165297446812255195      
   2.22150790229720194850266788767719503      
   2.21941201165121776967581479899349809      
   2.21669045519868933142657123146683319      
   2.21323507266940036968298332516063927      
   2.20895940295212090644779117659271031      
   2.20381438032657082722465676880255883      
   2.19779940891117516539581896392306568      
   2.19096491343974165836400461474920676      
   2.18340496993403291467339909087480858      
   2.17524214456172933246911690059258434      
   2.16660918780146208154091561485526725      
   2.15763262674082827536263569995378330      
   2.14842160899405014004714663811934783      
   2.13906288993649198292769635553168952      
   2.12962085054809439229056724408826736      
   2.12014057396824816193586053260420203      
   2.11065210855280765720821573413836902      
   2.10117464726845171528001517135319856      
   2.09171999166630718969701208928849446      
   2.08229513592289768516842146427279453      
   2.07290405681099472843795774452977104      
   2.06354888753742558617231215151595820      
   2.05423065588849299370252455187356742      
   2.04494973352265057460045578102835113      
   2.03570610232611040077574395191118266      
   2.02649950873291642503469555176337260      
   2.01732955124700023977578140727667047      
   2.00819572880094462911038351911700101      
   1.99909746648525033842858253603087283      
   1.99003412826149562653805836132787061      
   1.98100502219113907096719152047970293      
   1.97200940131590215420452124057158356      
   1.96304646192972507775990714694002810      
   1.95411534020719540341350368912222574      
   1.94521510771603701944323006425719392      
   1.93634476608680700371403427900829708      
   1.92750324098612483186008140230233106      
   1.91868937546545179155711513249492003      
   1.90990192272969513307063210259875549      
   1.90113953836597284877645828866304713      
   1.89240077209850048372989887058532904      
   1.88368405918966104220537232137487903      
   1.87498771170782098850651693491342606      
   1.86630991004987631133663154543875964      
   1.85764869537883040369295114539451216      
   1.84900196407128695399089096648209980      
   1.84036746595605474816481504184776940      
   1.83174280919868835630888265497355363      
   1.82312547635433708517690471257032187      
   1.81451285868344120774312077010955739      
   1.80590231975722841475955394229267406      
   1.79729130531735589371585532406243632      
   1.78867752514787064645757067270881039      
   1.78005924536256352600951474658163791      
   1.77143574688545327442691240346981203      
   1.76280802813989754618374727756819401      
   1.75417985524664994866678536537661986      
   1.74555928574608540846295700173718469      
   1.73696080048732249711063338802881270      
   1.72840815445184990804230820436466830      
   1.71993797820317999689211475245345909      
   1.71160400943639415776838247906693773      
   1.70348161119816666713754271366500330      
   1.69567197603558215958319481779709860      
   1.68830517689559214703397059920491796      
   1.68154098434671695469053212768252203      
   1.67556588310313242090267489191774704      
   1.67058359820397721659678383366367266      
   1.66679479059587974188681178695298539      
   1.66436064182932544993181510386424182      
   1.66334632356609680426886296550715308      
   1.66364393946263317026146227217411237      
   1.66487948374784984032218297440553375      
   1.66631451705933685676861543074455228      
   1.66676119225399145477601888508298063      
   1.66453813439303846370135566118044731      
   1.65750057553035819353988697328370296      
   1.64317499205127707595725406832083426      
   1.61901201910163613673324616547144103      
   1.58274395214369869172321843440190037      
   1.53280462663407287442031617711456743      
   1.46875219283713458331656853655384890      
   1.39163597056177091355637602106483880      
   1.30426280494814312896775171048112582      
   1.21132807391651897334424388566165979      
   1.11934829727499746248535081313538389      
   1.03622565626003843864714041442110820      
  0.970100498917170649035663740160887047      
