   44.0742331699863572312459392025748650      
   41.3492602445752069027944252611605518      
   38.0541538283376009428693112165641979      
   33.4709688155598911359344910187585087      
   26.8319592616737848330260945419145558      
   12.9473140061122031515949884873475092      
   1.30206652145262168552692718906249827E-0004
   1.30022814622276796293100406214651735E-0004
   1.31661210168216591083028742967297201E-0004
   1.26795623174614372792993712416804574E-0004
   1.12644555399682296569094241984002148E-0004
   9.65552486673483076583201630604183029E-0005
   9.19088907424900339861057843826508497E-0005
   9.11272567682076253698676151016037806E-0005
   9.21102839872964466152586953402618584E-0005
   9.17470693908688074353987541288851403E-0005
   9.03333018131014087134198627987593668E-0005
   9.55038916161184128827868522155517288E-0005
   8.41417576480191320078269876188221526E-0005
   6.84371126629785768794612545512300238E-0005
   5.74982571722678286159582369589705037E-0005
   4.40692148838501787483869698080498623E-0005
   1.55165505244136292797200282620860949E-0005
   1.55165790173623962478420780403484631E-0005
   1.55165935745487203295840396646496538E-0005
   1.55165956534559005247477191123959014E-0005
   1.55165868044175167995105760100971801E-0005
   1.55165685882372282474442987372090369E-0005
   1.55165425120527208687912377470987425E-0005
   1.55165099839106743677445783330312962E-0005
   1.55164722843918887609400142024670526E-0005
   1.55164305524196626927384320441905020E-0005
   1.55163857819608548950489678293421596E-0005
   1.55163388264528250895159424058490756E-0005
   1.55162904082242153285468782114516115E-0005
   1.55162411307366933042956251548560530E-0005
   1.55161914920351132565006609757557024E-0005
   1.55161418982872959212112221690065491E-0005
   1.55160926766941783359647180853690296E-0005
   1.55160440873537630841470275032544901E-0005
   1.55159963338786791736366549876806285E-0005
   1.55159495727132233346748698228243723E-0005
   1.55159039211879841402046696711158779E-0005
   1.55158594644034304912037524617146373E-0005
   1.55158162610602066728084600215579318E-0005
   1.55157743483625848282679727124761301E-0005
   1.55157337461193286480251654942448261E-0005
   1.55156944601578172647430731854418860E-0005
   1.55156564851558001093584104852902371E-0005
   1.55156198069826270401979822751836042E-0005
   1.55155844046294154773463917442603187E-0005
   1.55155502517960721977909605411945926E-0005
   1.55155173181926921296408570793642404E-0005
   1.55154855706037345877251901435954457E-0005
   1.55154549737555043426079119284941254E-0005
   1.55154254910207501116738522264838859E-0005
   1.55153970849885257822608430719197907E-0005
   1.55153697179226973532785243167164990E-0005
   1.55153433521285069813584651624089620E-0005
   1.55153179502432862385942304393323771E-0005
   1.55152934754646722272865223534978192E-0005
   1.55152698917273882695790657356132440E-0005
   1.55152471638377629257933367874439454E-0005
   1.55152252575735937553968652367239774E-0005
   1.55152041397556614357374399787192620E-0005
   1.55151837782961247572902675785956062E-0005
   1.55151641422281329035552083384520118E-0005
   1.55151452017202492957617344643414144E-0005
   1.55151269280786672329560284154266811E-0005
   1.55151092937396854260141407995840069E-0005
