   7.43095899253937851602435115880451480      
   7.52458984681113027173952069949624125      
   7.61911400644549976632756240803841402      
   7.71421778829485988306676290371079608      
   7.78817892261111330536473208653743020      
   7.73462556333296395221865242330969480      
   8.33464642366217310865854303691525591      
   8.44504210573242980159966734193604449      
   8.56438516201223555405948488731139490      
   8.72321512246378858202432172673122045      
   8.93528890261521322232482072697762017      
   9.21220281449918026488437308469461377      
   9.56838777106378175019496977850289762      
   10.0242483840252022446491853466397763      
   10.6070177267649241917943778070480477      
   11.3462525369702833926946655881133225      
   12.2632568107242645015474199814816079      
   13.3567757011282484531900257036252482      
   14.5843707056903277191736419731030431      
   15.8368907022798092852166805160067588      
   16.9109837820530484649366018118673133      
   17.4880157571746768695633337551652547      
   17.1784804079706171891377896630466984      
   16.7758529893251810621279676979683544      
   16.4051172524554470744200468121073738      
   16.0624717471507059245140600088222735      
   15.7447183774105008112145037532144397      
   15.4491446550892178196309128581793339      
   15.1734328660896836276531252306946819      
   14.9155891693464337378057681366469804      
   14.6738876575970143981669471683722971      
   14.4468257865861874385495047309441162      
   14.2330885397132043243119444276412773      
   14.0315193746080346145263270434025286      
   13.8410964854414456433263071589900329      
   13.6609132687818720363788535639998514      
   13.4901621409261672733680173514256354      
   13.3281210479159863305127050239499030      
   13.1741421544766113341748288878118193      
   13.0276423079812543903256387900451723      
   12.8880949575642781837347553914585186      
   12.7550232731771008899897676298424326      
   12.6279942596988366277766213536561569      
   12.5066137005194003567516429884408258      
   12.3905217960077705910371327611707325      
   12.2793893868622247776206385094075341      
   12.1729146719426124016186325069624805      
   12.0708203459223004344367986947664200      
   11.9728510948121431779455304617999544      
   11.8787713977067740583423475257047508      
   11.7883635915234666658741386316648646      
   11.7014261623760412546666477014550881      
   11.6177722329141465080917129585087004      
   11.5372282196398759834651905295347147      
   11.4596326381013318092062160512830774      
   11.3848350371213897824815892523191075      
   11.3126950459206926169148085150896215      
   11.2430815202898876684404877470268912      
   11.1758717758633574930282606894282796      
   11.1109508982269147918102142999694326      
   11.0482111208860656116608190611930407      
   10.9875512633731160765594919011477310      
   10.9288762227375067650435581221475617      
   10.8720965125230327216706362393177114      
   10.8171278440825340805764906560976663      
   10.7638907457044413498598339284496239      
   10.7123102155753244470059263243183889      
   10.6623154050824525357053163093173319      
   10.6138393293624536251968077732832269      
   10.5668186023620580499201814432545503      
