 0.14692798848593E-01
 0.15264480451457E-01
 0.16011266432686E-01
 0.17178541537244E-01
 0.19278189734942E-01
 0.27656950327877E-01
 0.18647063843629E+02
 0.32421800897778E+02
 0.43921345236038E+02
 0.54355466625460E+02
 0.64348354888958E+02
 0.74463749793624E+02
 0.85407384340629E+02
 0.97957151842239E+02
 0.11292992176836E+03
 0.13141183820448E+03
 0.15421303405877E+03
 0.18145682917668E+03
 0.21226992910327E+03
 0.24426359384856E+03
 0.27292636960735E+03
 0.29098788751393E+03
 0.28889184510969E+03
 0.28458484691729E+03
 0.28097267345325E+03
 0.27795961710091E+03
 0.27546381517582E+03
 0.27341503172329E+03
 0.27175291055876E+03
 0.27042555278145E+03
 0.26938832657092E+03
 0.26860285210585E+03
 0.26803612594457E+03
 0.26765976178868E+03
 0.26744933159493E+03
 0.26738379481705E+03
 0.26744500561618E+03
 0.26761728905149E+03
 0.26788707804054E+03
 0.26824260351583E+03
 0.26867363081646E+03
 0.26917123597911E+03
 0.26972761623614E+03
 0.27033592967099E+03
 0.27099015960617E+03
 0.27168499988867E+03
 0.27241575777952E+03
 0.27317827164209E+03
 0.27396884105467E+03
 0.27478416734782E+03
 0.27562130288989E+03
 0.27647760771820E+03
 0.27735071234590E+03
 0.27823848576913E+03
 0.27913900786172E+03
 0.28005054548054E+03
 0.28097153171668E+03
 0.28190054782161E+03
 0.28283630741377E+03
 0.28377764263658E+03
 0.28472349198990E+03
 0.28567288960243E+03
 0.28662495574848E+03
 0.28757888844252E+03
 0.28853395597071E+03
 0.28948949023910E+03
 0.29044488083600E+03
 0.29139956972073E+03
 0.29235304646333E+03
 0.29330484397014E+03
