   61.8334974292354620784053827786685235      
   61.2220446297748974793020410889945438      
   60.5670517862945630004307484055326114      
   59.8633063763189839065219966015566468      
   59.1046766811881963607897336336529444      
   58.2838753805272797340733823205929599      
   57.3921464582082653732190508951561979      
   56.4188455892197839984577710094507280      
   55.3508726778367361448708731151374336      
   54.1719022013538443299421966254248850      
   52.8613480402111970836575319029792331      
   51.3930082284021651938368665319832934      
   49.7333729454065860882395742050296898      
   47.8395495738680727695004285164835702      
   45.6560707494088924388893621671160106      
   43.1071644897380832688971898112350987      
   40.0765729696968036973618845718401021      
   36.3624676536773372227098989059803199      
   31.5707005953966313385743776764614510      
   24.7420089083016513577847178021130746      
   10.7198230453362886772896006579255900      
   1.21157625165534040917939969748065434E-0004
   5.06482999141007645312600820675837465E-0005
   7.29864127248760255022829353353955645E-0005
   8.66434909777418384555416749695875476E-0005
   1.01792509139419701321742776416585704E-0004
   1.16764730727291077743679272931912658E-0004
   1.21458350787733124945349659560077731E-0004
   1.22927494928643162429162314902119307E-0004
   1.22249306813576600389401049554900861E-0004
   1.20955458789196540583236846444583408E-0004
   1.18937955562030369718545293251384587E-0004
   1.16733344787180588911050514957407201E-0004
   1.15175512250840042047464027404487445E-0004
   1.17806769868848774328301087621853923E-0004
   1.17011462257180672315991825834092939E-0004
   8.94474165021659096087861055750505937E-0005
   1.02071734278774005421206238240960085E-0005
   1.01971227961561243495926874317071930E-0005
   1.01887457605916895939021457022983803E-0005
   1.01816985952424760861949512941369531E-0005
   1.01757200166325895384588116478076755E-0005
   1.01706088516323221859683507234004736E-0005
   1.01662083845048979586355612434373577E-0005
   1.01623952133761971328531187939556094E-0005
   1.01590712022904909942686685499890415E-0005
   1.01561575915399256953020442038008443E-0005
   1.01535906344695346634895071535624435E-0005
   1.01513183283095352824980823497056318E-0005
   1.01492979387998076826205367105413389E-0005
   1.01474941073925459796012746234767970E-0005
   1.01458773906065270851973226625018612E-0005
   1.01444231231621000667303132541810637E-0005
