   1.27171002274147782451762660653650852E-0002
   1.27804482219554842079061846864236085E-0002
   1.28493684635585248542975556447026192E-0002
   1.29246755551388977121849169372784487E-0002
   1.30073575079810813276766665620928829E-0002
   1.30986274313580018133044397148585348E-0002
   1.31999949847573566691870560518404655E-0002
   1.33133669428559626368946603824421908E-0002
   1.34411913490071674566290336578381580E-0002
   1.35866678089731771279534408902655695E-0002
   1.37540589996216857854112406406163168E-0002
   1.39491575774188169456451497657525643E-0002
   1.41799938613543033724973013527773773E-0002
   1.44579413620073184341287986859996534E-0002
   1.47996257688922190644809837962002776E-0002
   1.52308896514991766566139359711430913E-0002
   1.57962759329471828225056810366055715E-0002
   1.65833904451126692286445600505813055E-0002
   1.77974544550145931510730519518214858E-0002
   2.01040020809397531908594968399688116E-0002
   3.05426131739087426672627722509802405E-0002
   12.7388908085696296853524996017632471      
   21.6982580326346311789391805006674209      
   28.9072006374799608689454604239265008      
   35.1529963465390499979563099672221819      
   40.7583139005848625164039969273324520      
   45.8963764759529320338284186399700198      
   50.6738567941457695600765010707829727      
   55.1620307175622918130831800932757704      
   59.4111483222730216570675248089520084      
   63.4579892397141813090747589732346648      
   67.3301651024199995383693682832568363      
   71.0486510157833916630082646024354096      
   74.6292056664340489413570435469591870      
   78.0829079782671467471239105073926554      
   81.4155904437026025346870957520639856      
   84.6246002318243839025882495922251213      
   87.6741566197810638811453003880330524      
   90.5514890885850929154769590869095962      
   93.3549161382550179440803018797233439      
   96.0886219786315071829429120190317816      
   98.7564030669130166521400022468426445      
   101.361716598238907961427991733400505      
   103.907721212387709534232919559121702      
   106.397311514410995441955261319086546      
   108.833147603394300827540724286223392      
   111.217680516849713816452644753418273      
   113.553174291846570376039838794959263      
   115.841725193261323406240555728832246      
   118.085278547847442170243510844597418      
   120.285643538774431587601599155944127      
   122.444506251035373081066269337435726      
   124.563441208248577750176999588373927      
