   18.7786855331590000848092430367807878      
   13.2955293881793539121883780008877515      
   10.8593957174084148465479365980504199      
   9.40546479493633145288154660937935646      
   8.41248914665142571455124317437490134      
   7.67903091709365086687852658991598449      
   7.10863371992536665792098968871038357      
   6.64855517938451598492920262323536206      
   6.26720100995436032123457730664844250      
   5.94433358938523430966310810346054567      
   5.66630255641848557454057930887154994      
   5.42351132934171080012946219582355107      
   5.20897752109972974341050163484787853      
   5.01747033289345847280552801059480951      
   4.84497164408313852625937517831320041      
   4.68832793960910724295369258285594070      
   4.54501906917773964529826736301926246      
   4.41300051908354883925903001403371356      
   4.29059291097836489477476344885436575      
   4.17640241453176165656871023211095470      
   4.06926182025558194938094612258780297      
   3.96818577305586352068504082771664173      
   3.87233600513761682248411937324909185      
   3.78099385770864810093409706267449674      
   3.69353827556477613005228527822364767      
   3.60942800992675833166149528534538109      
   3.52818710883358238829163036317410987      
   3.44939299610935817014548756368892787      
   3.37266659026745399481796429213518746      
   3.29766402270746525464980745461867540      
   3.22406959562187443786058133651905582      
   3.15158968214818109640175462117008701      
   3.07994731840195595534595867019718601      
   3.00887727076756611893568286995468705      
   2.93812138310635238727066762395845398      
   2.86742401701836280131512315584703417      
   2.79652739275222035738977777791963224      
   2.72516661573060992155629036337062157      
   2.65306412841852371086644804964503352      
   2.57992324892209112862600826660302129      
   2.50542032798787547380334931329032992      
   2.42919484174623757172262659771250404      
   2.35083637724996954395632840660233751      
   2.26986684486860322508206290478228298      
   2.18571513349769846777444293600564876      
   2.09767932606610622954620732207657304      
   2.00486743667987249698082663588629734      
   1.90609884253191352697893599804091300      
   1.79972842366467194785075112203275356      
   1.68330412618543610954523063245519715      
   1.55281944967878280260789325746345460      
   1.40080812731420001836127769267532823      
   1.21043334071246028697698023596294548      
  0.934946969851514965760586813990126677      
  0.182572884970636424077823520263408585      
