   5.75680188116313107596348891236242931      
   5.75669440201721261164782274948825333      
   5.75651536431631838060900717534649422      
   5.75626505337478656083784913578131615      
   5.75594387129542494286408754694487480      
   5.75555233714078256553437247367851622      
   5.75509108260809188982675229291427692      
   5.75456084325015131896989802256762271      
   5.75396244704265465389063153566630902      
   5.75329680611867888150638131644703268      
   5.75256492458978871119450240657110402      
   5.75176794178728265533841461433675715      
   5.75090722973133594503553905211520848      
   5.74998455479077575401045793979561497      
   5.74900230070349120594652869467027572      
   5.74796373920731585413858237889534816      
   5.74687332802495391421183389067915706      
   5.74573701315317300548314448497348033      
   5.74456251199473302863440009635388689      
   5.74335955490676350007406198402098087      
   5.74214006528247893535697438140605145      
   5.74091826257592722346473506557318591      
   5.73971067843482419815494247671328061      
   5.73853608283306957117728442245744487      
   5.73741532377765111455445981144944111      
   5.73637109008345244553823212798276642      
   5.73542761115543783354008878713397622      
   5.73461031046975273344457567010924290      
   5.73394543045359347998836822923655898      
   5.73345964602769533938471284498992482      
   5.73317968245616960041445457128163912      
   5.73313195078480941967119997044025061      
   5.73334221137919724419752641693522607      
   5.73383527320032834723080895921213556      
   5.73463473372337526241465759288692848      
   5.73576276193096184362309453635118387      
   5.73723992474873543240287626126117294      
   5.73908505560178487731550651255755054      
   5.74131516253441019504967044117603107      
   5.74394537243134977189352625494439941      
   5.74698890735307332582072029975633670      
   5.75045708872014770819459588503497268      
   5.75435936504644203840564063594774889      
   5.75870335903660106306365969579384304      
   5.76349493011985591071465110889277858      
   5.76873824882244114644459590676138000      
   5.77443587973488691143796138822765665      
   5.78058887025223973033352593153005539      
   5.78719684263812071949137425591562861      
   5.79425808733827641822039977338803181      
   5.80176965583727724258805344080323142      
   5.80972745165284390125051501606446485      
   5.81812631835453787831372205693967381      
   5.82696012374073318958935619499397949      
   5.83622183952125181885987584880301592      
   5.84590361602201598832981497469245051      
   5.85599685158623866681193359085642717      
   5.86649225646170538775738762719716659      
   5.87737991104303712786376123531689457      
   5.88864931843117148721381162465326133      
   5.90028945128497010512958672041571037      
   5.91228879300684065680149363916224802      
   5.92463537327680710259991852710092901      
   5.93731679798067648122668271815161990      
   5.95032027352705487102616101662102699      
   5.96363262554722454348364292102275299      
   5.97724031188399684128309763392528708      
   5.99112942976732815750533977666869643      
   6.00528571693200399275706920679098716      
   6.01969454639163189636290463711589702      
   6.03434091443538384852443308914491145      
   6.04920942126157663188565920042324205      
   6.06428424349713308852921860457298762      
   6.07954909763841732246349096777772343      
   6.09498719312852636848798593583490849      
   6.11058117350416048929883765399962569      
   6.12631304354329956349417831379564212      
   6.14216407982809712760438051612060691      
   6.15811472140865162933401931233122947      
   6.17414443628992739323326509072591555      
   6.19023155825702891773063348052041162      
   6.20635308688747020678780959500387946      
   6.22248444138170412205249704620330837      
   6.23859915580427655767249506625169924      
   6.25466849915610080606185946084875972      
   6.27066099777249809679982652573728395      
   6.28654182916684961638270590869759356      
   6.30227204425540044053108554816835246      
   6.31780755684730768638314050395215854      
   6.33309781209178223724847774843355068      
   6.34808400348935543988459901090870124      
   6.36269664133806589725048781577580829      
   6.37685216655799882447406608852287549      
   6.39044811999101794329630376197202644      
   6.40335605556605847555921902011174258      
   6.41541079797938735271839864703029035      
   6.42639351819588100786446479997625703      
   6.43600380867269491889453629205219319      
   6.44381094549014164131720482016405471      
   6.44916263722412159156685649288411606      
   6.45099777825057933027395977034169534      
   6.44740969741167112257869965331163879      
   6.43440492631687372246717446884577087      
   6.40088970893905807604677674919776857      
   6.27636647567214335715630575329786530      
   6.82772636072758526255587181869570849      
   6.97193352647329131243457736528911461      
   7.07418799726800996412783994907326781      
   7.16150878671888320837882805949427839      
   7.24115562810124845970869464311637444      
   7.31608278289427064686069499647783384      
   7.38771952688575138060281930617714029      
   7.45680579276933523774337215004711042      
   7.52370396937599554275342157713782546      
   7.58851908926222111957153411440541055      
   7.65113662769337952246612936287327915      
   7.71122433661126424667777024244313722      
   7.76821279452602060762869583123887485      
   7.82123251203910070377732013694727699      
   7.86888237887441701042532172021041617      
   7.90734530359343776882469565561213129      
   7.93686392514140127913010696913598595      
   7.96588042836029232118953341346251407      
   7.99438914032114021169225559230022615      
   8.02238489656311792083796330180610076      
   8.04986304025357850526186673987360624      
   8.07681942031348678666243169454668287      
   8.10325038854640886279171480672934960      
   8.12915279577237194527620563162409869      
   8.15452398701756404627371685953406062      
   8.17936179578839346145047598769841393      
   8.20366453745208037142983231137120366      
   8.22743100177733486662822051795593371      
   8.25066044466725558839531772226880712      
   8.27335257913132589891554692149554290      
   8.29550756554050890537285520649506602      
   8.31712600121536322686045780710764237      
   8.33820890938742321042181577858920086      
   8.35875772759462593146302631110314357      
   8.37877429554959572382143336387432635      
