   235.280623255560065767173916372200344      
   235.267416041613366799044398618009633      
   235.245371159244097756232513487102901      
   235.214474221392287767449654458703086      
   235.174715626896188900566127235235639      
   235.126092373663294608157808518705336      
   235.068609559809325333383458175447711      
   235.002281522559769838333050887426851      
   234.927132580796175765400516077891334      
   234.843197339456115687514459146009213      
   234.750520433543189616359165301004001      
   234.649155428253854980275703449463851      
   234.539162412156282258545415600475697      
   234.420603725784479155820540045115752      
   234.293537375445431063674223592965082      
   234.158008025351797158281453390161213      
   234.014035948881625080306355318665254      
   233.861604779172853643839932518037893      
   233.700649173717536644720890903867782      
   233.531043543685276994920261889506708      
   233.352592829296687334600173694504327      
   233.165026006700809917047015535744870      
   232.967992676039110055188006581235789      
   232.761062763295911020046108317112007      
   232.543729111029090570258453854453879      
   232.315412547292916792304692614837643      
   232.075468911982387430481740508492335      
   231.823197475426214610656083710123481      
   231.557850194063772685408771373043532      
   231.278641295412759981560823516758231      
   230.984756757296545316696417353602894      
   230.675363330202699360941335888029520      
   230.349616837404743742432267364221422      
   230.006669568072265499158965870320223      
   229.645676649236537920575084626358065      
   229.265801342308488957738919737961445      
   228.866219256579035100622743079324696      
   228.446121508721474566538368605475125      
   228.004716882589580592869104577579856      
   227.541233061948870527982590753883658      
   227.054917018895861061778638592172145      
   226.545034646377004864593135734894646      
   226.010869724110825897461908791128930      
   225.451722305499483183812266685025081      
   224.866906608436681557790295994608559      
   224.255748486709434071115510499357525      
   223.617582551958536211326879956519806      
   222.951749007087501731495959565455913      
   222.257590243907274494354355648756156      
   221.534447248892199231609659048564419      
   220.781655851327442377047211038130230      
   219.998542839729439656956965333330646      
   219.184421963364967650008206529631995      
   218.338589827172431953230164828226389      
   217.460321680103129760766722923500463      
   216.548867089221224547190455439122647      
   215.603445483810599102020234675754143      
   214.623241546264412311504345361917647      
   213.607400419410018149104418683918473      
   212.555022691543138488272462246115137      
   211.465159113674905032154103563319635      
   210.336804993959257005277974943355638      
   209.168894206428611764398681490116531      
   207.960292739974339700673507467421911      
   206.709791703035576888641626546434186      
   205.416099685164022510447235432226586      
   204.077834362257926481792077000529137      
   202.693513211984546174343614259918293      
   201.261543185508337492234449954824646      
   199.780209152784494482455997707161982      
   198.247660906451643063107572646635104      
   196.661898468861651500661217662054594      
   195.020755396066195202081991592879882      
   193.321879709804094400655482519130941      
   191.562712011686294157143793782873550      
   189.740460233318401497525022852393160      
   187.852070353222515355184057733614496      
   185.894192250690414705016446079478897      
   183.863139661808418595064137819455147      
   181.754842937460713693597994920712225      
   179.564792953807033276008906014079954      
   177.287974065878739958528198764839925      
   174.918783380128428586428830228211364      
   172.450932792096286010459573891123894      
   169.877329100853897595127494728423391      
   167.189925943680901784682027865752780      
   164.379539090721542352029974097502472      
   161.435613498666560202206188873659959      
   158.345925970083831882036042215280196      
   155.096200538387720075886142036822393      
   151.669603557062915870750758243932364      
   148.046069821841704727088927081385266      
   144.201386266621980385227397912901450      
   140.105919334306133635647162088569464      
   135.722803834525930881331370944559069      
   131.005291052014854010379069653847483      
   125.892732390225499887435381946661672      
   120.304241507191866391836324163061332      
   114.128166025087577495249246961184996      
   107.203396907470854310794921843877055      
   99.2830934938066942026144134668664429      
   89.9549504983189128911439826328650389      
   78.4305957041579428958107380184919267      
   62.7880819806675282183349714588164155      
   33.9253255591149827152795944644987415      
   4.06692813294136927216677107310348201E-0004
   3.91351620704829678789001340989955603E-0004
   3.66379465301223527358596547854364790E-0004
   3.38386584578369189288672268740759241E-0004
   3.08769589098978417237915198706648637E-0004
   2.76679871361497632944343409923843946E-0004
   2.72810975841426454282860899037975032E-0004
   3.31952145922973245171527973068469322E-0004
   3.46134172471408683421793444113530229E-0004
   2.77849579920614342680451017762903744E-0004
   2.46839084785206965987825809331596863E-0004
   2.25582331780286670158350169201190268E-0004
   2.08850099824450080622468205580441698E-0004
   1.91750854474288978816224460583777471E-0004
   1.73070327302669482936594862991494673E-0004
   6.10711867654866322005974463878677674E-0005
   6.12991693462883695787205004026675422E-0005
   6.15232738994161503673501054551467365E-0005
   6.17434566088940757765280846782925664E-0005
   6.19596775864127012667459534879423032E-0005
   6.21719008646477983285936996852874036E-0005
   6.23800943826573362598102487128652217E-0005
   6.25842299636253526681394731097510161E-0005
   6.27842832849472261132197703372202047E-0005
   6.29802338410404304116987800920651392E-0005
   6.31720648990950485890682342002567642E-0005
   6.33597634479314707158480993533392550E-0005
   6.35433201403764154871893039840076407E-0005
   6.37227292294038247512708611681365965E-0005
   6.38979884984015838206612717266444848E-0005
   6.40690991859031626719726852719634368E-0005
   6.42360659051692316052549954983403591E-0005
   6.43988965589297120856881369845328946E-0005
   6.45576022497554556064856296195017078E-0005
   6.47121971863591212581543770990133427E-0005
