   1.29387002044184089140422695871508359E-0002
   1.30296420081073654284922810215749677E-0002
   1.31319246525289050709615369917426861E-0002
   1.32481128562711797522054774075733153E-0002
   1.33816887343734317620041148843288209E-0002
   1.35375251091922737150798172648019079E-0002
   1.37226589714458098716802373413793079E-0002
   1.39475058033845021466307388552959744E-0002
   1.42274183542761558242904046231066702E-0002
   1.45839255160931356406320587278631977E-0002
   1.50491895687094455143060364841819257E-0002
   1.56889703509665558798725297043220259E-0002
   1.66633145339719364408390697296468852E-0002
   1.84650760111148287888238192144357112E-0002
   2.45611910582027103490567527568454871E-0002
   12.8423185306067211925140702684613596      
   23.0463251332328162780265937329106539      
   30.8544419429876455077562202439884281      
   37.4551007638143979633676516494545898      
   43.2869285644619033652017438406638202      
   48.5741901431027215062737369360446723      
   53.4504524452858480256015487742269750      
   58.0026554794136829353800832274147239      
   62.2908977197849266591505269472803443      
   66.3587093530560895985008579477009661      
   70.2388360844214342970553003534718643      
   73.9566096155838996392053199465034565      
   77.5319017716022777466357367234037615      
   80.9801448761168352892228595472267786      
   84.3125477148921051793221820095133528      
   87.5351903730113414482117929070040270      
   90.6453992551419588861341344395601407      
   93.6149999519106452929280368691481992      
   96.3432041134641390194197942428413623      
   98.9864291556041379187737633375664411      
   101.568591165701209704040285041398087      
   104.092410045834133072210198962474408      
   106.560434870410759245969031204639182      
   108.975055333747533953004582655254447      
   111.338512623773580070555333932984307      
   113.652909717817266092252266628611184      
   115.920221100794785113499807167590057      
   118.142301908753139026513271705091898      
   120.320896503660152259506581834896361      
   122.457646488854486296966338120418905      
   124.554098178381262719189384393398038      
   126.611709537500813048727757855559984      
   128.631856614972939600484412004405571      
   130.615839490696694273821369925656080      
   132.564887764379286084542960950492071      
   134.480165612330223671331149819845819      
   136.362776440177409519186820591224204      
   138.213767159410941239193709301443743      
   140.034132115261987491400370586729963      
   141.824816692623294835922176675472572      
   143.586720625643474817080372191774733      
   145.320701035322642636676404816613481      
   147.027575218017344115715373352768770      
   148.708123206256192130805444430318129      
   150.363090121748445354064330533551181      
   151.993188338959749033699172190624194      
   153.599099476158785980680698130731411      
