   4.00114242772458379778635570999294370      
   3.91864833125483593993221221222081082      
   3.83374531621117219975123246947057955      
   3.74563096531303479046590266204480726      
   3.65327146427131582686722861888795098      
   3.55529257375903516866647659718457739      
   3.44981602422534501523271884406525429      
   3.33424609947154823015177857763362435      
   3.20514147783902607514373235659916324      
   3.05851107548177480738173886011288922      
   2.88946859937718450212250014852960199      
   2.68789262561376976337394281930844298      
   2.43084224464680123523396376366107158      
   2.06153914589052426294034482247504270      
   1.32599167840390816521112849283133355      
   12.8423185309751941861810266213558360      
   23.0463251334361385005927124343363167      
   30.8544419432461251289764066533825303      
   37.4551007640619483141443660466611675      
   43.2869285647097227471349969595584227      
   48.5741901432986648422907616567692415      
   53.4504524454483663148543943696816568      
   58.0026554795599420032867123386861860      
   62.2908977199427351354872227370583551      
   66.3587093532163251165427511476474386      
   70.2388360845784377021595303138577533      
   73.9566096157375585875425957863247852      
   77.5319017717535200176883818456532989      
   80.9801448762702934408119943205291747      
   84.3125477150720704394752407049037098      
   87.5351903731531598338444507049836875      
   90.6453992552275524773703415922192390      
   93.6149999519528459349699266369070333      
   96.3432041134653197841321399798857807      
   98.9864291556053103108390914333015514      
   101.568591165702376613361314946952847      
   104.092410045835296920247982150106350      
   106.560434870411922052188539745577505      
   108.975055333748697391751316666522836      
   111.338512623774745519915923801345711      
   113.652909717818434676118088583521205      
   115.920221100795957737820704716985605      
   118.142301908754316410560365554401541      
   120.320896503661334962835608450492646      
   122.457646488855674742671999121592278      
   124.554098178382457213958456132748400      
   126.611709537502013800129156430071935      
   128.631856614974146731874976267652812      
   130.615839490697907837194832803724351      
   132.564887764380506071605105969746764      
   134.480165612331450023045522037886286      
   136.362776440178642134001818472621046      
   138.213767159412179980132792493221869      
   140.034132115263232192171929457239182      
   141.824816692624545306183838767463405      
   143.586720625644730846973735669844336      
   145.320701035323904000732005156794725      
   147.027575218018610576213763745501714      
   148.708123206257463440668299713741044      
   150.363090121749721259339201964701600      
   151.993188338961029275692692081528072      
   153.599099476160070297787455769393944      
