   7.27669071035159917050762269155294210      
   7.36276668023536871501955323965815995      
   7.45051636546459985865661993172474332      
   7.53935339170755758938023722995150403      
   7.62833209503385703940325716683685957      
   7.71472208261388095960143179079943976      
   7.78188449132227841594834374952068799      
   7.74108336451938196882242672958740239      
   8.35560490344118453547087840594604715      
   8.48544478454921239212362712247112067      
   8.61497165965066366692959187613357623      
   8.77811733836398740500982229766057238      
   8.98835011002258106786593093452525935      
   9.25594622206405740519894805094777533      
   9.59278899775092547514259817550228087      
   10.0143277384218387553270490314937626      
   10.5385454429115108362449279796189291      
   11.1803249551220703119792237342770418      
   11.9422567732291919416941645008846497      
   12.8046080096793606382379148896575554      
   13.7154194197284473863265587291008280      
   14.5815850577102762478334930005172878      
   15.2641256904200923397660465446638492      
   15.5649499926427010134648690108257587      
   15.3146348795609229352686919194063791      
   15.0518840929273821332731371350041731      
   14.8057639847134301605066458443593009      
   14.5747032697309326876095005981901760      
   14.3573294742273268060231321293673876      
   14.1524377676844660470377112212876318      
   13.9589655598340816680060601767438068      
   13.7759716438599129589344615978487871      
   13.6026189548234707778415758919224670      
   13.4381602256509330492372383315054294      
   13.2819259825182408176334079739662019      
   13.1333144419971664157115047640862185      
   12.9917829641344982119365873762487777      
   12.8568407862337265865204302358054044      
   12.7280428167822727372327196925376147      
   12.6049843116794065948774093279406712      
   12.4872962884366716956095575646996204      
   12.3746415606325850431908140037749115      
   12.2667112959998347923860731659889445      
   12.1632220185062817510025120869142422      
   12.0639129884246999332786006056778616      
   11.9685439054472895293546287533575163      
   11.8768928889162689649292582167403418      
   11.7887546965916190409800582024646874      
   11.7039391494542670697352767037962925      
   11.6222697350247305034432695877713302      
   11.5435823658440311741160037894558426      
   11.4677242731929855676115923858117717      
   11.3945530190355030896834196079167245      
   11.3239356115747544044749594002877312      
   11.2557477118603375537160354497866960      
   11.1898729205943990126620283901986711      
   11.1262021357663535505634081135263672      
   11.0646329729532746474513093342716488      
   11.0050692412275818173995022617813790      
   10.9474204684565825377706295370277585      
   10.8916014706029790117180634329355343      
   10.8375319603758958283877108816470088      
   10.7851361908801287367478816612032503      
   10.7343426308058153257078380718945874      
   10.6850836678141913832142832307631741      
   10.6372953373024598804973967370141424      
   10.5909170740096330519437419278594524      
   10.5458914842271009409769189621936226      
   10.5021641366216690117118488663640921      
   10.4596833698905256874219733002624060      
