 0.14009806326874E-01
 0.14427487688024E-01
 0.14915332919977E-01
 0.15509002298308E-01
 0.16286673047393E-01
 0.17448611910577E-01
 0.19480138354704E-01
 0.26822854916681E-01
 0.16853553139922E+02
 0.30243871197179E+02
 0.41395772303155E+02
 0.51534332047475E+02
 0.61271133297909E+02
 0.71100401071922E+02
 0.81556896815974E+02
 0.93277378666722E+02
 0.10701832599170E+03
 0.12353644691523E+03
 0.14318212447062E+03
 0.16562550709368E+03
 0.18974072320365E+03
 0.21345327961963E+03
 0.23359773214984E+03
 0.24546477017325E+03
 0.24451275917250E+03
 0.24323762962458E+03
 0.24232427144230E+03
 0.24172552466905E+03
 0.24139960946876E+03
 0.24130966634869E+03
 0.24142332408166E+03
 0.24171228068454E+03
 0.24215189433717E+03
 0.24272078728788E+03
 0.24340046814274E+03
 0.24417497794383E+03
 0.24503056424092E+03
 0.24595538571667E+03
 0.24693924829272E+03
 0.24797337226109E+03
 0.24905018894033E+03
 0.25016316465835E+03
 0.25130664946668E+03
 0.25247574783801E+03
 0.25366620862138E+03
 0.25487433167108E+03
 0.25609688877887E+03
 0.25733105678631E+03
 0.25857436101203E+03
 0.25982462737749E+03
 0.26107994184766E+03
 0.26233861601090E+03
 0.26359915780737E+03
 0.26486024657384E+03
 0.26612071170981E+03
 0.26737951438461E+03
 0.26863573180302E+03
 0.26988854362713E+03
 0.27113722022073E+03
 0.27238111243724E+03
 0.27361964271944E+03
 0.27485229731952E+03
 0.27607861947314E+03
 0.27729820339647E+03
 0.27851068898980E+03
 0.27971575715229E+03
 0.28091312562674E+03
 0.28210254530550E+03
 0.28328379693921E+03
 0.28445668819810E+03
