   277.063994752807950380999828051341283      
   277.054327991376201782732913082465634      
   277.038180672228961564523203779848474      
   277.015523445726572447667383887701953      
   276.986323454763501719523222920058568      
   276.950515533265685186244685878931610      
   276.907875977744213323307601719451216      
   276.857766350123840811921604061238341      
   276.798819529657399138411455438253872      
   276.728630166376547873584198933987745      
   276.643423986067360090236136773243907      
   276.537696426298095292534048495805735      
   276.403920178774760994940684004751824      
   276.232468598268420991973575702963452      
   276.011829165287979605743591310238079      
   275.729061028974201521412282146714077      
   275.370369102738373887281766956662295      
   274.921653016517166851256141058747206      
   274.368924738784152616472237122393429      
   273.698543024504387736625349923358367      
   272.897262035415982183326157684450559      
   271.952123554224964192953937431161351      
   270.850235206348503077776754460596805      
   269.578475071280583325860569572159575      
   268.123152236451844342318079596483518      
   266.469638876213710325764182988310703      
   264.601976019563423512311852603828826      
   262.502443881462086470797154519873800      
   260.151078362987678547819622197165825      
   257.525106980754271728909457340011652      
   254.598268327678471291805143399452399      
   251.339966985342757970190907547183296      
   247.714197438143749266857744345570713      
   243.678140888600679305646405177338930      
   239.180288519912610893177540496764315      
   234.157854789661397236349668390655957      
   228.533074392359877872666450245493054      
   222.207635164570208934564564614032223      
   215.053766459926313259316282483709074      
   206.898805883271835937284874822969227      
   197.495749916196658237905500492151957      
   186.459773731704099181618958612836438      
   173.106515425031950346804005739979493      
   155.914136074745775759728293750058710      
   129.654342834959267425092089081256910      
   72.2399413693971952623317946965001425      
