 0.85241612091311E-05
 0.85242358010851E-05
 0.85243607661360E-05
 0.85245367390315E-05
 0.85247645168543E-05
 0.85250458988252E-05
 0.85253872274488E-05
 0.85258063585211E-05
 0.85263406383154E-05
 0.85270534338737E-05
 0.85280393492011E-05
 0.85294292107314E-05
 0.85313945592130E-05
 0.85341501418259E-05
 0.85379531561800E-05
 0.85430992003053E-05
 0.85499159866204E-05
 0.85587563769191E-05
 0.85699922224892E-05
 0.85840100933865E-05
 0.86012094960676E-05
 0.86220037730730E-05
 0.86468236302339E-05
 0.86761231547795E-05
 0.87103882406272E-05
 0.87501474824831E-05
 0.87959858057138E-05
 0.88485613510648E-05
 0.89086264419258E-05
 0.89770538576845E-05
 0.90548701770746E-05
 0.91432987335182E-05
 0.92438158999905E-05
 0.93582262786054E-05
 0.94887654532914E-05
 0.96382443735179E-05
 0.98102595455645E-05
 0.10009513474639E-04
 0.10242333698010E-04
 0.10517582443867E-04
 0.10848420648313E-04
 0.11256206185130E-04
 0.11780800425017E-04
 0.12516763335561E-04
 0.13830872999461E-04
 0.18579863788262E-04
