   2.63832749831767334627303024877432574      
   2.63841925767092640572883142545025156      
   2.63857210103511487229544460514056066      
   2.63878583656339186957822205369844949      
   2.63906015248188069899471295751073699      
   2.63939412616884041973742056142054238      
   2.63978424535296198100203457073114813      
   2.64022066286251033495433294049424211      
   2.64068331203570044291292580981970774      
   2.64113974628834304493879955028243433      
   2.64154504380939405602233884971719970      
   2.64184264915597276281914512185736560      
   2.64196462506464779063131654930846511      
   2.64183043734454063127467366785676645      
   2.64134447495580613369684700840211311      
   2.64039331382753904472018208563037839      
   2.63884391457510200337432206601196012      
   2.63654358107217502283152377433480073      
   2.63332190425606026233367207389996178      
   2.62899436819646434074635865930153592      
   2.62336696622238208775516192898287281      
   2.61624108994823599662461422253283026      
   2.60741805371035018922685406544916477      
   2.59670281345092690288911823679226241      
   2.58390665572430804371207348033889700      
   2.56884882078404779637788768814623652      
   2.55135716378347954055442036677573422      
   2.53126805156375025596324522320693138      
   2.50842575271424233391215528087150178      
   2.48268162473826634777504984405359568      
   2.45389345465768522737521114795531805      
   2.42192539025004163854846878198052433      
   2.38664903225895835104885287102892236      
   2.34794647247143673541690061078334653      
   2.30571639446532036675390105746494776      
   2.25988484684371481141726133498984646      
   2.21042300185155283737183498321464298      
   2.15737517143139230292020154402977092      
   2.10090161183491458321593732440342849      
   2.04134230985826209853496412445707838      
   1.97931050899337134049820032756697708      
   1.91583031450126838231140784631339113      
   1.85254805165564675880957771519537781      
   1.79207572512553284845892176867775950      
   1.73829305447630908113083812583417047      
   1.71937509803973658531039478278308331      
