   62.6382231348253493956870365694889440      
   62.0950600908042442389078712432368422      
   61.5177563610929356209059766359157473      
   60.9028334680945608602084339419311804      
   60.2463061553910593255287280823492159      
   59.5435741105558952959732007957629456      
   58.7892854299334191847839095385445020      
   57.9771625786201369196177860476279969      
   57.0997780975094909306334145645789971      
   56.1482625268936369121628947521950735      
   55.1119206854337006472480120658573150      
   53.9777245322502336330263679872815555      
   52.7296418259226583864441444009395259      
   51.3477502425795007726644432553061668      
   49.8070720205440451051016136574103112      
   48.0760106769558402814313563593907379      
   46.1140421077872433860501092919561689      
   43.8675594696402852709584334813982631      
   41.2610503382063020302228763716329501      
   38.1778737221086326609079382168098491      
   34.4180927581953378520496959273452901      
   29.5901845403376681080796635692451118      
   22.7005776457068057271163025599098347      
   6.36774429265066923322166996018302825      
   1.14006988696017276849350142136560305E-0004
   8.19891706402251516073086471695288416E-0005
   4.64501083226053443800112589342369637E-0005
   8.48694028948741911403432157607620627E-0005
   1.01347179345665249804778184452938023E-0004
   1.08245921691914209616186160764015856E-0004
   1.11905298206024247415723779449369631E-0004
   1.13400893946791676642991893323580608E-0004
   1.12988551597116249060839939492946983E-0004
   1.11559499756297260107361970308070362E-0004
   1.12360518343890824344799412130771742E-0004
   1.11244288946109309848502718628267849E-0004
   1.10527019190213273194761778246379424E-0004
   1.12770941786935227447654668207871801E-0004
   1.12981356176391897039815141777747324E-0004
   7.08452991079162889947996982873111967E-0005
   1.02128345456874536328466392649059650E-0005
   1.02018024990692018338205769686761116E-0005
   1.01926507367320523842908121428282161E-0005
   1.01849845678633499719713870028999992E-0005
   1.01785059843535938762556327738490564E-0005
   1.01729869259155317685571127963286769E-0005
   1.01682507050436211393473454342963972E-0005
   1.01641588870254609175286447506939225E-0005
   1.01606018821445264716967300196469593E-0005
   1.01574921055862015028237674123837823E-0005
