   1.21540564053826951840784115895334670E-0002
   1.21736609885501081597199620001694848E-0002
   1.21939129080110113339800093640001825E-0002
   1.22148293838939343496986165055850048E-0002
   1.22364289759284806552923368348673341E-0002
   1.22587317263566293838946139496049748E-0002
   1.22817593070989923272838687325107961E-0002
   1.23055351718949874531472670505529689E-0002
   1.23300847143809211680796561232565371E-0002
   1.23554354333212305776016322682320593E-0002
   1.23816171064663315378717508463135072E-0002
   1.24086619747802587619582593928797080E-0002
   1.24366049390674691767058293173459732E-0002
   1.24654837713365170540231289046416421E-0002
   1.24953393435784124939021594749639759E-0002
   1.25262158770174260756360010622533632E-0002
   1.25581612153254013977496562997229300E-0002
   1.25912271257898022116153427562462188E-0002
   1.26254696330090936238069066991009906E-0002
   1.26609493903762142902370668742205979E-0002
   1.26977320954274122691548892892280862E-0002
   1.27358889561092760309635752904285326E-0002
   1.27754972161907081090304269027641310E-0002
   1.28166407494635792608818709755993944E-0002
   1.28594107340962587860418321685476090E-0002
   1.29039064206034069598470408039844001E-0002
   1.29502360094641059554742939180159768E-0002
   1.29985176575850921790400535864842099E-0002
   1.30488806367173007346108973149476636E-0002
   1.31014666718018180372210838057114178E-0002
   1.31564314933022213790037014068668909E-0002
   1.32139466452368491158571036952528994E-0002
   1.32742016003094725573685853344751386E-0002
   1.33374062458883744081518778972399815E-0002
   1.34037938204326928120145553717379164E-0002
   1.34736244004737775745481907391594403E-0002
   1.35471890650101769179758636877120683E-0002
   1.36248148993774432616445648042554434E-0002
   1.37068710474208605663042252781745239E-0002
   1.37937760835616214941267493414245431E-0002
   1.38860070614990846085217203708477699E-0002
   1.39841107131893948763840128174847089E-0002
   1.40887174342815231347718028932336282E-0002
   1.42005589213273444112961567275252071E-0002
   1.43204906540220564112768939131096876E-0002
   1.44495208928537582926810117982746845E-0002
   1.45888485694056120601900653092280378E-0002
   1.47399135149425835467863384102083082E-0002
   1.49044641240179051596523395881920910E-0002
   1.50846501656574933304820526085726096E-0002
   1.52831527165704440302652779712769333E-0002
   1.55033703587248285993032476177071235E-0002
   1.57496932859438113304646919285193490E-0002
   1.60279197090692140785244389586329164E-0002
   1.63459124198880155793185657747537871E-0002
   1.67146814656755184281378945170250915E-0002
   1.71502704742500865584628516353642387E-0002
   1.76772788137567084430330159690498773E-0002
   1.83360570930371633535390460178181277E-0002
   1.91993148246474904890332053371411001E-0002
   2.04178723577156558446206406304403139E-0002
   2.23887985137877275318003802779114226E-0002
   2.68971314937096383973351565861699621E-0002
   2.67310566397059456888038805085029435      
   8.05468768506600757690149893879982508      
   12.7337777148522169459688145805154339      
   17.1016106509163197876601802214875007      
   21.2743299211108519124524924048755812      
   25.3065461662434858301369027255604311      
   29.2292614225439512894350546904273455      
   33.0621440533481687648770532861727434      
   36.8186527287364832233849727833114563      
   40.5085018156833478616092019064243165      
   44.1389485867850022059170790122967575      
   47.7154929226060581168552887970221141      
   51.2422599733821094388830401230970738      
   54.7222031529171284073373525554881080      
   58.1572019002626428293021368507189181      
   61.5480938106941270455476848301006404      
   64.8946556199809468410185249618237039      
   68.1955174676552082349452758581180519      
