   4.41345754705012083831899034713751658      
   4.35892581995456338272223687684173178      
   4.30555603136318855637394549126328447      
   4.25328327323203815571534218904957033      
   4.20204632561914932127088874993405966      
   4.15178728585347907268744196522362547      
   4.10245123343860268890235749138791177      
   4.05398592661430892971122404906032107      
   4.00634152692470580544213495597427312      
   3.95947034850597897441598292919126719      
   3.91332662912044990348561924491372651      
   3.86786632023435126986402945632165309      
   3.82304689367078311920068441721248396      
   3.77882716257090469579717547925521888      
   3.73516711456936988073607552751215623      
   3.69202775523598640881081372288870975      
   3.64937095995669452761556052568843491      
   3.60715933252341950583239322108862083      
   3.56535606877464624590978422619533466      
   3.52392482367609073402477154887762821      
   3.48282958025246568851442060851715555      
   3.44203451877524112529098299882799300      
   3.40150388457521644533440752065119419      
   3.36120185277857767735076504291079037      
   3.32109238815683352420107807268023164      
   3.28113909812835883277842433378675437      
   3.24130507674392674185181059043391450      
   3.20155273722108324812180564197191207      
   3.16184363024833987168670934152136455      
   3.12213824484368593384288576304470875      
   3.08239578799900046468147713167726567      
   3.04257393864477690137911926157925772      
   3.00262857058758398338514763646209168      
   2.96251343795626539927439647654503890      
   2.92217981527177659113667744373318558      
   2.88157608243883887017174410081098360      
   2.84064724261952511349485275805268174      
   2.79933435791822396648600756216609387      
   2.75757388384719518102624419051276494      
   2.71529687832074961484049833139598263      
   2.67242805397427542891071327024408258      
   2.62888463324914483205647960797026698      
   2.58457495294773128557899149844301633      
   2.53939674739829171460581906939364516      
   2.49323501480963577127979881318433030      
   2.44595933652236538186834249560080562      
   2.39742046850389362775173191569017680      
   2.34744595033648662072342749560484812      
   2.29583436562076593273571926647569572      
   2.24234771648764461919434573269665946      
   2.18670110447891224061909074190439669      
   2.12854846985619697868274014154859612      
   2.06746239960494990754633704353967969      
   2.00290471325352226485049584861718956      
   1.93418214390633774897532963805868635      
   1.86037678551025141240743470656753032      
   1.78023133261935705306183257557991733      
   1.69194742988847556647720234721550151      
   1.59280133397747524166557817031832433      
   1.47832676732402801000567757748147600      
   1.34028279511796578229468716320196637      
   1.16015362722401900539141386364036665      
  0.874163770572713388511573829769985657      
   2.67310572320753744803046648600646819      
   8.05468768614596879296083893107709410      
   12.7337777153009161789995338811017456      
   17.1016106512604758924887354654106321      
   21.2743299214101312395579989014749757      
   25.3065461665121095670904435617014779      
   29.2292614227917893824653865386468687      
   33.0621440535841781786907387240197183      
   36.8186527289733986272290252275783979      
   40.5085018158634240814713576201211197      
   44.1389485869432092330215995476948446      
   47.7154929227504907210985510752673208      
   51.2422599735168072309068468126149044      
   54.7222031530390216060890671102319593      
   58.1572019003769864909171443251739759      
   61.5480938107989744595285495036579294      
   64.8946556200760224462778825465929598      
   68.1955174677399260799821934116451802      
