 0.60954360236091E-03
 0.58347398060348E-01
 0.62557318434686E-01
 0.67068154798666E-01
 0.71901376838936E-01
 0.77079974518748E-01
 0.82628564639131E-01
 0.88573504668842E-01
 0.94943013728872E-01
 0.10176730221447E+00
 0.10907871231579E+00
 0.11691186259518E+00
 0.12530380890315E+00
 0.13429421206715E+00
 0.14392551672121E+00
 0.15424314599240E+00
 0.16529570356283E+00
 0.17713519341886E+00
 0.18981725372328E+00
 0.20340140444460E+00
 0.21795131146495E+00
 0.23353506962677E+00
 0.25022550366760E+00
 0.26810048754000E+00
 0.28724328643678E+00
 0.30774291819129E+00
 0.32969454118736E+00
 0.35319986474428E+00
 0.37836758551067E+00
 0.40531385331127E+00
 0.43416276499137E+00
 0.46504688864475E+00
 0.49810782262669E+00
 0.53349678757381E+00
 0.57137525454231E+00
 0.61191561354114E+00
 0.65530188171605E+00
 0.70173045439689E+00
 0.75141090161672E+00
 0.80456681271829E+00
 0.86143669163719E+00
 0.92227490445328E+00
 0.98735268394143E+00
 0.10569591924615E+01
 0.11314026477942E+01
 0.12110115135897E+01
 0.12961357599188E+01
 0.13871481960121E+01
 0.14844458798459E+01
 0.15884516088520E+01
 0.16996154956511E+01
 0.18184166333924E+01
 0.19453648573633E+01
 0.20810026051949E+01
 0.22259068830788E+01
 0.23806913445346E+01
 0.25460084862248E+01
 0.27225519691753E+01
 0.29110590705467E+01
 0.31123132766685E+01
 0.33271470217259E+01
 0.35564445832430E+01
 0.38011451418659E+01
 0.40622460161605E+01
 0.43408060802973E+01
 0.46379493765906E+01
 0.49548689328409E+01
 0.52928307947825E+01
 0.56531782854702E+01
 0.60373365022843E+01
 0.64468170633302E+01
 0.68832231143612E+01
 0.73482546083997E+01
 0.78437138730395E+01
 0.83715114790705E+01
 0.89336724355910E+01
 0.95323427408384E+01
 0.10169796339761E+02
 0.10848442563727E+02
 0.11570834171601E+02
 0.12339676167514E+02
 0.13157835642118E+02
 0.14028352959339E+02
 0.14954454659434E+02
 0.15939568439190E+02
 0.16987340441933E+02
 0.18101654831091E+02
 0.19286655255733E+02
 0.20546767489561E+02
 0.21886722455773E+02
 0.23311579236969E+02
 0.24826748617378E+02
 0.26438019134520E+02
 0.28151589372882E+02
 0.29974112154999E+02
 0.31912758243647E+02
 0.33975309065583E+02
