   5.16837139203883031670622373690027549E-0003
   5.83473982272005809227967550847390591E-0002
   6.25573185904186061397779560532849312E-0002
   6.70681549459584032781946802844842815E-0002
   7.19013769799434746998407728888966333E-0002
   7.70799746547571209531416012868110798E-0002
   8.26285647716246438588382451477510502E-0002
   8.85735047984721832129198107916653283E-0002
   9.49430138561950450408173045582987803E-0002
  0.101767302340145832608642430408078021      
  0.109078712440236516857866076708861964      
  0.116911862718607043202879040526639639      
  0.125303809025829425588315186154296283      
  0.134294212189238494634124826073457691      
  0.143925516843018310348557518601415464      
  0.154243146113664286480844343332484950      
  0.165295703683966763913729475216331829      
  0.177135193539562877545869546084769863      
  0.189817253843765883159560849517728204      
  0.203401404564907030526561587147543634      
  0.217951311585108797680604732482196089      
  0.233535069746958311295144200564276258      
  0.250225503787656949680936671876970963      
  0.268100487659886980555603392333559557      
  0.287243286556390952758732948735988566      
  0.307742918310948139202037280937787048      
  0.329694541306761343846362414974168959      
  0.353199864863509913637439756010466875      
  0.378367585629947846292753313899639369      
  0.405313853430235540816811577916282924      
  0.434162765110187262055781491034948857      
  0.465046888763439690178448726908499461      
  0.498107822745246744341172913965853111      
  0.533496787692172707563711800753465577      
  0.571375254660495790912007213892805733      
  0.611915613659184007575191251183329179      
  0.655301881833921888255289546552429757      
  0.701730454514686957364217088978686466      
  0.751410901734209481449761100374713277      
  0.804566812835565074154038963462128757      
  0.861436691754343850304973157419802976      
  0.922274904570144376547270522837767618      
  0.987352684058113790028961941881165584      
   1.05695919257788708398595909290047281      
   1.13140264791031194924247982004180854      
   1.21101151370551605774999764265309607      
   1.29613576003431414818212357803010162      
   1.38714819612729936163126104355165749      
   1.48444587996077286890637758734018648      
   1.58845160896659530692984698090988846      
   1.69961549576521935371894434273162749      
   1.81841663350616055982662263354595654      
   1.94536485747669524943577878034897905      
   2.08100260530793098989897119584066655      
   2.22590688319156473825271915895317502      
   2.38069134464679481688923398812949295      
   2.54600848633652831534836092998825086      
   2.72255196928665931256266608828894898      
   2.91105907065749732714872949226393993      
   3.11231327677882762862339094761797655      
   3.32714702183561343287075985103656659      
   3.55644458335217179035815347032175883      
   3.80114514197457159271709354016088729      
   4.06224601626837153984647313131786076      
   4.34080608040463201245722736492667393      
   4.63794937669729508440667850774675508      
   4.95486893294688275853882250702113718      
   5.29283079488773698526739590415436304      
   5.65317828557462251557042809350549696      
   6.03733650238804466160603190139518488      
   6.44681706343292352528787577477792173      
   6.88322311446309849813948923133445929      
   7.34825460850066473390628365422125001      
   7.84371387313939794713319107047103925      
   8.37151147916942359812889558366379640      
   8.93367243568877099161961312951703719      
   9.53234274093494272445083819608452536      
   10.1697963398562904284396415422170781      
   10.8484425638207655365355311281214129      
   11.5708341716930756918246237224412162      
   12.3396761676038490373069296803874990      
   13.1578356422057845505445551318861546      
   14.0283529594231816517946184008859792      
   14.9544546595161472795189503864592262      
   15.9395684392689255725429799799270145      
   16.9873404420076772807621537834208175      
   18.1016548311613203768760943505488891      
   19.2866552557951584971638305244382952      
   20.5467674896158657733363058178052127      
   21.8867224558243103326163571787405853      
   23.3115792370248988039380833141497155      
   24.8267486174347970465436685250513169      
   26.4380191345767425993671039182031877      
   28.1515893729372538948688288952592613      
   29.9741121550528453736994832670605291      
   31.9127582436982357557102780613101926      
   33.9753090656319334824096958989430408      
