   1.27327984682495209048416759289568071E-0002
   1.27978278501265510773492108045639397E-0002
   1.28687192803808940659672680603840992E-0002
   1.29463556454337029605516000231976390E-0002
   1.30318143685601321546120958275283136E-0002
   1.31264275321166368693798382782151366E-0002
   1.32318658986880971581504814609437880E-0002
   1.33502585466660980774990526634692343E-0002
   1.34843664061455899844611374448606052E-0002
   1.36378382751699687436474513685573330E-0002
   1.38155935275034941355489437058088637E-0002
   1.40243988505314257208130819037306371E-0002
   1.42737459489577853132982478059017132E-0002
   1.45772532854828630468897787786599284E-0002
   1.49552790909294661020710902511794498E-0002
   1.54409056821878982214098410006490698E-0002
   1.60949765968841267412521846300086660E-0002
   1.70473040869930245602116144536458090E-0002
   1.86452578858515438999782320694524800E-0002
   2.24607832408366845635739047965889934E-0002
   6.91587334328903421862843057808019373      
   17.7437283554529245173759200218913933      
   25.7090369023471130885910236289028161      
   32.4039742277906110515552925409661820      
   38.3163309073628874826830055025773265      
   43.6806932765574856700217245254545622      
   48.6331955189275708197544730851692243      
   53.2615152611715326743040753479852091      
   57.6259402266523937866663517182864893      
   61.7698273244192044577982561719713277      
   65.7253610814503594462298805898355083      
   69.5169106482219616928686560988333901      
   73.1629917626724116255894836120799634      
   76.6772674320265297310966933823710683      
   80.0686342773511549816243103788902127      
   83.3397954088155053110856875494649517      
   86.4806272624573549180434530475178504      
   89.4276889065572725565802812916225466      
   92.2589104208660224718453499757061755      
   95.0187924518758978767474559129495998      
   97.7112555561610939407337467102839542      
   100.339869411650908186045394814384080      
   102.907894934990557155953202237122049      
   105.418319947478522427273351820695853      
   107.873889659284441191167762172589322      
   110.277132929724888750147332705447644      
   112.630385038265334629982323213803998      
   114.935807539235830082325917887482298      
   117.195405654387225731031587556623502      
   119.411043568728741270380796916064393      
   121.584457927850905575207640057894918      
   123.717269783135830986543737913329328      
   125.810995190699223584694380936399471      
   127.867054637662813797899936421087525      
