   84.7290503831216973642201309025508515      
   84.7260941869651993494979471084698427      
   84.7211561688949210725090915586315877      
   84.7142273681850039493623196533489965      
   84.7052985611641026056366648533102017      
   84.6943607652099430100063217343499906      
   84.6814057033415520476776902707489879      
   84.6664262114763237972108703807691220      
   84.6494165008627074099548127876407182      
   84.6303720026398774747389514315531196      
   84.6092882175987871151193543074830005      
   84.5861576768217407302240699924850175      
   84.5609639759766015697597212183275586      
   84.5336721340863415206562051988303057      
   84.5042153678563112226611923377531156      
   84.4724794869382548182635589559010548      
   84.4382869645470733371370865290553337      
   84.4013829313054174093671686912505923      
   84.3614248806989369657541282074028590      
   84.3179770523834621042555778724184232      
   84.2705096170900028154607573081395504      
   84.2184021508000389727779649687857554      
   84.1609505277197589644263410958294731      
   84.0973762465223811275327244041539632      
   84.0268372546609462449781999502645250      
   83.9484394700926415683810864706026899      
   83.8612483616760916908296132080052924      
   83.7643001063077799046199667928499874      
   83.6566119741177932448758246002076189      
   83.5371917040966113872751138652324414      
   83.4050457190223154053271473464116875      
   83.2591860973451066150279772452476415      
   83.0986362737319833993058670031049378      
   82.9224354812289065071217694886248785      
   82.7296419802542995084537683459403803      
   82.5193351422502668147217226657567302      
   82.2906164717483565449099825612265360      
   82.0426096592471953883794122067008396      
   81.7744597599847597778022930232086605      
   81.4853315922433159318207586436817782      
   81.1744074416155534581259586365529012      
   80.8408841490783875450628321479272119      
   80.4839696479983344084229112050349023      
   80.1028790007393235266288599469682574      
   79.6968299705864518911910095550760950      
   79.2650381465446502263144018316530165      
   78.8067116216210853534052146332222799      
   78.3210452036271282675839771535692088      
   77.8072141191215886405290259626861189      
   77.2643671448377225644852305854024693      
   76.6916190771633609020817708254945189      
   76.0880424188500114099965323975487608      
   75.4526581273995701059171755754397242      
   74.7844252268322056921028616361471191      
   74.0822290324273929293967024983466232      
   73.3448676726219498419233812312480183      
   72.5710365094980864288230366425733174      
   71.7593099530030548580139002548605607      
   70.9081200236906797607741685665622849      
   70.0157308359653901613945322525045578      
   69.0802079262858575723065524683989161      
   68.0993810181647894567545870984374860      
   67.0707983551044499640650440027586766      
   65.9916700957663301154268535866115270      
   64.8587973587188097600461803431436026      
   63.6684822017933908603883682196111971      
   62.4164119143365755603102310580802993      
   61.0975081385694543129574185980411157      
   59.7057269664735710664471893603893270      
   58.2337892881808386945482320277467784      
   56.6728095736231235083677177310949586      
   55.0117727567727535976885762173027307      
   53.2367768427774235748147594820402117      
   51.3299009737264774616132996154409526      
   49.2674488471922985054802075530569995      
   47.0170964523143431161464761738533737      
