   4.26683880939966084060262995197601955E-0003
   2.74339550404718209928664609959376683E-0002
   2.94108604616155577421717195794253177E-0002
   3.15300844280022755575622454957891986E-0002
   3.38018925284077765064593298625143155E-0002
   3.62372874181174427351607599288609622E-0002
   3.88480655962477416508910284785727327E-0002
   4.16468781602828200022728783985842857E-0002
   4.46472842766694600092343694506176945E-0002
   4.78638246624224554193594139087386498E-0002
   5.13120899413161569846755391824456316E-0002
   5.50087962325914191604034325274539282E-0002
   5.89718689806284394959825056243194853E-0002
   6.32205279085467794297790209510132017E-0002
   6.77753827661589097203851578065513998E-0002
   7.26585355105803766358050781188052026E-0002
   7.78936840010574997288244196819645719E-0002
   8.35062450189450029614976522768627225E-0002
   8.95234714739712357273635193672309499E-0002
   9.59745934068448799165864189025613655E-0002
  0.102890954882218555695931656480979864      
  0.110306176676876071340372436245976786      
  0.118256310242918506435441565171140347      
  0.126780026772619721051788736665810915      
  0.135918802406272131918809798721421005      
  0.145717122932150447372902441475535329      
  0.156222705620513102767622269560755002      
  0.167486734983427488052501179004219193      
  0.179564116167314945366883775204309734      
  0.192513748595082921062008742716553471      
  0.206398818218073931349904844138722482      
  0.221287111349663197404512757056729511      
  0.237251355354719307667871128294929817      
  0.254369578418758627956077797723365429      
  0.272725504650502057876344587052728341      
  0.292408970645925369694260739050862687      
  0.313516377233298752487879923777222517      
  0.336151176324783935208858561252340307      
  0.360424392079903969622260746135023715      
  0.386455181299949994911768643236141516      
  0.414371438801191302751141552722489716      
  0.444310447705014514114145567069613102      
  0.476419576258139714644794928845331294      
  0.510857031564316545977398682889034419      
  0.547792671700497105870914897000449263      
  0.587408875837704232570931194092591747      
  0.629901482082955285221031221051613950      
  0.675480805133974867006189914058070087      
  0.724372720149915137421589481884727865      
  0.776819841649657477625387165898645846      
  0.833082788221459464888646760042070556      
  0.893441550337359195909246839487519828      
  0.958196959994524257082021996627679657      
   1.02767228129335752649526857173602925      
   1.10221492454288771428354738569371501      
   1.18219829543099426467708150907435371      
   1.26802379410872873324629587193059551      
   1.36012297103763533227655157786027622      
   1.45895985879621759557480764241194572      
   1.56503348914303126286096026195473223      
   1.67888061774937835331718232892886728      
   1.80107866655523398013852873934173308      
   1.93224890817313634131574704936861729      
   2.07305991302978022612200276801158270      
   2.22423128119962228777125023232244132      
   2.38653767848919021546911180177412594      
   2.56081321747281148109292250957112120      
   2.74795619859796742100757954493488400      
   2.94893425478324231545007609019313485      
   3.16478992948671694280490908791380568      
   3.39664673439510687906088942575786622      
   3.64571572209378294496508595368033771      
   3.91330263337297652817453239982341866      
   4.20081565980257077211557884398685686      
   4.50977389610521822047073637802900178      
   4.84181653781860135661079959410501675      
   5.19871290332272845575178794611542086      
   5.58237336599636620830553797498537621      
   5.99486128964481737797640729993869937      
   6.43840607727258954978190375142790535      
   6.91541745682125205693862010785831054      
   7.42850114857297479900124335233267553      
   7.98047608254999025686619361613696035      
   8.57439336314866642124958197707354200      
   9.21355721396015758561850975896934883      
   9.90154818890437060260616692153015317      
   10.6422489874872193188554748813135463      
   11.4398733001157559638037800502466649      
   12.2989982075463165051022940553772130      
   13.2246007985156368350746672189381073      
   14.2220998638850428185827411877904959      
   15.2974037781225332619434016748812207      
   16.4569660446573161515997730616639455      
   17.7078504996961210377873281498105034      
   19.0578088929606066798689251720517102      
   20.5153746361334774778820807293500444      
   22.0899780509975591453877248773227042      
   23.7920906964060269347881349572911797      
   25.6334096138430420335061468873805671      
   27.6270968796311750191897164393245597      
