   89.2499430000000000000000000000000026      
   89.2505430130109923956038967555187624      
   89.2505995188065164109685564266352651      
   89.2506613459948590935617472894701991      
   89.2507289957143774554200659007304216      
   89.2508030162977743173946377599051879      
   89.2508840077165920206322221498468367      
   89.2509726264442631497673618945983279      
   89.2510695907771355745932590327493698      
   89.2511756866566012136094923032001900      
   89.2512917740395196035163429703574030      
   89.2514187938685715452650381417309464      
   89.2515577756990408118967771211732353      
   89.2517098460438425606934990059560674      
   89.2518762375044388185425777831944979      
   89.2520582987616513927085507576310089      
   89.2522575055073524311095422290236837      
   89.2524754724056391107947290633248467      
   89.2527139661804433849820642283240160      
   89.2529749199356580034366072706216924      
   89.2532604488238501433863286496251389      
   89.2535728671905649232114757251324868      
   89.2539147073331814191603558878928138      
   89.2542887400263705105685041461043276      
   89.2546979969805230153728562697600864      
   89.2551457954151842084329121699088706      
   89.2556357649466739337916857537154471      
   89.2561718770078290815466374427380951      
   89.2567584770383292392716779652988793      
   89.2574003197065232038992983591082073      
   89.2581026074482457761483874267807446      
   89.2588710326350000214136200790760075      
   89.2597118237132978902248616707235239      
   89.2606317956891401922690527811550862      
   89.2616384053668363101956418102782379      
   89.2627398117899001926908972093107500      
   89.2639449423739244342011119251065549      
   89.2652635652674704004806132584134224      
   89.2667063685274933499846857540480008      
   89.2682850467510565031251904501238666      
   89.2700123958655247301529264957187642      
   89.2719024168455568318744663757052621      
   89.2739704291975712764643310626938079      
   89.2762331951315302087099391648524344      
   89.2787090554265122747252927699694951      
   89.2814180780913284476301685684909202      
   89.2843822210251448637881058766220363      
   89.2876255099965533016904896410393147      
   89.2911742333836931377086925869829922      
   89.2950571552538847956944841754879726      
   89.2993057485098850488653392710873372      
   89.3039544499925239132968984396989397      
   89.3090409396074496421704499189512342      
   89.3146064457384349928205790569101547      
   89.3206960794227628455220636752630842      
   89.3273591999973393948384799176648964      
   89.3346498151792681403603311954066413      
   89.3426270188237253573903538293068708      
   89.3513554699073699263952868914251752      
   89.3609059166196726898254766157086772      
   89.3713557698101713472244521481602096      
   89.3827897304397098228046296455236403      
   89.3953004761214486604109448178843530      
   89.4089894123163833066815640120976490      
   89.4239674942721622510895065162536118      
   89.4403561263674046138298483249871484      
   89.4582881461511246468974208613718203      
   89.4779089010533641752409294166832064      
   89.4993774264942776058467908161043749      
   89.5228677349407961441542194360554379      
   89.5485702263592800184790722680902846      
   89.5766932314965389277869843177522811      
   89.6074647004982371459816387047039710      
   89.6411340505517273783241145992035374      
   89.6779741875293250393455162830066114      
   89.7182837180183897933381437335869104      
   89.7623893696677555583004800947411138      
   89.8106486394685518739667575931541271      
   89.8634526914349746724168527328376584      
   89.9212295271720680423702191987656268      
   89.9844474550294557799499169312366077      
   90.0536188859601406714974662835179162      
   90.1293044868515872449666475687567681      
   90.2121177249937842300155781616073558      
   90.3027298405193316214831257443194685      
   90.4018752871195112091420415572657616      
   90.5103576851358958930183523234532663      
   90.6290563352800971374789410789223782      
   90.7589333457784038982915355329103935      
   90.9010414307101627840706815594777683      
   91.0565324427490892602783153735510931      
   91.2266667094693798777185100342658411      
   91.4128232488917650727280214851062673      
   91.6165109470712941474138092930431952      
   91.8393807883264434525132770746200152      
   92.0832392372412903839890552025373652      
   92.3500628809081566573208837952039271      
   92.6420144500929643500398806448137471      
   92.9614603491823634722999456061051702      
   93.3109898370010736666175462207504241      
