   1.58619368255911393664463878814591159      
   1.40963576799598236141971024532775744      
   1.40597080014033579141660621518402894      
   1.40231505978673989700932919085721739      
   1.39866844326158909075945963391909022      
   1.39503085376862972806099541366806558      
   1.39140219534249197036848188266340426      
   1.38778236863522302006193433287244193      
   1.38417128159694168301874522038125911      
   1.38056883900862635820740770097783166      
   1.37697494571917205852226913548233761      
   1.37338950662503939272339436782117599      
   1.36981242409483709169295607426880086      
   1.36624360014721460504584316464915437      
   1.36268293430701547569336837327191515      
   1.35913032238758353806426281282776049      
   1.35558565946291162820787589315328783      
   1.35204883455065644288151680765307231      
   1.34851973529363085194539553170721874      
   1.34499824294186580076407489518228689      
   1.34148423590454932116155290355781479      
   1.33797758477908631935105250546378622      
   1.33447815765480366272972841787285796      
   1.33098581406353062044041033327652658      
   1.32750040724670229003356671226377546      
   1.32402178351883036079540692535309991      
   1.32054978094950488279113910323001968      
   1.31708422897237418748432059061542117      
   1.31362494782764288816980411385138964      
   1.31017174753445010860703947121523778      
   1.30672442732028380277074613943716473      
   1.30328277496300610522313513781813880      
   1.29984656527470243594999652605278330      
   1.29641555995795969377945777963802226      
   1.29298950558093100283055460391890299      
   1.28956813316645023194275033303242583      
   1.28615115685027326656247931635569508      
   1.28273827230724859056014708979742603      
   1.27932915548435105124790466403517640      
   1.27592346119307830048578103278125452      
   1.27252082122853355731638328032608428      
   1.26912084253710221578441746065454578      
   1.26572310556424901794891757234976063      
   1.26232716198515264358380272487497967      
   1.25893253224308765537793541564190342      
   1.25553870332891678395124734195219823      
   1.25214512622345124019775460921434801      
   1.24875121251947305619370724186747556      
   1.24535633183511486816326981457249463      
   1.24195980808818868422437631315244010      
   1.23856091595317701715043585529671729      
   1.23515887672345730569284404236325872      
   1.23175285417772855010169347032802028      
   1.22834194975780941892001641323373730      
   1.22492519748698341583847699188065950      
   1.22150155849402003911625720493656700      
   1.21806991493903538160155929605504489      
   1.21462906357207454079750530045092538      
   1.21117770860802486400119873270171315      
   1.20771445410996764644230343229871860      
   1.20423779557059774904092846170171256      
   1.20074611092784935647407996576677417      
   1.19723765073927234024657471283673033      
   1.19371052747238478203364621657306276      
   1.19016270387489632227029859102247963      
   1.18659198048684337667038633249067913      
   1.18299598182784545995712860515404829      
   1.17937214159144866958376369788494922      
   1.17571768644540232608970922037043698      
   1.17202961848862407293749617708981929      
   1.16830469608966164151989226353785112      
   1.16453941316427486572157170030997999      
   1.16072997649514674619279105104177479      
   1.15687228120422051500215931132533391      
   1.15296188388807881719206177494281137      
   1.14899397343546457429831315030098862      
   1.14496333920028472700688411075772123      
   1.14086433623648907101794904018287892      
   1.13669084733013712901175381361885134      
   1.13243624145523291449147534807545244      
   1.12809332826772590447795410270481108      
   1.12365430816687719788942746791092294      
   1.11911071738440777564997745517116807      
   1.11445336749237167928692929793773398      
   1.10967227864743284668159855992826544      
   1.10475660569595774626410624086306866      
   1.09969455628569696350000925956568545      
   1.09447329988308990593597283340510690      
   1.08907886657340830851208891805812414      
   1.08349603443953074915360841658729132      
   1.07770820422075030137089451499116284      
   1.07169726014128963739306361308517430      
   1.06544341603240337737049555559839823      
   1.05892504634074095451717457266379173      
   1.05211850272734810809803141388894401      
   1.04499791842034974549515436929902189      
   1.03753500500056864958878937787395398      
   1.02969885007812028018355435029165150      
   1.02145572968339921473260690264471725      
   1.01276895782955191455133996467407578      
