   277.063994752807950380999828051341283      
   277.054327991376201872858287044696376      
   277.038180672286391907104845582934950      
   277.015523493964962998576005897945816      
   276.986326294971573530223675118474892      
   276.950559702327891944654292478463155      
   276.908196653145688275975939208806735      
   276.859213771931048789498770358167456      
   276.803592567637126151470286644888089      
   276.741320413171774439947817781544866      
   276.672391253715182862790867948125429      
   276.596805912619876431006534598710279      
   276.514571694861787538913996447855808      
   276.425700736175534721920389546683573      
   276.330206308996249727634416564052148      
   276.228096221615484096130408269409718      
   276.119362645790713359403063448222313      
   276.003968169191608978353197659358211      
   275.881828474071431851528766258964940      
   275.752792617991896900236973196900978      
   275.616622314495422845275366153161678      
   275.472971801215906278264922187264668      
   275.321369844297673551768113111539582      
   275.161205198979676381732016294514365      
   274.991716486289106145766677336909105      
   274.811987025758578499180168718455322      
   274.620944745646914770333793494859079      
   274.417366917547250640654452222806070      
   274.199889168980873458497802278680392      
   273.967018021445570324652604107358901      
   273.717146090927096458057217099834990      
   273.448569055024083295352670679163325      
   273.159503528311541800480829881209469      
   272.848105068485409185462725728124569      
   272.512485649976035745778199420178925      
   272.150730070838320093610121252582013      
   271.760910887628400638069162090969060      
   271.341101597308981676697832395376954      
   270.889387897299413697017303929679385      
   270.403876947719497262812197347727349      
   269.882704638768040816666978568588523      
   269.324040925947495590684696254247829      
   268.726093338760245608453901450495949      
   268.087108799526983580009230537747073      
   267.405373904433426449337599704123917      
   266.679213826347355227433327291153606      
   265.906989998113299563104677929819658      
   265.087096724155057094306904861656551      
   264.217956859265665752187620100499056      
   263.298016673596211618520373270133346      
   262.325740004412827746906804873179505      
   261.299601777484922009313713777003897      
   260.218080955018464488438111975612744      
   259.079652949303546557088215194260929      
   257.882781516499470308849292742939137      
   256.625910123258590821587205762869496      
   255.307452756802310117698169635753673      
   253.925784125622969478449850206251746      
   252.479229172271950263255334798612190      
   250.966051796224129091226333862687107      
   249.384442655754848014286708192495322      
   247.732505885184674947622084657476713      
   246.008244530589087012409598349327110      
   244.209544462974333362046698241598126      
   242.334156481131033677003774336173693      
   240.379676252840103124933136916570345      
   238.343521674749750547591664964414750      
   236.222907137171256491211355250649539      
   234.014814069652710702333750875227992      
   231.715956999391162647009473198155025      
   229.322744173029112948604824077137509      
   226.831231562517933643634102098744792      
   224.237068768154954750945521146488108      
   221.535434942791264312645380357210837      
   218.720962333165114760218326586229491      
   215.787644340362128139609802798904678      
   212.728724054042895878662086672559563      
