   18.7786855331590000848092430367807878      
   13.2955293881793539121888316345246866      
   10.8593957174084198542789643569662538      
   9.40546479495418595727676543378176927      
   8.41248914885994748386082893551562893      
   7.67903097483715470389909961140378701      
   7.10863432035598349310182291701042423      
   6.64855869578232913635419929539614864      
   6.26721510977953043470839985317241038      
   5.94437717509366377069055679668428024      
   5.66641456747649954069870905853969704      
   5.42376258701276942222939647608666209      
   5.20948523419114982686013843754902435      
   5.01841388556817904572095823434913291      
   4.84660750083866990829217914233218569      
   4.69100146970078170859285122969240948      
   4.54917179337641522012539281996320577      
   4.41917231232343604341171380923237915      
   4.29941963403787755383426076597611081      
   4.18861005907811208107111776644424025      
   4.08565849249381678093246701167210885      
   3.98965278921076916569894211608709129      
   3.89981914600421429752582042928418171      
   3.81549553873451313584941849843649558      
   3.73611111075590018626376758427321808      
   3.66117002431184094009773330287650590      
   3.59023869913182508368094855789427995      
   3.52293564824337841369543331350843444      
   3.45892332268340077009219870447791417      
   3.39790152148043033521892335642133597      
   3.33960202888180481389665400908242343      
   3.28378421897474465975194833501017835      
   3.23023142659776452410159674370319258      
   3.17874792801834950614693716871787569      
   3.12915640907444241048187435542544089      
   3.08129582492161058970031267775112109      
   3.03501957604277433383515824657314352      
   2.99019394119448742696739466270296557      
   2.94669672048566815746572686926167206      
   2.90441605154902268416399045361220219      
   2.86324936943976169131406365700571565      
   2.82310248688214698058394549497845202      
   2.78388877615615825569307819761146061      
   2.74552843759044087718879864149792554      
   2.70794784246506779848390007591863317      
   2.67107894036198480695688762551358369      
   2.63485872274496765929121444552087080      
   2.59922873587754461977907451550493414      
   2.56413463728581228999355235091738904      
   2.52952579076630525102306020644813074      
   2.49535489559315986328033462043343499      
   2.46157764611504340677871689812688493      
   2.42815241828964185282976606292598863      
   2.39503998005991227429497835483372279      
   2.36220322269983712038587491730891468      
   2.32960691045713254377220318476060228      
   2.29721744597263656189105726831268990      
   2.26500264906024768359288166068021103      
   2.23293154648651732434972148914805907      
   2.20097417044168821506739967907075494      
   2.16910136337838645708132455716455644      
   2.13728458683542601873780731328108319      
   2.10549573179148855281102647170319504      
   2.07370692792268936545966301902316010      
   2.04189034894631053434049857859148622      
   2.01001801090485780857194494189818117      
   1.97806155988965843214892136501263379      
   1.94599204515125554387824686502004388      
   1.91377967288592403856253173856009541      
   1.88139353509193174113333473259784734      
   1.84880130673695894303673884212083515      
   1.81596890300079851066024403656937074      
   1.78286008634216283568006600330922580      
   1.74943601058905103143132680754850255      
   1.71565468575082301635536222018424384      
   1.68147034264529507377723755939481878      
   1.64683267011453782632712180696487980      
