   2.63832749831767334627303024877432574      
   2.63841925767092640733995819541989510      
   2.63857210103611414717227677521753813      
   2.63878583738208172650016489637039095      
   2.63906019958987120138354189159736741      
   2.63939484330874786500734901056562859      
   2.63978934763421535660672661755607640      
   2.64024321804011277591057170292186249      
   2.64075589152652522845257347979607879      
   2.64132674353776966679264465496824310      
   2.64195509563846287820683007369280733      
   2.64264022187603634050698596899965905      
   2.64338135023897428873245031198956492      
   2.64417765400735897752231367740762457      
   2.64502822661313345900003684902808180      
   2.64593203321006827147046023141962453      
   2.64688783284754404649825181830788749      
   2.64789406733864244627186931612570238      
   2.64894871681684402675352909413071431      
   2.65004912704518666175308155722701549      
   2.65119181881804261778001392129944992      
   2.65237229390153820735094383474085312      
   2.65358485400322826675346001423225304      
   2.65482244885916000328101247811433925      
   2.65607656689935413799305639402900620      
   2.65733717780306996531416446128224762      
   2.65859273142815960929556779736577486      
   2.65983021282967463847928499714106242      
   2.66103524901935669052962634123780545      
   2.66219226002788419639994103228305740      
   2.66328464490684427296735828144931646      
   2.66429499241676065125647832339694154      
   2.66520530620150100933771400875009145      
   2.66599723495157479687510679246131319      
   2.66665229925069271144718897409258953      
   2.66715210825243174246643651733420896      
   2.66747856085429214900726578652853115      
   2.66761402754070781453999728993666675      
   2.66754151045311940232282004921540992      
   2.66724478043097184769691471929402776      
   2.66670849078532977603140173328086599      
   2.66591826836618801690334769224355337      
   2.66486078308548543105308320720630289      
   2.66352379750793352872336201034385223      
   2.66189619839356859039487596021656287      
   2.65996801224308212067464841421042564      
   2.65773040696381168818535654791802317      
   2.65517568173125745361507080357788967      
   2.65229724708075196030357500349311498      
   2.64908959711695769033100701831666766      
   2.64554827558981908510005745866870854      
   2.64166983745263922711088557248589368      
   2.63745180731395318142302893952815971      
   2.63289263607081843612949393288776517      
   2.62799165683395951780694364708559366      
   2.62274904111827012309316605077525578      
   2.61716575614902364420582879808296676      
   2.61124352402021450267657776933851860      
   2.60498478333351046755923526346392863      
   2.59839265389153298752003145109245530      
   2.59147090495465460360128043441405760      
   2.58422392752410446680353779091968557      
   2.57665671112431181851547609428592242      
   2.56877482554697982926201472690352374      
   2.56058440808251600916465916011929109      
   2.55209215679846426410700526349831246      
   2.54330533057228189708312459482141227      
   2.53423175670011531922623514179696604      
   2.52487984712877571557155265699280501      
   2.51525862461695168387205339962399691      
   2.50537776049021963960524556891191510      
   2.49524762616012183918791961797821354      
   2.48487936115996844732635689244542442      
   2.47428496135243481771752338611998113      
   2.46347739205055306546042331276354526      
   2.45247073237606477483739667119454599      
   2.44128035926216836241008501513814955      
