   67.2768719810044350933664376950772179      
   67.0318230233304747788925490283049581      
   66.7792753128542131740449241126131175      
   66.5190595917656564917008761678769793      
   66.2509951710265190401620696818272221      
   65.9748885054449661003295396011273241      
   65.6905317237817740892603857324190394      
   65.3977011186805829300038290593673177      
   65.0961555976120883817224805748950014      
   64.7856350924074646110336240672655603      
   64.4658589213648315301965609911879762      
   64.1365240943473216952216721702261835      
   63.7973035477302286738196338126032866      
   63.4478442924428703889335781026653232      
   63.0877654546196382823637571661117136      
   62.7166561844190844008942641630660439      
   62.3340734042731176787577316957114354      
   61.9395393630350058482079429686337152      
   61.5325389570256352880687994899192563      
   61.1125167726105217878844159501689440      
   60.6788737974026368844788195752474777      
   60.2309637381477702071679161918063929      
   59.7680888723875488211782882227757369      
   59.2894953475895300356892896657544306      
   58.7943678249045987834250769519529992      
   58.2818233441976557745602530056409007      
   57.7509042613602624521908734833136201      
   57.2005700766693508974031440796751073      
   56.6296879321165068599551492396337212      
   56.0370215035433339834262149889321853      
   55.4212179464636024914310480771250283      
   54.7807924676895692696193734757303773      
   54.1141099814441698486848513959709213      
   53.4193631589141863305087279021144598      
   52.6945459805110267955717172788849373      
   51.9374216307763889255415304027491681      
   51.1454832081267908280685646048248630      
   50.3159052127392580400851166490691612      
   49.4454830612162349251158815190263460      
   48.5305568565830535119597971031521313      
   47.5669141596442692406460066942615558      
   46.5496643093084037714827234640124394      
   45.4730735049511802437340257591408136      
   44.3303446752108295406204070578250740      
   43.1133178455549155219961458028204517      
   41.8120529506629724304536553721046845      
   40.4142333460380823728911261095993512      
   38.9042856423996314139229809991716689      
   37.2620306668805121676245269708110249      
   35.4605173556291849189875988960218650      
   33.4623370950906338323707834510403643      
   31.2128707100507340320814845483223521      
   28.6266430293500623476554625972322611      
   25.5557018190075346501824261729286249      
   21.6990842326706158780188423037156995      
   16.2176421936219938945989610802453511      
   1.08170794377989839353268553567593945E-0002
   2.16704755706864868882282174091903387E-0004
   1.31302644661325902440610715657508966E-0004
   1.17692869671170116874615656587419477E-0004
   1.15592077061142028842853582443210902E-0004
   1.14450468269997884950163459812813227E-0004
   9.54038121854984536968180292795742277E-0005
   8.17114667437679944036393783712496090E-0005
   7.20538990485597587754014638345671619E-0005
   7.20479417301995771098043410980348358E-0005
   7.08935272094338558453452201095748940E-0005
   6.90884931961113498473102274829510284E-0005
   6.62967156517781623372144591082437083E-0005
   6.45833359036454056892057025484974365E-0005
   6.26930276166466767435501455304810092E-0005
   6.02691815661774491779704489651044407E-0005
   5.74772828588945670157825106290394779E-0005
   5.33766082456670529120134361147563466E-0005
   3.26867697930320571452429411675192979E-0005
   1.02668510138455107896649781606108490E-0005
   1.02459867996294235983729366717776733E-0005
   1.02290952763595941514314787982340647E-0005
   1.02152714657801559840086929059399027E-0005
   1.02038462838091144417418045797741900E-0005
   1.01943181348317865717426736270223206E-0005
