   4.39199616077398251598248108565653841      
   4.33628337087315094866309238477729537      
   4.28168061111725771432013120874298517      
   4.22811998575566986641003258242352020      
   4.17553721871760965554926722825811577      
   4.12387126165065761155140206112331305      
   4.07306393487342731825505191156711944      
   4.02305959754531263297802246033816054      
   3.97380484366679184515763998073915781      
   3.92524822077393615015133875004505252      
   3.87733996839206053513805563932990017      
   3.83003177347326903902727997241468449      
   3.78327654016622254587843964676761646      
   3.73702817135638937087198472507036377      
   3.69124135947217301334575544154027887      
   3.64587138407556730223523776401845618      
   3.60087391374305930098804649531713032      
   3.55620480968901083423470740120826657      
   3.51181992848402693551714923836216719      
   3.46767492106669873992062087139719306      
   3.42372502502900617686979845920338135      
   3.37992484685919143496606178857535436      
   3.33622813043484272135640452280511453      
   3.29258750755087672110736910195169026      
   3.24895422561193618701272042831169199      
   3.20527784678043739665124803578154285      
   3.16150591179766101803119043941818463      
   3.11758356032098351157291411004543768      
   3.07345309785461325801289872422071145      
   3.02905349707440197124908634173767495      
   2.98431981839274597651313141779025512      
   2.93918253075030661736987329136420949      
   2.89356670853902805663215604533476551      
   2.84739107380748431088530689720001384      
   2.80056684383426126865873619676348211      
   2.75299633185081092037205600494730611      
   2.70457123178788582237484916509029331      
   2.65517049437161841740776738283397253      
   2.60465766860684545546863220429629700      
   2.55287753484694781284254594413433279      
   2.49965178563399907959698893982005688      
   2.44477340591165749862263867296202247      
   2.38799924438973647166361767991949277      
   2.32904001721382139433581626387696558      
   2.26754658037392934823248476887317318      
   2.20309063144957834483628091904913445      
   2.13513682820700072717068304614266448      
   2.06300118178377126370929639870880277      
   1.98578650600743756909907023483858411      
   1.90227739741519656007652397631933021      
   1.81075895084743597845298122805428528      
   1.70867921847468494298688002642944455      
   1.59195435822533044926973040982510870      
   1.45332156297276505206803555676265488      
   1.27748128257509144781384517363666328      
   1.01947488684143067072784410016325118      
  0.961524533836494499206648054822692828      
   7.41901503799246570460157143988190645      
   12.6270794304300696770097775039851672      
   17.3901157855213509448489476296614156      
   21.8817587143756372572166459269716617      
   26.1789660613504407350324433257428076      
   30.3245684679898558574742840690270953      
   34.3455958414186228917676795043306227      
   38.2605541519679285788872739578606450      
   42.0828386856334740554147387805150911      
   45.8225083308228286625253116769031599      
   49.4872698196776844269806733672026326      
   53.0830449936105051094244034188761791      
   56.6143019020506585048910971543843510      
   60.0842419343647102495761037618752802      
   63.4948868313436524323119864615214790      
   66.8470710013458930182976909590326051      
   70.1402763668864257146864168851315702      
   73.3718774183886801497542888866627472      
   76.5362396681540277821625939816359824      
   79.6364207175020069916109945350571991      
   82.6749863018217950568047602805404133      
   85.6542499873198866883877584001711533      
   88.5763966264072671216836597436910736      
   91.4434856635196607230598719112600440      
