   5.75680180862328832789351820703013421      
   5.75669425692907361772361239387902961      
   5.75651514666352854602816251982383796      
   5.75626476313267428464806888240261077      
   5.75594350843090283746537250688133568      
   5.75555190161226727674894899667311532      
   5.75509057435689261692372076375958015      
   5.75456026206469409061151838886496013      
   5.75396179107705624702628781234792126      
   5.75329606328430604940864652354900724      
   5.75256403965729423794439502584053492      
   5.75176672512645691408086518764672310      
   5.75090515860472669749081657308585177      
   5.74998041409019121061775583781197420      
   5.74899362023697324530241325656450424      
   5.74794600600631160216175829881862640      
   5.74683897849857156878454399446362800      
   5.74567423617541189519126161027913362      
   5.74445391714000046530819827791952805      
   5.74318077817337917040982382185000834      
   5.74185839657081831166328415289148701      
   5.74049138351451241249114947474267886      
   5.73908559530634641664081647994723383      
   5.73764832778508207650940022977907377      
   5.73618847950156115075793932783950444      
   5.73471667107662199898326576943859956      
   5.73324531120085885434697508746273522      
   5.73178860344069535118015942707160580      
   5.73036249218040037971696203932165437      
   5.72898454990515705870431203847645537      
   5.72767381143069777559625224554424323      
   5.72645056332839240685851352920296284      
   5.72533609855185144605412956978394954      
   5.72435244713866848099903759587417881      
   5.72352209391269214384132663662646380      
   5.72286769356080231275263819960504760      
   5.72241179234097401950702322170264250      
   5.72217656426190212992686842310676015      
   5.72218356801245117660692743738096475      
   5.72245352918860022088876946691205757      
   5.72300615093164280452042777179923420      
   5.72385995451347613962052228455727839      
   5.72503215022896438289269073831710252      
   5.72653853790702690419044253935499329      
   5.72839343555104877990071973972962276      
   5.73060963394051146910839908600973528      
   5.73319837473416141621788911814372086      
   5.73616934925070241210634393603444950      
   5.73953071511137387551786895888603803      
   5.74328912787591899356182174750970489      
   5.74744978491424307327868337926970187      
   5.75201647897087227250839352818505221      
   5.75699165903056307709758418147379848      
   5.76237649638524806084201622322805506      
   5.76817095400039692681282601298149985      
   5.77437385756149468526445429869490466      
   5.78098296679685121184795410493237934      
   5.78799504590826718861887530595197212      
   5.79540593217826866446907722431871390      
   5.80321060188004169795971118230178456      
   5.81140323295457735440831728730826172      
   5.81997726396659658986257370716923860      
   5.82892544886776407017721228334582152      
   5.83823990742599231484976451536179815      
   5.84791217102132747290671008141377912      
   5.85793322371661564898343788877741614      
   5.86829353845327686589918489065733329      
   5.87898310834577868134263021231408255      
   5.88999147291751728975535782519795902      
   5.90130773926536086919671343122017739      
   5.91292059798336105945151452992942791      
   5.92481833375841388822871897364502747      
   5.93698883032693804702044026602617979      
   5.94941956964232976644955197759847361      
   5.96209762478910035468606782674505871      
   5.97500964618106985922005616964390314      
   5.98814184040457724025431368946648642      
   6.00147994090488477416636023975596925      
   6.01500916945488592104518645848319566      
   6.02871418704676915570426525581216506      
   6.04257903261199317607470845806691744      
   6.05658704726652588713463179730238858      
   6.07072078153578041673536358443924435      
   6.08496188189375250413630147899511385      
   6.09929095224309237924312733844598864      
   6.11368738450801960303246335152735599      
   6.12812915075162628053010585464462110      
   6.14259254695992255944329741591492902      
   6.15705187526623998830014026901387762      
   6.17147904697484375022023332546290348      
   6.18584308230929285361874361724098559      
   6.20010947378545466383351053998967742      
   6.21423936672603791757815200830144376      
   6.22818849087540069680750062456766562      
   6.24190574688093611708434659943846037      
   6.25533130509778283407723261899437760      
   6.26839399953223777490982466554565403      
   6.28100767757284692222658224130244846      
   6.29306595779047781654658305832473259      
   6.30443448008582824398519523247799798      
   6.31493905226821780328653833557341813      
   6.32434677462278228583218613804324631      
   6.33233449031494203243649831388349334      
   6.33843282287360583812604541559228398      
   6.34191916567141307831188984578388434      
   6.34159160787507321447667045990666012      
   6.33521823516136608312875539024372965      
   6.31785592067721973802745749043229270      
   6.27400261826308409360301746112556395      
   5.69915328610023672727671757544421184      
   6.75322908921888187935090824194798813      
   6.87816574548382158079450870660571043      
   6.97347374666211427435500773462098316      
   7.05672985298213860387627736338144146      
   7.13342465905410505602413087978695100      
   7.20591938027103007588536297094417108      
