   235.280614361362568539609003427063999      
   235.267398252924457508319123671013411      
   235.245344475392038201665013753449626      
   235.214438641360550796284178718981307      
   235.174671149317033956502651793348417      
   235.126038996807595496662643271684488      
   235.068547281686264456838482028646761      
   235.002210341878319025839485096355736      
   234.927052510597908074008218023236823      
   234.843108495402688688416735870922296      
   234.750423416764745046861683161656937      
   234.649052540106244696901307444012535      
   234.539060700520320508099195095542015      
   234.420521315480393931884707164293709      
   234.293514718904398874473209369188998      
   234.158125367396706438919054176835989      
   234.014437377095027517479838913659070      
   233.862527953131923249421991729916854      
   233.702458597401503685586507114352734      
   233.534264450828871970437348436329622      
   233.357942582785999219838835352712901      
   233.173440347968889206904684368256923      
   232.980645006790625673637766463761457      
   232.779375647325043457162545230111918      
   232.569378130243210066107014110569258      
   232.350323382740926389338274382429266      
   232.121808982828176121390984072995765      
   231.883363664819874142322125423491268      
   231.634454162875958580769397888368223      
   231.374493704917543583687714919171517      
   231.102851455359773254619584765150219      
   230.818862260219134029426104432459560      
   230.521836147698573203682673155254370      
   230.211067158705676751887640603518750      
   229.885841207254787977370818924711338      
   229.545442785492194363131736894596680      
   229.189160428505414489165744298899782      
   228.816290933732975800993168004035268      
   228.426142388263803295171358193926968      
   228.018036101030798752984853877530818      
   227.591307557210640500075384269373794      
   227.145306528273992965548898596520946      
   226.679396470600266706138693640168171      
   226.192953340526219170294016496906102      
   225.685363942960175708260965504823689      
   225.156023919945021358376122506731298      
   224.604335467152225757251307255768028      
   224.029704855340095107498277433935153      
   223.431539815835683841458454075524744      
   222.809246837703620169603117107358187      
   222.162228411616363311068428580448210      
   221.489880242774533084261227693097584      
   220.791588447379594362340785215682627      
   220.066726736812285047447693104116314      
   219.314653587930985586156932725070705      
   218.534709390399684942657025523827379      
   217.726213557243785326571278455660556      
   216.888461579682673421504724941511400      
   216.020722001997417426810406559984510      
   215.122233292497464520463260829582805      
   214.192200577135340879429588292991908      
   213.229792201716192561000049543957089      
   212.234136088144394592331344836645294      
   211.204315838316820416720482322008142      
   210.139366542372549765009369634378929      
   209.038270237741297702720181300352143      
   207.899950962404433991805780025397306      
   206.723269335119939955139691365790909      
   205.507016591040468818333993387821705      
   204.249907985566394099371318353443375      
   202.950575470814946761765714339769043      
   201.607559529657145704978987685888453      
   200.219300038880991512948269281318178      
   198.784126002544161414807526184152177      
   197.300243975617700571060270918911507      
   195.765724959714937011945294148629601      
   194.178489511174819820952993501863584      
   192.536290748498550948301711538271730      
   190.836694881575529863761858995122265      
   189.077058803402485518018421643466289      
   187.254504177489479367015719068142726      
   185.365887330664575522958886301732946      
   183.407764081973823664829335639713681      
   181.376348433197164837983427819607894      
   179.267463755878050363009798201198863      
   177.076484744982455136593209628432211      
   174.798267920383079320119544301145305      
   172.427067799344954961507889103736200      
   169.956434980657691872557285462290530      
   167.379091163173969810739889297423019      
   164.686774436790334403878283899645374      
   161.870045803856214789023588103037533      
   158.918044489155918671403791750735818      
   155.818174633145703553870884963970098      
   152.555698609531059592979353648800746      
   149.113201032275869903793193117246453      
   145.469870178088202532824814218704706      
   141.600515853947475645741289988663106      
   137.474197161701825702673447256053220      
   133.052255827061636870885725075435286      
   128.285412313603815800668366914397229      
   123.109322685687427747647466338448335      
   117.437477745650353765336058995509547      
   111.149215087679237084871807333168663      
   104.067982314578706499753679079457212      
   95.9179279217346316865543811598313810      
   86.2245535238159353880979196946963457      
   74.0352599428402305253938638527768401      
   56.7815968450622832201752104996977068      
   2.78422513867293421419070556596721394      
   1.40023635569968056101858876095367856E-0004
   1.36612933210447298615793991803897997E-0004
   1.30456976016561338098238472164403558E-0004
   1.23445741784624874667569286139539022E-0004
   1.16236206795478219755457222517623488E-0004
   1.09142579214213673638013298089700872E-0004
