   1.84051563690825564413742632622864020      
   1.84058440985859409243923708297876856      
   1.84069894884014998488319721505386681      
   1.84085908418645912689890296107575587      
   1.84106457652272392684406529293741422      
   1.84131511651662817613123601455732700      
   1.84161032747251408312152334681595803      
   1.84194977081841422592931588420443642      
   1.84233295404645040084733852704210908      
   1.84275934031189123366224979332962538      
   1.84322835871633923436425159845673695      
   1.84373941373130456505485714760840820      
   1.84429189133265278046289079096767100      
   1.84488515803301790325519290936879480      
   1.84551854804770327184310114297920446      
   1.84619133365868614848575569240532723      
   1.84690267477965578042490898011770053      
   1.84765154555161771594487787550883305      
   1.84843663805118779477466309696743206      
   1.84925624573614416438980615187175121      
   1.85010813161210673558523409614237106      
   1.85098938826384109911047746048946412      
   1.85189629850385861936349485295103596      
   1.85282420611395439921887442715422762      
   1.85376740609249358852401011824907812      
   1.85471906273459561737929488573839073      
   1.85567116202105970025263858624386420      
   1.85661450249234013005837439535275602      
   1.85753872615954868830418890205800972      
   1.85843238852960733210113129796971669      
   1.85928306461054644074533978202688019      
   1.86007748599703954771596618512504105      
   1.86080170290344153162055423445676853      
   1.86144126432265194540650519190251699      
   1.86198140930788398782530690241273483      
   1.86240726257598727615948637564491507      
   1.86270402820427286737249299637368944      
   1.86285717597645097208319699852588569      
   1.86285261583648723062638689215213249      
   1.86267685695323911297563669642197757      
   1.86231714878371063864296450223227574      
   1.86176160253551908901725909426421266      
   1.86099929221152590400058025123381335      
   1.86002033514578589908109840328561885      
   1.85881595252638448037403871928679836      
   1.85737851092228980169903986781658862      
   1.85570154610984908064741067393021098      
   1.85377977082320305959554283598492880      
   1.85160906813747218166204754282165822      
   1.84918647231200430222430388848780773      
   1.84651013892426100160747469443123954      
   1.84357930605036781993776755200100303      
   1.84039424820303170076281162158872564      
   1.83695622458959810921935704524048773      
   1.83326742315397244086200882607154002      
   1.82933090170190137557662284472304717      
   1.82515052727837924034010516397170829      
   1.82073091481428175152533942494871112      
   1.81607736590009783877995200938851132      
   1.81119580849317998202985596199819120      
   1.80609273813214861042828439393756243      
   1.80077516118094018013746013574812752      
   1.79525054058877235817787165816539467      
   1.78952674442056317244027171992296012      
   1.78361199748464038006831815973189781      
   1.77751483622907032685419549717964296      
   1.77124406708758823140675794296963587      
   1.76480872835532482756168847263038668      
   1.75821805572949347395152200912666678      
   1.75148145153865158865141953437151155      
   1.74460845775594013712452878516836342      
   1.73760873281991502922135229173600170      
   1.73049203239735714962096063864041017      
   1.72326819410509540579995538442265244      
   1.71594712637074557519876939147752534      
   1.70853880158649641849523396282229929      
   1.70105325378741747326518030157423809      
   1.69350058115173732224297090702613777      
   1.68589095373742459365506995439618885      
   1.67823462700214641711261575954654949      
   1.67054196174447631345910755297147887      
   1.66282345145059101261094560436793208      
   1.65508975810345629413167409171842602      
   1.64735175805711631287074294527430596      
   1.63962059987225724528479946102876602      
   1.63190777668809545084729756570529667      
   1.62422521651145731144783546670059444      
   1.61658539483815703601681081315439374      
   1.60900147558288412360214190738553255      
   1.60148748832625178314682045241920059      
   1.59405855287415567231931873030498107      
   1.58673116631606466068275484240312179      
   1.57952357401779558317211719045855500      
   1.57245625513181008396427744431664151      
   1.56555256740335208917135611811556228      
   1.55883961787836400385643871884456260      
   1.55234946146420058799063025233694692      
   1.54612078735555819793825541172550214      
   1.54020135280125393221545009305908253      
   1.53465160012547856569397684398437571      
   1.52955022059645936271294713381504257      
   1.52500306916079066098616766555475499      
   1.52115816547803694530411004999881386      
   1.51823250039327669170211049381878980      
   1.51656372350636198595086949166020151      
   1.51672039556330138461714548534898272      
   1.51977364059628875564415713649787629      
   1.52813820143420765857660086754548769      
   1.54957526922686194383465767896851682      
   1.87793861275284620062555106639985224      
   1.33745476617815868228029373408738466      
   1.28930834565556478306117343500258248      
   1.25430665720702048198518294570085928      
   1.22488434410584502590504448430534050      
   1.19868731731106464416863170902540381      
   1.17468999518329024976480764799528969      
