   67.8185561230351074595592950627613362      
   67.6094789472178919620551659655061343      
   67.3947624785120215626223223066695043      
   67.1743387410164198415805800511936282      
   66.9481316059690191927697700840998560      
   66.7160558558993575662854669456537178      
   66.4780163045803508157967357222303254      
   66.2339069687805014262016709654478310      
   65.9836102862018519440601161431059628      
   65.7269963726146940030617954250671988      
   65.4639223100446891973285701256199512      
   65.1942314568953004749118234318161983      
   64.9177527700685924552302230482690342      
   64.6343001284414055977386467755361480      
   64.3436716464220683619115266737225876      
   64.0456489657165711036331361263758369      
   63.7399965128291319212303860716705577      
   63.4264607091695634188518531894162313      
   63.1047691198940412314739913022464567      
   62.7746295267195401369432350925045708      
   62.4357289088780077372361665066019939      
   62.0877323150589025546433368472647885      
   61.7302816075678887819233915080135234      
   61.3629940579350141213639073878449200      
   60.9854607707589029089977511960644983      
   60.5972449095740186404914879183167573      
   60.1978796948603200890040930868490046      
   59.7868661398337533426772813443396979      
   59.3636704841822269166696648399495996      
   58.9277212792193201505135571489530058      
   58.4784060697325190527390531638146724      
   58.0150676077420692099891891826003821      
   57.5369995209946006291119095707646460      
   57.0434413436895659738600000718721886      
   56.5335727978976051162614488518579077      
   56.0065071903467572135941518094229618      
   55.4612837593727539076179530352494378      
   54.8968587690453401385045126516585607      
   54.3120950993644372694282099556304441      
   53.7057500196772598968959230111186174      
   53.0764607525835290364659949536661716      
   52.4227273313288895411207949827693056      
   51.7428921162796398683879426373304334      
   51.0351151531226946880526990741543537      
   50.2973443091111699360018495323770430      
   49.5272787879843795209207843250425298      
   48.7223241606296448546983265871469115      
   47.8795363991017011719692038121485898      
   46.9955514771586406743946771089007976      
   46.0664957612404187498539260940678522      
   45.0878704374014564723698636375027950      
   44.0544002323396575090422696586244395      
   42.9598320629443069542983055637569207      
   41.7966618885961167933940570819438331      
   40.5557559413059294377538467294918726      
   39.2258118671974458325619796658899125      
   37.7925685429203121912460075545043618      
   36.2376044227641443462675540631293164      
   34.5364271233722013120371086652578925      
   32.6552634231501928208809330722956676      
   30.5452716328510369675923623145492343      
   28.1310927038643784891855640074711829      
   25.2851064889246203833570891003208123      
   21.7572297146695635127185378128844259      
   16.9052106807925881838990933665672981      
   6.64747730978077329783002612299703962      
   3.40451056446822334842621248825299859E-0004
   1.40233172892626968593150026712944793E-0004
   1.10480066207176440750674949620500691E-0004
   1.00352415008265993988905986365569371E-0004
   9.42113015779363909471263818982383571E-0005
   8.92605996337377871401676746765541991E-0005
   8.53633755249829668124332701186430508E-0005
   8.34547582691319632730247960433526419E-0005
   8.53557961370967709791690168480764672E-0005
   7.83407897418161056480937657385604178E-0005
   7.15020108110955981926257387630614301E-0005
   6.85297868355648619582231668060536570E-0005
   6.59611143172209295719099592635725126E-0005
   6.30348413272028888698921507065661757E-0005
   6.09930926667604976911771290945465213E-0005
