   57.7712806877539694188846608654431096      
   56.6553429423767381440468216688150090      
   55.3753710464866715751124786247301772      
   53.8754302320234832264751497078766928      
   52.0609009292167656059957889334912088      
   49.7619016468634097833826474696462064      
   46.9637473038480763340075470734866398      
   43.7400389795287316954706730824997694      
   39.5143325317955302764988676211346835      
   33.3258983528503852659070899108002651      
   21.8205871357896780034911439205523898      
   8.46796012219687669317346341434555530E-0005
   1.49974442689190599721727723823818129E-0004
   1.63045161396450340288382401424106417E-0004
