   1.31566100384132071330683534826599083E-0002
   1.32855507780907117149139364380233126E-0002
   1.34382177916074825194383328282167689E-0002
   1.36239996670396834696678349206107461E-0002
   1.38593914169226642134167649872502792E-0002
   1.41759285544067839389910665967737612E-0002
   1.45921279373750066826888029042397743E-0002
   1.51203003169319416851636415566784509E-0002
   1.59082597980049319748816892857038803E-0002
   1.73224400635732509381503858877025282E-0002
   2.14075409736934389568431255227449339E-0002
   11.8654702192282447780717661618487999      
   23.2678145655521182244130774271468522      
   31.5636014927495215329369394751052612      
