   1.36386258767034893677182511613646770      
   1.44575787342288162215875679937605755      
   1.53264741370600908381618041888259471      
   1.62480484688111265998522914049146320      
   1.72252949967795966917688182368088235      
   1.82614500340243357455429020319687085      
   1.93599863370686158609495242549585991      
   2.05246125705895623018086637796519166      
   2.17592775659121181997269881247722452      
   2.30681782555677458489407104271075263      
   2.44557704141475622232967625704475654      
   2.59267815829068494072776166283054598      
   2.74862257621956983816464951214361428      
   2.91394196126207921193908472999506336      
   3.08920000179744580255666417796785956      
   3.27499429401605333543960478079294898      
   3.47195835483421473492691652153702226      
   3.68076376392962086471081950453279257      
   3.90212243893882864119370152118156545      
   4.13678904947710391081496998635852810      
   4.38556357680977914439173636761742327      
   4.64929402690074905713551390188793073      
   4.92887930529890854601177272898561588      
   5.22527226296823241099695105252302816      
   5.53948292276328303412547425674732624      
   5.87258189682576403282141500454673505      
   6.22570400574318136195521499655497890      
   6.60005211087358080252763500339237035      
   6.99690117180912490741602277327997257      
   7.41760254151754952474826708761724545      
   7.86358851226829112867066925775865777      
   8.33637712601058572035053918876920816      
   8.83757726341720980107678849607916508      
   9.36889402633019753528573873526997073      
   9.93213442883049682520062344333057287      
   10.5292134125865478061006555849423174      
   11.1621602024957150667484184071535853      
   11.8331250188935263545777747351457945      
   12.5443861627364472273476765888523561      
   13.2983574901265868612008129735034577      
   14.0975962922933663460771732786724229      
   14.9448115966206060284905664287893519      
   15.8428729034359354659438759961223253      
   16.7948193719771529136858115634964404      
   17.8038694671125036227123918508780383      
   18.8734310758926347109908646694114161      
   20.0071120996996298126921518959779705      
   21.2087315234536497865077749169816771      
   22.4823309578282327006865529954909736      
   23.8321866434654598677117193255904861      
   25.2628218974919869015063735070443072      
   26.7790199719058173992885937675013477      
   28.3858372803005181973289619770776968      
   30.0886169335878723687643931028815647      
   31.8930025065820266935532689730148338      
   33.8049519353360123187365909720088355      
   35.8307514200198908383925543269429832      
   37.9770291803635053274083157189106002      
   40.2507688814550699944128996256887559      
   42.6593225194378145364373692897594277      
   45.2104225338730074583727674673118627      
   47.9121929040134964806070462296575244      
   50.7731590028613554211089899947554961      
   53.8022560463490374615796605270587989      
   57.0088361174310722803779952187581630      
   60.4026740146761490930861673731842252      
   63.9939726425589582961772422048522909      
   67.7933694250675616270244316222363492      
   71.8119464193657440394826248790906711      
   76.0612486057861461894746332517409427      
   80.5533174495530798547218897769806005      
   85.3007505205584511749573986043609062      
   90.3168029938180867196395272635788843      
   95.6155534919634825005235526752357502      
   101.212165131357419165722287134746506      
   107.123282695868299578852014775015328      
   113.367617944738216576683533817535693      
   119.966785531954080189349831856147855      
   126.946458652363085081967022862669783      
   134.337910890038426210553459755106674      
   142.179990935348512173694670482763184      
   150.521530872086710717547999579140325      
   159.424111548669962358941140010113491      
   168.965008837988675669663225211220811      
   179.240054612342208286253656969222941      
   190.366118281587304171618256806407733      
   202.482995920704422187837732568557473      
   215.754698915240300429092247322580912      
   230.370453074218865454604821112515114      
   246.546165926650301759711702101251658      
   264.527777942359289641344825969820425      
   284.598766081591538113866476887017864      
   307.095034342651721323906834156938113      
   332.430598087461112782046817828749343      
   361.135561235170843236587524534013318      
   393.900703881133740313378973087310135      
   431.607394602302577610009510097843402      
   475.310070355677050288807955708776134      
   526.161409663311863479708297730817239      
   585.307148156982618380009215673901731      
