   72.4479631339723210675563232386876755      
   72.4479631594150235344274994115772002      
   72.4479631931343357977592746646997758      
   72.4479632376765867318080803184521854      
   72.4479632962684287129853614186158712      
   72.4479633729306369937012209892264725      
   72.4479634725694915809793783455951876      
   72.4479636010204232013811071952117900      
   72.4479637650183123894908713776054406      
   72.4479639720814584168077964889832698      
   72.4479642303267328684085003634899013      
   72.4479645482770404005570880556844861      
   72.4479649347584693871274270836387238      
   72.4479653989839097917704252822347311      
   72.4479659508677684095062264587898243      
   72.4479666015354358416536171497466068      
   72.4479673639317518759895477627950283      
   72.4479682534310436383595773131852823      
   72.4479692883989977436926063810873266      
   72.4479704907150621426212652688479557      
   72.4479718863013777306486392759466932      
   72.4479735057141455228768952176814954      
   72.4479753848471433392926851837973176      
   72.4479775657881226676608739046801452      
   72.4479800978644554091652842863727389      
   72.4479830389164791626993918488037455      
   72.4479864568447957639196793417048476      
   72.4479904314903473278845963125460149      
   72.4479950569231640052212096565138007      
   72.4480004442378068408394519537842044      
   72.4480067249820449590617065011093067      
   72.4480140553822155509829552459459302      
   72.4480226215767967464184749248784224      
   72.4480326461326712028345913986396377      
   72.4480443962012897159202428492782259      
   72.4480581937809850112875873720836651      
   72.4480744286957185339930674570787409      
   72.4480935750911409101164756084450155      
   72.4481162125014369555888986304228739      
   72.4481430528755937508647254096864980      
   72.4481749753969352132500591454212312      
   72.4482130715216656454038571936382105      
   72.4482587034496406989364192331489940      
   72.4483135802888401641817974886264537      
   72.4483798575709461946275661995353903      
   72.4484602676347092615408051831024906      
   72.4485582908702354383799079418103351      
   72.4486783811150582529953920828842550      
   72.4488262628820510342079405529669302      
   72.4490093239362700565343436840322189      
   72.4492371344905777935089088461859494      
   72.4495221345688586028571553126234648      
   72.4498805446807490286062541467790342      
   72.4503335728740860804280750760511409      
   72.4509090147562694242728831792796769      
   72.4516433737830555902685835124168779      
   72.4525846689138769195809068583439419      
   72.4537961478747419743090142307712019      
   72.4553611893222647270943040026966901      
   72.4573897590462536751547501657581891      
   72.4600268872728312509477933528156080      
   72.4634637602578009147438152985819373      
   72.4679521757581512366663906304392982      
   72.4738233087728807348362734141699765      
   72.4815119882025348094407663400800263      
   72.4915880224328915516209142414250406      
   72.5047965630804557790357335391730463      
   72.5221100849923518628858106873210102      
   72.5447952865091576069858596026210329      
   72.5744990454316028381603904310020712      
   72.6133584610317340703179906658072711      
   72.6641409551719675630682305586437232      
   72.7304214141848055745942362382890899      
   72.8168044225361382406207682468407117      
   72.9292006519177202924341647777809908      
   73.0751671412551765426542884538868264      
   73.2643210756720911596462013780029950      
   73.5088350866878059694106033679583303      
   73.8240181006863004720659330207479433      
   74.2289779844280081870550253254171304      
   74.7473487470978928467278626413531589      
   75.4080431969174724848475511643707376      
   76.2459579230508245846027985309996516      
   77.3025053972872273805080359017556120      
   78.6257679954952281957201043286024423      
   80.2699447881196513510168650862958766      
   82.2935759769038044429883741379427414      
   84.7558029062164163334876508356461582      
   87.7099016848245700157135215686869887      
   91.1946121011060266602550998781489465      
   95.2295207436907964181106966642627300      
   99.8343334538418413525140064400074132      
   105.096677473062817581579647739244154      
   111.253504168324759547118760718007650      
   118.675317455256351944943981863844750      
   127.754344209864629042694890055494948      
   138.830922084227820132534921839477637      
   152.195958326629100646326143290738551      
   168.107928777760050627307880919203179      
   186.785775722556405437151552806060385      
