   1.04114361321874516213321951663637469E-0012
   1.39420049625522038902691751024252795E-0012
   1.86698069226873296659843769461868032E-0012
   2.50008296128605396650178135602224724E-0012
   3.34787330109847804052012387835082507E-0012
   4.48315348481173732115494172059995174E-0012
   6.00341272227506555039518030162166282E-0012
   8.03919929042705851671582149225363444E-0012
   1.07653310243696001291710650602852063E-0011
   1.44159073407045974654749384071940836E-0011
   1.93044119112863227468075958068614203E-0011
   2.58506322518024013910776765818294366E-0011
   3.46167078742881131777628511612388069E-0011
   4.63554025441776039061878082594508359E-0011
   6.20747458954294817286160740607325793E-0011
   8.31245953329796638457283915401987251E-0011
   1.11312551498988585665085712949561922E-0010
   1.49059181239695783987899698509484570E-0010
   1.99605877438272177275594725278921681E-0010
   2.67293205131950104119586822084266358E-0010
   3.57933636156606768844287967731128035E-0010
   4.79310679929349727732558895612297282E-0010
   6.41847271916679863451599330154274979E-0010
   8.59500815895878526995386170790207038E-0010
   1.15096173941762763039355513382071940E-0009
   1.54125848527842360117886515652756350E-0009
   2.06390676343829028845929223815111862E-0009
   2.76378762475835780837891220823874928E-0009
   3.70100150359618362794156078404983539E-0009
   4.95602918506402885045257378025221576E-0009
   6.63664288148487252792607871469982496E-0009
   8.88716088862071482879207679744843727E-0009
   1.19008405410174040378506450989115463E-0008
   1.59364736790203828375024056520735564E-0008
   2.13406097196893820113914876719038878E-0008
   2.85773146795731884761905172698931864E-0008
   3.82680216274174936673838313292289349E-0008
   5.12448946199715134352343811494649618E-0008
   6.86222886089970796661836803780382707E-0008
   9.18924417516756726798099474816964159E-0008
   1.23053617450729895524491508202781248E-0007
   1.64781699986054150955236238622315650E-0007
   2.20659979062914577014436060004417636E-0007
   2.95486855422457193790271939879710307E-0007
   3.95687890927233270612587421969238909E-0007
   5.29867586842723273814494707539493573E-0007
   7.09548272828400496568643717396635394E-0007
   9.50159556793581055300630520546448880E-0007
   1.27236330203077147613809942325629167E-0006
   1.70382791056465746544294132772643762E-0006
   2.28160427464837245616189416843467899E-0006
   3.05530742501367034415399320982962902E-0006
   4.09137709157838324554304596278891215E-0006
   5.47878304109364489005024027768175201E-0006
   7.33666512264584696206325000934256923E-0006
   9.82456408989384188718884470574975473E-0006
   1.31561217450828025502513848751202079E-0005
   1.76174268687895341194515525369594291E-0005
   2.35915823440256530904069633920008449E-0005
   3.15916031120828195045280734616409158E-0005
   4.23044699858423216745299017230111341E-0005
   5.66501223262880458650566346206109443E-0005
   7.58604554236799856556558052804117579E-0005
   1.01585106276419534207547621691894406E-0004
   1.36033111844068751861654277872680197E-0004
   1.82162604305670714243291691272416922E-0004
   2.43934832906428146693788364705172336E-0004
   3.26654325852952558227155528666688315E-0004
   4.37424402768166865719163540237681461E-0004
   5.85757153643884573199852207596886985E-0004
   7.84390264634671175125428405673590138E-0004
   1.05038083346687780519230276883817835E-0003
   1.40657010299386299484814922410374895E-0003
   1.88354489305192895443255091310285099E-0003
   2.52226416343606987003374003548616871E-0003
   3.37757625720602528645839903882193003E-0003
   4.52292885837174275443545315415496620E-0003
   6.05667611922820542117089325017455185E-0003
   8.11052456536653446262773121033676998E-0003
   1.08608430483148160376553352353738483E-0002
   1.45438079583447336020074072047473791E-0002
   1.94756842528933993877495540724077470E-0002
   2.60799838807531428142068346490252982E-0002
   3.49238337605157651951421356466413237E-0002
   4.67666763180882283296732132435293193E-0002
   6.26254846142794800459175886200342854E-0002
   8.38620922405905335414059387570510174E-0002
  0.112300137209089594906060717804156596      
  0.150381662086368475448548215338477858      
  0.201376817997585492469974439175693384      
  0.269664680282241760267560113517287675      
  0.361109290110024328173513371056022525      
  0.483563213644753111350365987850349584      
  0.647541860579648292830858494926896077      
  0.867126467380532894112396982798376056      
   1.16117328655597688157144284954921445      
   1.55493281791329028362700341576373677      
   2.08221812903995830870042056183578829      
   2.78830846384801038177243725405298864      
   3.73383747895379773034037452016042352      
