   202.200879510131299260276076112265967      
   200.019935939293680978286574012263530      
   197.715438474971062277098938465872571      
   195.278575742705793209479910792133300      
   192.699324422015172508999389015297076      
   189.966187771675932084057449702963582      
   187.065861212919820443798673447319508      
   183.982798619864739329688944293717173      
   180.698641031980168656555557374961462      
   177.191451005364791575372215233427287      
   173.434666438120915008031327736364059      
   169.395639789811984647090049078445451      
   165.033548218360553212427751078708043      
   160.296321147530413832524849168942876      
   155.115983822574113704605480456924128      
   149.401359177614742722790791393345985      
   143.026204786934555371089551850647887      
   135.809158546144251619040705756675637      
   127.478231369424272401382875214489906      
   117.602718181550867741029244035864304      
   105.435492927122300445298101070939938      
   89.4066025101630351757269347103905902      
   64.6285992661716908955863878143249783      
   2.13902604545891944251622815920875276E-0003
   4.63346441009477546620327246087088885E-0004
   3.75343122323082936796039277049160885E-0004
   3.15829175199220429487828675936831327E-0004
   2.67712095821091301395928154771231401E-0004
   2.54534793510781767476170850969819221E-0004
   3.16862199437790206329690800975348783E-0004
   3.36612579018249828675857306588695188E-0004
   3.51304562350152275974254423710715899E-0004
   3.78044265037457560287126304373064754E-0004
   4.43322752786128928114355010681111207E-0004
   3.58298802939008435000084094386154178E-0004
   3.15932952293431887120000642204817057E-0004
   2.80642046922999758504217405188593160E-0004
   2.49856274789901752500990006869585267E-0004
   1.35688419863838306425383060701684379E-0004
   7.85776464407489986139088636429258248E-0005
   7.84034209559062768895480368809367510E-0005
   7.82355776757564602575607652576754156E-0005
   7.80735180866570705760041534849773759E-0005
   7.79167211804573164278134740023932136E-0005
   7.77647316171507113377505730449143432E-0005
   7.76171498025050458632057130514480118E-0005
   7.74736235729743727528768029939569379E-0005
   7.73338412320568290821516850177581379E-0005
   7.71975257212009223944428309003524707E-0005
   7.70644297408858524227458296961405066E-0005
   7.69343316632483551098247579363960034E-0005
   7.68070321038151526094440606807242990E-0005
   7.66823510390973133180948516817384197E-0005
   7.65601253762802232660323270830974785E-0005
   7.64402068968195636083727694882493014E-0005
   7.63224605094564269334420570659306653E-0005
   7.62067627594882732861283192380154270E-0005
   7.60930005507589234288600932089616230E-0005
   7.59810700446883160962427331321382244E-0005
   7.58708757071211401212674694515167129E-0005
   7.57623294791262077576292104836824593E-0005
   7.56553500520963999763135923142393863E-0005
   7.55498622311380072581574061700537723E-0005
   7.54457963734003902957803334961988028E-0005
   7.53430878904968674775386426631736071E-0005
   7.52416768059563644707088046958825454E-0005
   7.51415073600586013307784619290962393E-0005
   7.50425276558244029380146157817139944E-0005
   7.49446893408449481822162339156911417E-0005
   7.48479473204878978008988753000185344E-0005
