   1.46300766745454075009964913124678456      
   1.55076370986009954793973016999634365      
   1.64388708126236032770909191684626825      
   1.74266705988669693105238023085917808      
   1.84742154832556559077018376534446582      
   1.95849529922451968983805241245373696      
   2.07625895850770439749937569449600005      
   2.20110881110254461021685129386764066      
   2.33346708928426852078697135064061142      
   2.47378271451077233424793852258608062      
   2.62253236903661962913008207720518849      
   2.78022182124741740726807930642383012      
   2.94738745271416932015471567348638846      
   3.12459795364835182112215866959557366      
   3.31245616697314551217443515615313739      
   3.51160107060029150694264532424237783      
   3.72270989380820966698547672338148832      
   3.94650036779102107669662071857820245      
   4.18373311319687121051154155671359401      
   4.43521416929693255446890751515526412      
   4.70179767065905727258794547101048203      
   4.98438867805935794941031086003795725      
   5.28394617098740930856524236424552923      
   5.60148620957005532599827115827720692      
   5.93808527410228838368872580458993805      
   6.29488379065892605561478877389565906      
   6.67308985147720494934654051234540811      
   7.07398313895102329395832399298874615      
   7.49891906215493866800336564772997048      
   7.94933311481034002228454894180840502      
   8.42674546349976523691590796425649764      
   8.93276577470785667158364265124527369      
   9.46909828889166074027060012173842790      
   10.0375471492280496138633927514098352      
   10.6400219919114307711164734190614634      
   11.2785438038360829728263745830589359      
   11.9552510521370359974908422917189306      
   12.6724060883164545737281551417752919      
   13.4324018274683173943596763041813905      
   14.2377687003397229388183430405442701      
   15.0911818725197707829387770358034005      
   15.9954687207932862951387145333327839      
   16.9536165514804027058627138391788366      
   17.9687805392181984619679555180981061      
   19.0442918569106589199098814063395383      
   20.1836659582254445981628631255918528      
   21.3906109627597243498797290994177415      
   22.6690360805012314380881057399044910      
   24.0230599961057740998468740012567345      
   25.4570191143960059137180192659195741      
   26.9754755459382299702672533353470242      
   28.5832246851597092512360733559692628      
   30.2853022028673441036904179729637358      
   32.0869902399800956538546565752766374      
   33.9938225497946430460063588904321445      
   36.0115882925910836407186018550766258      
   38.1463341399897272236296555603200613      
   40.4043642995004027376162071741119803      
   42.7922380263541416917148304106183114      
   45.3167641571769959317134896237148193      
   47.9849921902589603635598844581756586      
   50.8041994691769504716457298561447557      
   53.7818741300663974251323895402289213      
   56.9256936926458931581018168198756294      
   60.2434995760228565486091596458034167      
   63.7432684921877898030909435196332516      
   67.4330827313407045916471453085803485      
   71.3211029517568616682467976954296402      
   75.4155493988386113337383001864425032      
   79.7247007056862771675565158069107764      
   84.2569238014114766453118958141528656      
   89.0207542364126146904754411287506319      
   94.0250537089080537694036949501377041      
   99.2792809624213468321967654480300467      
   104.793923418370884636977499630898288      
   110.581148959655584935580144618632665      
   116.655747565425364142069588055909537      
   123.036435850047737261198271320869991      
   129.747586068942881073582428437956172      
   136.821405781609696536200671652102307      
   144.300529450652455119505035367877040      
   152.240893352455768252442907455083463      
   160.714670236012366765885425343665082      
   169.812972502449873885586451119388131      
   179.648021684493288390233985670593806      
   190.354532952727528459082838403965756      
   202.090148879879996936239819724251215      
   215.034843557521412592829185458794570      
   229.389343007132363954009181463400304      
   245.372998448698626180824074626756849      
   263.222755486062398910730568478848837      
   283.197730095640238257313869211352215      
   305.598420131270554272917966067640568      
   330.811646347582972869127856012627622      
   359.379422214155023332653738222724043      
   392.055978687929293577524901437798542      
   429.799089314509451661132463352854911      
   473.691265144641828769321344401692526      
   524.847685977842553651963751074373148      
   584.342840232966477182962783944153998      
