   9.43992347699495859758192368650944247E-0003
   1.06029536341971387262384603903602073E-0002
   1.19122132126847049780034074830645064E-0002
   1.33852149684967047692168263067764445E-0002
   1.50417926863201843447076208637852532E-0002
   1.69043633006901897154400089977762427E-0002
   1.89982200559253615879049302120984568E-0002
   2.13518645317852232058127603477539210E-0002
   2.39973841631137282618615297850346925E-0002
   2.69708812296580065015747131389494417E-0002
   3.03129592379732914242187222096122864E-0002
   3.40692730452488004762036432383419105E-0002
   3.82911498417885669408628309219024451E-0002
   4.30362891050839993152735194572225210E-0002
   4.83695508001952408537808268806333202E-0002
   5.43638424025148515038941266397510514E-0002
   6.11011167590406077276522145623895085E-0002
   6.86734943972930500248975780938856969E-0002
   7.71845256595576075540889664433014221E-0002
   8.67506100119839379614393817330091386E-0002
   9.75025920842413113897939540017925697E-0002
  0.109587556470407682278483913896291748      
  0.123170846103169026742365882372511655      
  0.138438332143203866645459620513417674      
  0.155598966850288491558233139141564891      
  0.174887654874667960914510201493977141      
  0.196568482885322468535189957777257785      
  0.220938352502648408967199690008464712      
  0.248331067201991244943242385010781191      
  0.279121930287079447064342036654097629      
  0.313732918295706448326490707164760703      
  0.352638502404516379194499369717892421      
  0.396372199671059365659659024659709753      
  0.445533946432707206460689328542155013      
  0.500798398036605099706382853079597500      
  0.562924272489092893348730298311318017      
  0.632764870799505694373285394995093469      
  0.711279923995332005766377659299681533      
  0.799548936281325371554623554849657532      
  0.898786215922863985279550777250572891      
   1.01035781051813032801169063438792199      
   1.13580059180204806293110407087215461      
   1.27684376747585486098658297777112521      
   1.43543313432731169497491465906932050      
   1.61375842872461717277242425322436212      
   1.81428417814803453114631019997427827      
   2.03978451158332233916674739744708258      
   2.29338244826766273809746709068960222      
   2.57859425450138781003305444814494130      
   2.89937953819769313692946849735214616      
   3.26019784185548402391048088961248927      
   3.66607259816290703557412761806701027      
   4.12266343005622398520567200200709836      
   4.63634791045878678047639725248374985      
   5.21431404784474100817947683783979646      
   5.86466493388681550546257391410740444      
   6.59653718016932283717196577755434385      
   7.42023498307714922633283022837489398      
   8.34738188913116404061837939545581190      
   9.39109258485218436430737845075201172      
   10.5661673002973457216234976203310190      
   11.8893116844262266552845631448062945      
   13.3793852703933237312823842632468094      
   15.0576818859359630180820455091266836      
   16.9482455721569955713550131892702591      
   19.0782257718495810954070029291600668      
   21.4782758060365258311014267717164625      
   24.1829991260089410007496465709904037      
   27.2314487542652660499626031822105137      
   30.6676870086583657763008577235232216      
   34.5414152253285929498965401827550402      
   38.9086864879605879642119905897783781      
   43.8327170579456733895409145690020682      
   49.3848113002014282307316224927538231      
   55.6454050512999812014022348135303509      
   62.7052054947758206269948734733119831      
   70.6663512372264287259385626235825669      
   79.6434228952249747647477931134199339      
   89.7639915992517442583655386778088663      
   101.168193318717021660505348981519226      
   114.006561011556551862275168303456777      
   128.435052870223259042137009927712240      
   144.605948236216429093794102197730034      
   162.653201027496893573404138462192403      
   182.671240813874729742676782890709964      
   204.687538050076160957984006047490402      
   228.632024084945397167922518308420379      
   254.311072253367358904063216676763965      
   281.399991145805395746929225060335947      
   309.474050468838186601361305599702245      
   338.098835275886796546230157660236103      
   366.985648854183465981986862997268847      
   396.171575797342599206059505615891133      
   426.107625645935331086549529132865707      
   457.507680633339331835420925727220695      
   490.984668069719095978397436254802315      
   526.818437565776333166480255598782439      
   565.164590571012400473966962464189268      
   606.515337568892310414783001146909017      
   651.976674509778062041067401384000096      
