   72.0793567411259230016005388847129934      
   71.4798256831186995210857384008749385      
   70.8618016667888972640810274278600841      
   70.2254446535335115122986308420754795      
   69.5708924339955289191367759639324120      
   68.8982554969067326221455645568688971      
   68.2076118085340273143373610548308530      
   67.4990014429435304443375296678561307      
   66.7724209917571130092783048755735591      
   66.0278176684507790778362266861285687      
   65.2650830059041761475809855728654013      
   64.4840460259912829772643930017612803      
   63.6844657354081644917148873867497736      
   62.8660227711522681217687324288807372      
   62.0283099801977571112271035741239925      
   61.1708216682296931929628087327399418      
   60.2929411882779796664238775973621940      
   59.3939264567202981116516554396251750      
   58.4728928745353586088221436169469581      
   57.5287929861831872603055750934939808      
   56.5603920132138750286514892790540351      
   55.5662381347084166127946570741856374      
   54.5446260226118507756236076254204250      
   53.4935516334080038040595190365951188      
   52.4106555424273124763085342021169352      
   51.2931510819047616993215315064223102      
   50.1377320491729673593651935837208168      
   48.9404525311744848006919946008430483      
   47.6965680250191628420994702197456346      
   46.4003218109766248693067418272753496      
   45.0446522167666613947796317360314147      
   43.6207827683824023327272894877222699      
   42.1176340545723606430078710584440963      
   40.5209551372867134974683079983191994      
   38.8119960605953669469016871239602202      
   36.9653918522087563169201632292342000      
   34.9456038770744655109522884068129690      
   32.7004927286098085391545587789433356      
   30.1485105611813926450117452645825931      
   27.1493645707743316704701454653610332      
   23.4214874564694352609027570053849188      
   18.2102544022888596503702708552166301      
   5.23829613935520721600966288028756512      
   1.75088092210880192596543809301952280E-0004
   1.06067030312980999894437903611903994E-0004
   8.87014061916172764457790921676611663E-0005
   7.60315008794540204160225334945065863E-0005
   6.41979534804143398223588244290506160E-0005
   5.68979689266467652304421389313468827E-0005
   6.76616836738230419513353236875495388E-0005
   7.69730245997792357832923393552204556E-0005
   9.11323707423845475491967308218641784E-0005
   7.91901113647162366398210908850212338E-0005
   6.58916741877480057941676117855562651E-0005
   5.82049593300786526847472992185912054E-0005
   5.29934431654076323390285581274321190E-0005
   4.77588547404052496693138166737098111E-0005
   4.03796254404878589220272415042804692E-0005
   1.55698720714438196390505410862903406E-0005
   1.55604786971256050593448388345446558E-0005
   1.55530714416888777618778943038358562E-0005
   1.55471613566474236180799628019624156E-0005
   1.55423944237445832392205397023431660E-0005
   1.55385107874593237538289576961039722E-0005
   1.55353172644676669649322224467522474E-0005
   1.55326685194954974354726949767486369E-0005
   1.55304539908406661519667421794505579E-0005
   1.55285886882229643292272138245362298E-0005
   1.55270066352416265051738168785104710E-0005
   1.55256561416470731945638882704819536E-0005
