   5.99092471802460410240410570339346030      
   6.00923189671293216457321958056739555      
   6.02806048696150904050569978698377722      
   6.04738719833803084522679620327455235      
   6.06718829655874462367596258496285211      
   6.08743964654306962393428639083335872      
   6.10811674381955320632280563520740223      
   6.12919473478914051017359324080865185      
   6.15064842612039533319859763692141306      
   6.17245228329768228864029446571382831      
   6.19458041806011607030024953235789683      
   6.21700656414846042307285118853651087      
   6.23970404040546144858604818093245027      
   6.26264569983647956893911355007099015      
   6.28580386270486288991534484247213065      
   6.30915023108079926496534647410415451      
   6.33265578143442955655893943247907324      
   6.35629063080384300146713762606124226      
   6.38002387068615431908792353567180758      
   6.40382336096911923640546701870436185      
   6.42765547376186044915546026561120141      
   6.45148477362784682739083836195454635      
   6.47527361607747806164512019562011092      
   6.49898163963896150426433992912168300      
   6.52256511746896084121538531696664999      
   6.54597612082367260693407540555015203      
   6.56916142642627263324630101023813603      
   6.59206106893025449959873836498312046      
   6.61460639164387560765065727360091391      
   6.63671737179944025158984142679329444      
   6.65829886979715504833437706614126551      
   6.67923523527883220099769902411675952      
   6.69938231860654053922032784318249426      
   6.71855522402650413070838412152213982      
   6.73650875286200425784730542818543930      
   6.75290461897205224373134895820821576      
   6.76725317349884747243076013715463823      
   6.77880203263861959935860394443077477      
   6.78630212965994992247839150299995166      
   6.78744509630757361743419089701805171      
   6.77717897838471144857013695760029672      
   6.74008764703967110421010298240905205      
   6.48225536575344084209900999677586246      
   7.25424055857079193757370067931058530      
   7.39383772665073842486623946797125224      
   7.50032242636294053250624863310372506      
   7.59378700584223812238675828518587012      
   7.68050941263813887583718490447463156      
   7.76322867251978483529164577400148291      
   7.84330650801102318194032878053433366      
   7.92140340779452666521916351027521876      
   7.99771263354995871282641653794260131      
   8.07202686456507158019041160466979658      
   8.14374283648651630797234453841395447      
   8.21184580510407632311937092729635547      
   8.27486309308761258730519250884356600      
   8.33068619703251214196511308981233488      
   8.37571374670644711463538320742860091      
   8.40098684632240566669847126815403031      
   8.42140308278599181172504765251687489      
   8.44142168309993054718853260641950018      
   8.46103721053241345043344191271569950      
   8.48024482332372639551149053264125702      
   8.49904025959620252379191070805968652      
   8.51741982196891827439937608250122240      
   8.53538036190520707943556023770445231      
   8.55291926380972947837266494306323557      
   8.57003442890524585039149848324470921      
   8.58672425892843094415246948942789213      
   8.60298763961991227886796801183249537      
