 0.10316109970395E-01
 0.10375098357842E-01
 0.10436555542830E-01
 0.10500527636717E-01
 0.10567066309016E-01
 0.10636229618025E-01
 0.10708082925922E-01
 0.10782699916956E-01
 0.10860163740876E-01
 0.10940568308172E-01
 0.11024019769231E-01
 0.11110638216605E-01
 0.11200559658541E-01
 0.11293938323474E-01
 0.11390949370112E-01
 0.11491792097149E-01
 0.11596693772207E-01
 0.11705914233422E-01
 0.11819751462448E-01
 0.11938548388946E-01
 0.12062701270597E-01
 0.12192670108980E-01
 0.12328991725039E-01
 0.12472296350721E-01
 0.12623328930518E-01
 0.12782976823416E-01
 0.12952306341864E-01
 0.13132611708643E-01
 0.13325481809265E-01
 0.13532893013124E-01
 0.13757341142494E-01
 0.14002033916329E-01
 0.14271179905938E-01
 0.14570437482550E-01
 0.14907641248985E-01
 0.15294036901046E-01
 0.15746513883427E-01
 0.16291977823394E-01
 0.16976890510138E-01
 0.17891543684366E-01
 0.19248270982687E-01
 0.21769539813097E-01
 0.39805449045794E-01
 0.81684642146903E+01
 0.14520885949066E+02
 0.20357783566875E+02
 0.25934274263692E+02
 0.31365764313146E+02
 0.36724809266487E+02
 0.42066560736617E+02
 0.47435650077959E+02
 0.52864888296840E+02
 0.58370277343066E+02
 0.63945944560528E+02
 0.69561041472445E+02
 0.75157793208248E+02
 0.80645859535085E+02
 0.85872161232715E+02
 0.90472036042673E+02
 0.94881777476604E+02
 0.99245804646268E+02
 0.10356179176331E+03
 0.10782805395793E+03
 0.11204343970000E+03
 0.11620723008662E+03
 0.12031904913425E+03
 0.12437878672231E+03
 0.12838653424305E+03
 0.13234253208754E+03
 0.13624712763350E+03
