   3.99461624548934590202499209781331713      
   3.91137348392916625900370105409415943      
   3.82555504461999388032447950751789035      
   3.73630192070576825085526840877433198      
   3.64249593936321469122786109647043140      
   3.54263358614066161579700869652886491      
   3.43463697144685155120918907162539096      
   3.31562202311387364317596225253006585      
   3.18184823384170020428148120053613090      
   3.02921556062443539958864411971253727      
   2.85217041916657001928003865696683222      
   2.63786957979003329412395006671263780      
   2.35702859582969125363277115034191524      
   1.93032273099402622674432140877886044      
  0.633230858864510519693307831543102397      
   16.2446328299189865379978758544312949      
   25.5635181054472132737745254302158435      
   32.9749247966887648357236200688363432      
   39.3340746269056639930897938766242778      
   44.9985547830371861454845828598312807      
   50.1609872810390006235288746584258356      
   54.9394328464176667779294942823615420      
   59.4121276145483557823248812649021159      
   63.6338724540295368670054064935188064      
   67.6448086026165290802035978308680562      
   71.4754277845200274763389266120035228      
   75.1494944099269162425458398618147095      
   78.6857140611295980177851053363775223      
   82.0985398783015917718191170376472267      
   85.3981608582155667397309965357041010      
   88.5891865353556215553482579325255361      
   91.6657260208192865871300118245625308      
   94.5830800114979387796462710281152616      
   97.2670497830402202750535922245231025      
   99.8873451306432664046046640484786866      
   102.447705236787354630647309191137870      
   104.950752001193104633279898877926767      
   107.398947474818339689487030651864458      
   109.794603881280700538199694593435957      
   112.139893281107649380723135628914456      
   114.436856835377914192451609348741504      
   116.687413638031278804086406448123898      
   118.893369095239779852730537817434659      
   121.056422838076499221364536537078622      
   123.178176162113636279338759949703503      
   125.260138994316915189119129175430646      
   127.303736393907400499826177274677718      
   129.310314599074324724562431270661823      
   131.281146635753187576264136428541233      
   133.217437507943878297369641589595806      
   135.120328991408328085337525222065045      
   136.990904054035474469574058463239458      
   138.830190926906967706089422639166140      
   140.639166850233941865714497880421394      
   142.418761517989185833245500618512606      
   144.169860244345362402493174184876033      
   145.893306874072443785394428427500421      
   147.589906457892903227272271812987763      
   149.260427712540508209307703977725539      
   150.905605283946736749841047047669788      
   152.526141830658070456095034222881214      
   154.122709943271055954902891652167434      
   155.695953914404123057899488869953792      
