   67.9743862965191778166009763129451388      
   67.7772370162146214274153944428956495      
   67.5750755231855198922566054999151629      
   67.3678599367936246767205385721352678      
   67.1555405615674582172524504093938002      
   66.9380590097041055014347492917153582      
   66.7153474159543593072368416077293753      
   66.4873277370701600164531735646991015      
   66.2539111265046601233868144564553010      
   66.0149973739942463705174383633860475      
   65.7704743989465072144919436825780512      
   65.5202177861343997753407909023231013      
   65.2640903519882770633479092469334156      
   65.0019417297283412167910358118231587      
   64.7336079616287093209693387392057811      
   64.4589110868094142108529358303537678      
   64.1776587130654439536492122836954145      
   63.8896435613234048917239317530134401      
   63.5946429713351440887576338090738364      
   63.2924183571340447219292441403611475      
   62.9827146005664170582997030343918836      
   62.6652593708356597619653197701065187      
   62.3397623574261251732570450102947284      
   62.0059144029745637683616471423023403      
   61.6633865215895102565317321581684733      
   61.3118287867392156894283543529791768      
   60.9508690710831152264445257557356071      
   60.5801116184459574429861044485660028      
   60.1991354254528851731209999961032661      
   59.8074924070551816039680769380968927      
   59.4047053161678949658746395909624101      
   58.9902653827541404846626101521535895      
   58.5636296317409792566711049994491277      
   58.1242178318976247576932148663623959      
   57.6714090189379186359737931699626649      
   57.2045375252374077281796111503711312      
   56.7228884351695889183985979464969324      
   56.2256923685111612602238961505679432      
   55.7121194737814111315115700689848080      
   55.1812724876375123580639552500376319      
   54.6321786840458482233575496075545583      
   54.0637804958850724141158400426487470      
   53.4749245392097462413518805475602886      
   52.8643487029306864308309316613762707      
   52.2306668790892740424569205304930488      
   51.5723507941769853109797514203756568      
   50.8877082501711015463948999396250775      
   50.1748568810019201550789835110652514      
   49.4316922556353502352141858659246055      
   48.6558487829188450498699012274390695      
   47.8446513511876168217353510831014628      
   46.9950548996425227573938584904639938      
   46.1035680638668564214227399767607255      
   45.1661554986956808468008123912254620      
   44.1781111891263013567883646874910849      
   43.1338915662246778719325822300265206      
   42.0268917809111142328429528501264892      
   40.8491396867839600516964223788926338      
   39.5908674156793924261818067599119574      
   38.2398950076661117507968687855385306      
   36.7807144255276984206680622345056216      
   35.1930739158192923055390138461615889      
   33.4496821043688984062589949518616797      
   31.5122520540876221546454670441201869      
   29.3241319435730877540380614387583442      
   26.7950679231267614489142526966433972      
   23.7646688411567463030931515894156039      
   19.8916589885181270394823508684137177      
   14.1177808181250000517810895378985233      
   2.33620768898456639948671320564541161E-0003
   2.22382037746297280565971153235800533E-0004
   1.26148960113793693799474117782010158E-0004
   1.05641941689222480747434590623332640E-0004
   9.70122419571424994241768607998194125E-0005
   9.12954074611490945280688516206119867E-0005
   8.64331743425302401023043856560396369E-0005
   8.22449759581670026073631597807969917E-0005
   7.94233895275110848469430342707772412E-0005
   8.14939381805539532051824738336926630E-0005
   8.05146720517380195463565152785744212E-0005
   7.30003810943038022501638807363043311E-0005
