   4.23526096978956173197630979025153575      
   4.17168450799121738020933831301829052      
   4.10865177897234454664960370231420291      
   4.04603796803303818575206054908679476      
   3.98371609008162581649126215329582398      
   3.92155557447815844439511983108542218      
   3.85942070867200761280896897304057979      
   3.79716889712001149494081271124167082      
   3.73464868012512046223084223503874442      
   3.67169744141843691688944023331429027      
   3.60813871201756122388272960654388637      
   3.54377894898171248362419607213835886      
   3.47840362805246568319710139836224125      
   3.41177243428619396025899229907684292      
   3.34361325788470738800551888106301745      
   3.27361459315191032222139278407172619      
   3.20141578014097583481991410142576327      
   3.12659429272331639577649078120851590      
   3.04864891103194597510526191986996159      
   2.96697701545721673411301180552891179      
   2.88084317793736569960945770586674782      
   2.78933419874247244703253909085921569      
   2.69129160228834077399342241367287373      
   2.58520383378169431533497676644854852      
   2.46902144915981888483677608861270314      
   2.33981653851012763190251431647804391      
   2.19310581625030599207614255155736633      
   2.02136266641776625361781533255141688      
   1.81015552744671458134274740639680651      
   1.52461063540463138739752665414498853      
   1.01112736738099713699760249126336659      
   7.94723338699872484269209462017251706      
   16.1102861056632300858070474874172537      
   22.8178008081556910487284694131470390      
   28.7404085085820017452462530939426546      
   34.1357959817636752596824852022206377      
   39.1403598429696083171102784714356252      
   43.8380067590946043202978539517511011      
   48.2850593575090582722428668804097500      
   52.5214860293314663457065748635067218      
   56.5767106072736135635035151966946007      
   60.4728926032451684321541256199119178      
   64.2268641050591230262007060497523926      
   67.8512470599954113949079598666983797      
   71.3549303278866382530312319522293599      
   74.7426858392762360007374294798895732      
   78.0117865345755016863745871586752065      
   81.1405006729818027433351015045875305      
   84.1776068372970698048255102488504826      
   87.1364261847612088217919023551918122      
   90.0216980579578838184743191078365325      
   92.8376656133061367675129191452832545      
   95.5881465899237929978509505471716336      
   98.2765913758368091791725824432449200      
   100.906131155706649401296284005217021      
   103.479618203474776916929501760942102      
   105.999659874469079742412297638250000      
   108.468647486140397225269411815722860      
   110.888781010034059105736489849702196      
   113.262090300124205217723977318864155      
   115.590453434192271873407895730342126      
   117.875612631862380011917477250599767      
   120.119188125608579086259970155383771      
   122.322690292880446912718533768832313      
   124.487530303688597445128735538330773      
   126.615029495019791434826204928506345      
   128.706427648900248416201904113571713      
   130.762890322839965717495191161494467      
   132.785515358385778284684597812460647      
   134.775338674649201958722342397439235      
   136.733339437984743496707837838588054      
   138.660444685503598136065850732749657      
   140.557533470045831463490213226834972      
   142.425440583853411419837020183859056      
   144.264959911182940035388962956226726      
   146.076847453101250958903579674631963      
   147.861824062109273574542044933955223      
   149.620577919391063459208779651204555      
   151.353766783326201206780048700295965      
   153.062020034325913165571599684040150      
   154.745940537968000470205708396360784      
