   1.25951677097180881398102026425991105E-0002
   1.26466289620196786322409865256441545E-0002
   1.27018255046126199186054292960447768E-0002
   1.27611893121437982391960860236005959E-0002
   1.28252229450256054726725502085713575E-0002
   1.28945156379414177904002585170580184E-0002
   1.29697639328536948770809300258225231E-0002
   1.30517984570827739655212397850255698E-0002
   1.31416191304791603414006911869603595E-0002
   1.32404421070073073935196050966546412E-0002
   1.33497633043452755422393541225627121E-0002
   1.34714457576225381508722933117470587E-0002
   1.36078417609619829365219597896498457E-0002
   1.37619667178797621990835424910967705E-0002
   1.39377514654620353282224212603779845E-0002
   1.41404170828489148987968298908330268E-0002
   1.43770494945011475071904116174405322E-0002
   1.46575241194072132345812598743059532E-0002
   1.49961081530248421871748896061793477E-0002
   1.54145170243833533249878092072127274E-0002
   1.59483587293635113587687895233880776E-0002
   1.66622369200402264179079995732150512E-0002
   1.76911704193788415533777949939314361E-0002
   1.93912730859330075359663949510758481E-0002
   2.33526578354712987368594117734243771E-0002
   5.81912811443448169932217464551263160      
   15.7605028409456036221792760183051137      
   23.3005265837388973144831484324413415      
   29.7423073191987182132653556989746047      
   35.4933658156995299619075794509606091      
   40.7534505116001489071346419906763445      
   45.6397136150999971154143667384909174      
   50.2281540215007125782980717945739032      
   54.5713590564794582263154226498463785      
   58.7073336396563519134354617138644506      
   62.6643459746338168158069060864542604      
   66.4637390287980302942624570457358062      
   70.1215566304092995905754342371931093      
   73.6493272781410864784280466610024808      
   77.0539492942917931744004201338185626      
   80.3356267190587242434306849052585403      
   83.4699719162132147159308965923464748      
   86.4586112056254744288393164473814453      
   89.3681107801346906499707850834627090      
   92.2033216837811220050957231394033619      
   94.9685918936820736702166555863780241      
   97.6678374550428849233773403278576338      
   100.304600842349845742231688482172089      
   102.882099373390025376421506504681908      
