   61.9075082306547456463251134376997853      
   61.3026513035006699984797266949655823      
   60.6552172733953626871372924729873586      
   59.9601840096092197082763343548383134      
   59.2116594411961329364290856396756751      
   58.4026617746314240700541889097591608      
   57.5248297980615628633021706254647655      
   56.5680364478494892488343365638252383      
   55.5198683808359184228228479414282583      
   54.3649219809013114886491224027613132      
   53.0838559471055356486911875146009138      
   51.6521426578356304265369185178215865      
   50.0384861970871413435146247748645396      
   48.2028678418820863806365851944687413      
   46.0937329308580291662779959623240833      
   43.6418301569873247012717197143127797      
   40.7441882117780284099648963350888501      
   37.2275024868543885529283592153541366      
   32.7649955838982701794300983440293016      
   26.6190158040220516335576835099148775      
   16.0097966785059588915584994541384617      
   1.47422409024037790148757752444915831E-0004
   3.32599428625246363928976299301914755E-0005
   6.69876161437264194599587758438323030E-0005
   8.22573059298063214729723726055032175E-0005
   9.70716501801414772786682418829311349E-0005
   1.14162572121260876645549086067668344E-0004
   1.19887355429644793895617898759068392E-0004
   1.21991599129124351998295890619718280E-0004
   1.21858190569041416912751799440056470E-0004
   1.20705164933452009897455790609200740E-0004
   1.18917834567807024519415888471109368E-0004
   1.16846591996665762822680352446931157E-0004
   1.15082660957832641344353611643759691E-0004
   1.16033978108578439118558971667858067E-0004
   1.22464858002338623073728698419671466E-0004
   9.53580914264638956480824820454763632E-0005
   4.11394206490334198788281504239158692E-0005
   1.01999475018218981861865972032639340E-0005
   1.01911074199332141699924941403297737E-0005
   1.01836907484592640257375351097432469E-0005
   1.01774141018534273666372213851471489E-0005
   1.01720601117015683320545661519641770E-0005
   1.01674600287320832812929766218021260E-0005
   1.01634813948333025238275337619506651E-0005
   1.01600191778227351618798828165149504E-0005
   1.01569893092302973725348054047425081E-0005
   1.01543239143560761724085859984599630E-0005
   1.01519677503710378405193410868725054E-0005
   1.01498755177128588669747576531175703E-0005
   1.01480098102184959119581622280618784E-0005
   1.01463395375582224120716994162439733E-0005
   1.01448387004801854889228688897184407E-0005
