   81.7400432333552244830652925470550763      
   81.7369788120129572729996094390552724      
   81.7318598038125914397092952489689728      
   81.7246757961407743267486170697563380      
   81.7153933667664708867530723310814667      
   81.7038327658312509727832797059424324      
   81.6894084637486696979598387138048786      
   81.6708922392966119011470823806921358      
   81.6463577400167516945015175434448707      
   81.6132932371415701606929204715315993      
   81.5687726921721895912455320838098591      
   81.5095989931796193625728821200177389      
   81.4323989110709061051215240894816569      
   81.3336926100164399892833065346228194      
   81.2099666091778288252164906788690303      
   81.0577638304667803449176857910522244      
   80.8737868917494877014544361273968136      
   80.6550007978281153256559861395019275      
   80.3987197334835015140318794055733207      
   80.1026668661596832624336641644439697      
   79.7650024393458632592866347147458934      
   79.3843213507165730236747762800751968      
   78.9596255094960047605327418862276373      
   78.4902782323484489710042940647154106      
   77.9759481048253140562434124087624118      
   77.4165487308134421884174847453603645      
   76.8121792241857497616164361482394346      
   76.1630686403429295606229480650443562      
   75.4695260728136177010246660877103566      
   74.7318969846740644222421208954023946      
   73.9505255160948417629302699225605568      
   73.1257219646851717483896351913901115      
   72.2577343063619210050639823695944835      
   71.3467224399005703358478349255114325      
   70.3927337281783365452708899498933550      
   69.3956783291207747454478154190961385      
   68.3553026973562213725125550999935088      
   67.2711594602981732637123796185434262      
   66.1425715733447843309001313752868877      
   64.9685881734907265779821601066926641      
   63.7479287903926066693627163822024857      
   62.4789113827121404083316964990056754      
   61.1593578175710840764362729170895382      
   59.7864674854922313327467292688808341      
   58.3566450319660890536796308658249702      
   56.8652603913097986873010792260245368      
   55.3063059592628988612318513119322493      
   53.6718919377766768501777823329425933      
   51.9514763282426632875232805558717933      
   50.1306376612034891200844531510902583      
   48.1890104802793817810673576770589673      
   46.0965677122499923481152735977478094      
   43.8063121162269977595151190511056717      
   41.2381668380071720777552612785723447      
   38.2381560495435916927435090236458020      
   34.4708688368078427599634510168092745      
   29.3509533708307850516310831213323396      
   21.3924453359705852019782705810603755      
   4.51507198876700826703318987725378493E-0005
   4.05152526563695767425695724877459163E-0005
