   277.063994752807950380999828051341283      
   277.054327991376201872858050630026142      
   277.038180672286380853324307518556370      
   277.015523493888297584484280023932327      
   276.986326278191062814110512514198837      
   276.950559089530339449065514739575496      
   276.908188456266775889529504417690934      
   276.859155264875525980975023822874265      
   276.803317033046403653144621761032223      
   276.740346321953383682332229045733896      
   276.669584695316482343886882837267540      
   276.589855105707342261490505497711811      
   276.499251158128132506321295748796623      
   276.394946262368947707773559225581434      
   276.273075018435155651903326820937626      
   276.128721448283597505989814832563827      
   275.956015719838287010324240654637482      
   275.748312085019875907280778398294308      
   275.498406801543851618872443642966529      
   275.198755910964887538251717085970158      
   274.841663154197706477930592948204058      
   274.419421645703401957697693095352267      
   273.924404776865421584820405850426541      
   273.349110103799776309225662457561257      
   272.686164397211299449113588056238639      
   271.928299305874693170003119146887603      
   271.068306274603562345443306890160673      
   270.098977482545070326751130862751066      
   269.013037388465212124411018246789047      
   267.803067448532937317986940633070379      
   266.461424908189495547526867576290079      
   264.980155292573009738030093248318255      
   263.350897248938403326739710954966486      
   261.564777610734113173559415244800819      
   259.612293834817210972529860016142972      
   257.483180170862040151817912105702747      
   255.166252946662436049814487476200931      
   252.649229039122324265865355652032081      
   249.918509788304723641447031532192708      
   246.958920038199335988173517160948246      
   243.753388288179006643070346050261062      
   240.282548507433171052333980661433972      
   236.524236042040511608185847867891508      
   232.452837584584874153934907475004565      
   228.038435586394879336366817530042762      
   223.245655752356684087240675410699988      
   218.032073171599231384249192329519264      
   212.345940418746245320781157778538947      
   206.122834021764183428343735307874480      
   199.280497876047673035004977150345527      
   191.710520514750501573633335686958715      
   183.264090795798036824143795193664394      
   173.725774597900620500537779975644517      
   162.760506782358088439507912669362231      
   149.792430779545719245449866606523887      
   133.680671117341383880562213528616808      
   111.703430735110016072114466234361958      
   74.8098156626111380898138597158224958      
   1.28229879934044237646925733893586850E-0004
