   1.26060936240694074255860795597275115E-0002
   1.26585407807017298883452163098132457E-0002
   1.27148616154424839787808909710173212E-0002
   1.27755138250181298435368545799419924E-0002
   1.28410316861256630332662640499279173E-0002
   1.29120439192307923911781496250578338E-0002
   1.29892967372281154974893734848430920E-0002
   1.30736839557423072130070565674523333E-0002
   1.31662868634871577147730238243363241E-0002
   1.32684277881391428575964172180291320E-0002
   1.33817431820888866113402219933361456E-0002
   1.35082849788231544172169745798965637E-0002
   1.36506635791539065132018274060544452E-0002
   1.38122532499538792393363768695565865E-0002
   1.39974931544053463979813662287013128E-0002
   1.42123396580299484551290846401652639E-0002
   1.44649711546888482774142549978940782E-0002
   1.47669530155303338906811570699599585E-0002
   1.51353402531131682108438873752845834E-0002
   1.55968887548956532205950251057835593E-0002
   1.61973814165237432861324798961608322E-0002
   1.70248855900151261541836662729327532E-0002
   1.82806830627899967592133550993299977E-0002
   2.05969925910554606767170863416892034E-0002
   2.95928473837831523489404989248362672E-0002
   10.9535614189567634226182699314283868      
   19.5451057985458346141962398434389684      
   26.5432044030132564524730315622666926      
   32.6584810172989362336334163321536902      
   38.1817277818078967889681191143129738      
   43.2696682930752197165445799158763832      
   48.0189993638608928032868826498457075      
   52.4944731571665812995287868845570506      
   56.7418550799395269516213355621000548      
   60.7946954802884667836327250253621226      
   64.6781609430654776289997409861201295      
   68.4112760778398953514020587478626530      
   72.0081673006580261274099532360849768      
   75.4784867178706102844265371249950492      
   78.8266846701296600843295903766589654      
   82.0476001689496200467589507406564556      
   85.1004419218157634772480920332385635      
   88.0460304653657500489609963223234436      
   90.9149197296283538324266894577543509      
   93.7116989060100071818575075310734873      
   96.4404930812821307721224496422159278      
   99.1050271405095102713457511907948945      
   101.708678517429830422945399761599080      
   104.254521194402519768580859710129959      
