   4.16755621630131680286155621740883547      
   4.09977467269064711954105781090350030      
   4.03206960695626339982152862290445783      
   3.96424951262874779759515652946382193      
   3.89610908812006908141781839737009142      
   3.82742511140365332642347761480110286      
   3.75795142040219374949521914945839836      
   3.68741270000438954799804406950414240      
   3.61549666592533944760517908634369100      
   3.54184408077569506784327490960326883      
   3.46603582239609854343916840348093204      
   3.38757592876101391193846838179219890      
   3.30586914427653632133265262769386233      
   3.22019095528136449835770505108109413      
   3.12964733021195457339998216494844450      
   3.03311995858638981010474221440756862      
   2.92918907703740339179539872363001259      
   2.81601471559001555914988417147722139      
   2.69112581200441965020728346466390541      
   2.55099511823740257440414883332281205      
   2.39013537358390905893375603415847578      
   2.19908508530560988470995145869864428      
   1.95915641517137601188222006151266574      
   1.62303279737188325129969486054909928      
  0.929963011708359444811054688553229263      
   10.9535614195086483325574302765901788      
   19.5451057987757074544564957916399805      
   26.5432044031381031313295807823916710      
   32.6584810174915033585390537098906667      
   38.1817277820359136568967897798670883      
   43.2696682933214220407950485582218416      
   48.0189993641155752746102748246606738      
   52.4944731574220127359863561190196761      
   56.7418550801894448225093323592565886      
   60.7946954805268636305151489508050245      
   64.6781609433043437611615588309865385      
   68.4112760780743917982837193749202869      
   72.0081673008873414620086048525407719      
   75.4784867181010409276250915486539717      
   78.8266846703674713795310708858487445      
   82.0476001690461180076432966900761890      
   85.1004419218177286795813004417731934      
   88.0460304653676882947565126578555725      
   90.9149197296302685078131410749853151      
   93.7116989060119011048559203111752146      
   96.4404930812840062978902670126907263      
   99.1050271405113693742037882572964496      
   101.708678517431674761419097884509873      
   104.254521194404350737708386725585588      
