   72.4479686713211523636435429302469931      
   72.4427898225568931458862647503594020      
   72.4341425365726917311253079085307282      
   72.4220180478594774550574581177810730      
   72.4064090238219370348888400101578176      
   72.3873103895388531371651218941835602      
   72.3647200133416043829079326633877529      
   72.3386392328191265319869373924679589      
   72.3090732094545390969610293688503547      
   72.2760311143331284893769086519872958      
   72.2395261586840393249109807187843083      
   72.1995754863631430112227086256752315      
   72.1561999372818547390818152578035623      
   72.1094236690657996224375886144278155      
   72.0592735894175954801617043977096868      
   72.0057785120033422486287081729524291      
   71.9489679241439072844140477186443357      
   71.8888702701782557455201268018613945      
   71.8255107234242073935927705704238801      
   71.7589085309772019011156015984932515      
   71.6890741359890637053986412735134164      
   71.6160063722965694394591532446363076      
   71.5396900584688113720385863821444452      
   71.4600942853395306843256061042535721      
   71.3771716051767042441882974567041049      
   71.2908582155824825006816070902711714      
   71.2010751128327649767818528466801364      
   71.1077300884740664831448812643135253      
   71.0107203720604538748901939150721225      
   70.9099356859417268058231561332953834      
   70.8052614724254390428002547761157527      
   70.6965820728490033460436035838913281      
   70.5837836739475688517286792946783591      
   70.4667568814356041951470915635563687      
   70.3453988272834666849366462145543376      
   70.2196147608714741496456759733530482      
   70.0893191119439558238150180473702262      
   69.9544360435023799050527294084191184      
   69.8148995351099437691748535150777802      
   69.6706530519818011416081799495483371      
   69.5216488636518209695685145896158339      
   69.3678470791151515995943734224589632      
   69.2092144643588398633767470211458856      
   69.0457231042554551680117121924582379      
   68.8773489648906967508396454366787809      
   68.7040704053488902834172203191043537      
   68.5258666804287718039841615557784152      
   68.3427164681827011411013918142477397      
   68.1545964489082830324134178003651274      
   67.9614799554943434037928111417769870      
   67.7633357089673623077868649501940422      
   67.5601266477676920373564471653509588      
   67.3518088547177028132836881847373378      
   67.1383305818086438238874259041519449      
   66.9196313697847259289034778915856098      
   66.6956412569779432612748105797772898      
   66.4662800698793850590402823313413099      
   66.2314567864504187485956030886974826      
   65.9910689621021009762262526582548116      
   65.7450022075382489449526440812457934      
   65.4931297071961390808628885629512111      
   65.2353117667661700102026689872198471      
   64.9713953781701468326097977179244644      
   64.7012137903780107735660493115707407      
   64.4245860744894462088989043852747175      
   64.1413166715671974384621558647179970      
   63.8511949117332224470736447223772992      
   63.5539944929995929125233955876596324      
   63.2494729081645507471201713017421853      
   62.9373708078290801944772420075932467      
   62.6174112871470446895192708919261400      
   62.2892990832827052447156366322713459      
   61.9527196696681717375118641460088520      
   61.6073382319980971172322968298222503      
   61.2527985094152536671863771034580659      
   60.8887214824736453405398050511477295      
   60.5147038871495701367712680878893973      
   60.1303165313175119949136926803533755      
   59.7351023866158749258868740418244865      
   59.3285744243681675410947178615428572      
   58.9102131590342295976838890940774090      
   58.4794638563409443809709840167883548      
   58.0357333555207865088722508638979423      
   57.5783864456388845826977602242574884      
   57.1067417243897982552231070429713377      
   56.6200668534407300962276569537329416      
   56.1175731066789511964419915657038801      
   55.5984090856453164307441301785461821      
   55.0616534487736933516281856221533973      
   54.5063064661638800919005972472673126      
   53.9312801672950452199211730308579014      
   53.3353867923614468757456172292902608      
   52.7173251847185786622531840290463776      
   52.0756646666536388737173417643750878      
   51.4088258155150165892744592429796275      
   50.7150573910818119314239250250917244      
   49.9924084421050653117417228244819932      
   49.2386943172225475177109224262636889      
   48.4514548890727310122855943767567496      
   47.6279027196382589124689079979106555      
   46.7648580721198106828036932766607578      
   45.8586664891783226094789911316189660      
   44.9050929166708623365006818591590365      
   43.8991837413893626967476543271060146      
   42.8350841018418095932805226600076495      
   41.7057915049182958548439015745143331      
   40.5028164873378655237365469539631465      
   39.2157037052754262317324528669371498      
   37.8313363431373713934985747509787124      
   36.3328905095741235367487825818276583      
   34.6981965293494505127194777847814208      
   32.8970345639510025039277999398311393      
   30.8863701852123647338331831764848687      
   28.6012157095757366049138881574039318      
   25.9349556814695414512129648858415936      
   22.6892169073024678127914262200949026      
   18.4047212872714888152930664837766505      
   11.2648328071630378847277267623624518      
   1.08426983093019218558590104933512576E-0004
   1.04382910598678762217966299040810175E-0004
