   64.6110169596258260026220818933251882      
   64.2083802213407999147574118841297124      
   63.7870803064438575496163447890274611      
   63.3458811522460861462669067803489573      
   62.8834329348018435221180738069073705      
   62.3982549999137003571385579721901687      
   61.8887162696897764288429975738723977      
   61.3530126653336027370770757456730132      
   60.7891409508953715713309396339832752      
   60.1948682286307123111486615924034727      
   59.5676960910375488966651042640355923      
   58.9048181389490305777891722468191775      
   58.2030691830564644068402482954684116      
   57.4588639207341520215617599552509157      
   56.6681221675269211878700413461674024      
   55.8261767447368991714805947012423917      
   54.9276587633388657593666706880105996      
   53.9663531174321288302409019728384149      
   52.9350142093744170596458713385566264      
   51.8251277625847448541863704047142421      
   50.6265980958946650702491149395193873      
   49.3273295940003497907787827386703515      
   47.9126525146826331709570988751713713      
   46.3645086302659663752800864883800566      
   44.6602440471360891960764466022141594      
   42.7707172191827524211561539475191607      
   40.6571373303518934249255303515652212      
   38.2654081316889621776834870532269963      
   35.5152275641134585554844705537827623      
   32.2769432395172379758149390403538792      
   28.3143178159089560863902022045578570      
   23.0994126967867391823713347295432768      
   14.7203786372386730982901519057377732      
   2.57494587612716705125345482564871210E-0004
   9.55583058875792238936150545577226540E-0005
   8.96065165410694081996156327229851348E-0005
   9.32119731305753966919145213882408326E-0005
   9.09847539916486477640093111512201144E-0005
   9.10897350198340111112704266683312799E-0005
   9.12618563970710728945451434734235791E-0005
   9.17493546306909667835064827516428589E-0005
   9.25517647111927787752162488758922553E-0005
   9.41624975560585743691959875276545279E-0005
   9.47750346760716953258688902685443615E-0005
   9.75538325224119401251960837971100735E-0005
   9.93481312007644115370986459421243983E-0005
   9.56074311287320811616309189318375989E-0005
   8.75555907089374732895036773855137220E-0005
   6.25925111362433203141949055787919318E-0005
   1.02460738809015371908295952052090346E-0005
   1.02290085405898633787451710418643471E-0005
   1.02151470613589003201609297242257960E-0005
   1.02037572386465165039984073332210773E-0005
   1.01943005962487794947603884455255698E-0005
   1.01863748741173133495861686375741074E-0005
   1.01796752685075814498814946726522615E-0005
   1.01739678118831823368754141728709707E-0005
   1.01690707725430178639905058208961487E-0005
   1.01648414512735495171431413722229619E-0005
   1.01611666722719218473513720296239182E-0005
   1.01579558426543074082573951657929242E-0005
   1.01551358238381404704826103238660847E-0005
   1.01526470982090798364186560272906882E-0005
   1.01504408733271965272281463062979353E-0005
   1.01484768726113967695461167639329311E-0005
   1.01467216341136295864196394117194802E-0005
   1.01451471891553414740980176228702144E-0005
   1.01437300276507733806450897772425582E-0005
   1.01424502817206134103892229259674381E-0005
   1.01412910769069739681140995900636860E-0005
   1.01402380130846082656490748968317613E-0005
   1.01392787464817434656318290332348174E-0005
   1.01384026510782519318032430258857491E-0005
   1.01376005427341019852611080797503406E-0005
   1.01368644532045145539498584730461249E-0005
   1.01361874440650281884517294897438572E-0005
   1.01355634527462963398298083343826576E-0005
   1.01349871645425583320068057814054564E-0005
   1.01344539057384726113927418928574605E-0005
   1.01339595539908979406803263743868698E-0005
   1.01335004628750628321538490426153366E-0005
