   1.24407542596768794331630830252581026E-0002
   1.24796999274726592103267079580558436E-0002
   1.25208449646491358656526244443001722E-0002
   1.25643726619352952935599193504787650E-0002
   1.26104875774382698105643230797969424E-0002
   1.26594190985088530507514380959919253E-0002
   1.27114256854576905477080605299553962E-0002
   1.27667999564088734388352123887422228E-0002
   1.28258748206816157413975585205373876E-0002
   1.28890309324988010167468102276853048E-0002
   1.29567058240516617714547059504128581E-0002
   1.30294051965088432251486393014377767E-0002
   1.31077170134872948771015499766136015E-0002
   1.31923292748637154691761606299336347E-0002
   1.32840526817116786140045036723498014E-0002
   1.33838498854584728098218635814261488E-0002
   1.34928737251433722644042115409695659E-0002
   1.36125179243816951163935966881495772E-0002
   1.37444853591691387998229728390156638E-0002
   1.38908815905753504540634527423465051E-0002
   1.40543455512524766205776232713301437E-0002
   1.42382363409897837060336676950552895E-0002
   1.44469075177793580333469285416929554E-0002
   1.46861232717621646738666822045007000E-0002
   1.49637158966095267409361286454885759E-0002
   1.52906776738589999522301767517193274E-0002
   1.56830888053468816269469893563077920E-0002
   1.61657859896631843069453055685395901E-0002
   1.67800286932046532663350100752273049E-0002
   1.76016670115452068025242686876857604E-0002
   1.87930361317836300627374486535798095E-0002
   2.08065239627045537562510474383666356E-0002
   2.60639665425817183981311538672111362E-0002
   6.43467699567113245411607835736580523      
   14.5898702488938855612624278587182213      
   21.2473073870944227441613012282600187      
   27.1296082047444799676816296258859728      
   32.4969365868408332795511359375410279      
   37.4837870532477948356228536638832481      
   42.1719287323074212819764871759343458      
   46.6159482753809256809540258917996918      
   50.8545071254846229863583017166926169      
   54.9160690549849156824355975776930996      
   58.8221030730220905312020415045192296      
   62.5889735850925725895573325042626014      
   66.2290508590674538675442680433687559      
   69.7512446373560872235364465153379183      
   73.1608422329108550902520700993771483      
   76.4572888472591512562097949648168229      
   79.6221378802788734758576500579943166      
   82.6921297987200379287617211129284334      
   85.6835703414794951914332752822231998      
   88.6011843221731733729580064780343532      
   91.4492024771088842056582852115751364      
   94.2314318591699762701115377439793941      
   96.9513136005989166068369420045995637      
   99.6119708192691455619625940012206941      
   102.216248721000142686668372003681636      
   104.766748442282600154222025849338038      
   107.265855813848336648925682494198839      
   109.715765960489485707015805325152096      
   112.118504456509177169163381914789196      
   114.475945608993145175654995301170162      
   116.789828329015195082378025909684030      
   119.061769964417005679043486425536044      
   121.293278400276658172480605495268672      
   123.485762679832331238811066380986220      
   125.640542356094511678231024831697422      
   127.758855750040310472403606095713464      
   129.841867263488762261836835204682502      
   131.890673871866949319566744161433675      
   133.906310903350867285998000082985598      
   135.889757195193107325543063213879065      
   137.841939705047846112768908275776452      
   139.763737644168919914184050127488504      
   141.655986190146395915102469810724801      
   143.519479829047689889145994222564445      
   145.354975370202868512548747214436817      
   147.163194671224003062590043401376734      
   148.944827106012351352795629541496376      
   150.700531804358029519784564791637950      
