   1.62118305632764968155755768832466316      
   1.34899440543928536272647645802122491E-0002
   1.16310107072773388492431360748337717E-0002
   1.00335468406482246147859264409867772E-0002
   8.65927976086597420879474831733602988E-0003
   7.47598810950665712465113355984819689E-0003
   6.45641056081121461007959776782285702E-0003
   5.57738958139581467609946776452493075E-0003
   4.81919007849951217173700622899638891E-0003
   4.16495012614875273990703081250979385E-0003
   3.60023297534931207248800905024373765E-0003
   3.11265799052520455689846357461923158E-0003
   2.69159394039371971659865216479214519E-0003
   2.32790229546237372649321154196805360E-0003
   2.01372110876833876730573996527535763E-0003
   1.74228220073374893085744580307117884E-0003
   1.50775592915427485448770715693642841E-0003
   1.30511898424326876562320817513410563E-0003
   1.13004152356102410910220396598797296E-0003
   9.78790632781039466143144656544919772E-0004
   8.48147621540166647919501264855064352E-0004
   7.35337078068332689572224637131141662E-0004
   6.37965935153741238561794763609305156E-0004
   5.53971067860006514949309546123615176E-0004
   4.81574157470670644110231738832474403E-0004
   4.19242729707358575873519860637759679E-0004
   3.65656410278511255274078917609663329E-0004
   3.19677563488499598563215649405216159E-0004
   2.80325563343567213200885907600969800E-0004
   2.46754044000527329054087370471584655E-0004
   2.18230580821519084091310226970984014E-0004
   1.94118228306320265287745929433312187E-0004
   1.73859682101425471423602535447424476E-0004
   1.56961736000649194618416515233070980E-0004
   1.42983458222726243887196155343679982E-0004
   1.31526283687950165542285153124609739E-0004
   1.22227226151358902011250474257812134E-0004
   1.14754924481091854740186999430262110E-0004
   1.08810849896751290972037627361836356E-0004
   1.04124178325533857079228704859475216E-0004
   1.00461840972998400037596052826712014E-0004
   9.76205343737676713785699689802933845E-0005
   9.54298560525393718169959008573452694E-0005
   9.37494084857448326133697836671246927E-0005
   9.24651776526368862159701758049470486E-0005
   9.14866258975175489624028333268048116E-0005
   9.07423477732850073780706000977556593E-0005
   9.01767600459958872643494317563682951E-0005
   8.97468963834473789858401972718019437E-0005
   8.94197879080998342194768191091165942E-0005
   8.91702341203693096864076447737288378E-0005
   8.89790799569967485113861451038015825E-0005
   8.88317367372446004025440753230603754E-0005
   8.87171376349666148076190134290925338E-0005
   8.86269104363095097520895383710133991E-0005
   8.85547367287116121830618662052782515E-0005
   8.84957516261008499352342971212687647E-0005
   8.84465077365789600204500957552354466E-0005
   8.84042471920795782661865415026361072E-0005
   8.83663533023462853589769540885537753E-0005
   8.83293682749183419462497381111107402E-0005
   8.82944100304541957419037054320191436E-0005
   8.82609406355322404903793919889735391E-0005
   8.82267485226928986456226361849685442E-0005
   8.81914450960361146217505848050944364E-0005
   8.81545513982439453792031515825777694E-0005
   8.81159050682043278510632870782851091E-0005
   8.80739500897437839792474611536718029E-0005
   8.80286022605996497379779811634012997E-0005
   8.79804456917928088184222540087306073E-0005
   8.79279236185355463959189752642644679E-0005
   8.78693068238189143126869755637112451E-0005
   8.78053073982960299991877758579566552E-0005
   8.77366374416306179620432715373466314E-0005
   8.76615014864332818668169369455959874E-0005
   8.75788147599334258644501668533351218E-0005
   8.74897627674506881297180074930168793E-0005
   8.73912779452719057741698844565629031E-0005
   8.72812439457722980869269180994834070E-0005
   8.71632156945994246912827587120752314E-0005
   8.70336077621864153535158337205733712E-0005
   8.68912749029687577018032887426695903E-0005
   8.67333393751032300200841739522232019E-0005
   8.65614815504884165106678887485635935E-0005
   8.63669190660506815657093251939406133E-0005
   8.61525613588084518067985014497745130E-0005
   8.59130479898886912581931283620014939E-0005
   8.56392518921509402308918162364766051E-0005
   8.53239289201544331706466974699241943E-0005
   8.49374155879716703236829505093381900E-0005
   8.44012019396649951621210435679070054E-0005
   8.34497923873250919264716877785967051E-0005
   8.27812510611440335983601921799878370E-0005
   8.22175897372656645724059396259590175E-0005
   8.12223473909672850373694075522889703E-0005
   7.92631711269815886788059312463551479E-0005
   7.28683008511055451178722018796700478E-0005
   7.35050600748584803891048692735928858E-0005
   7.57204652948466791126449998259069618E-0005
   7.63172649522368805017244940248466838E-0005
