   78.3957279999999999999999999999999980      
   78.3962550418694409794282051898423213      
   78.3963046756599782386620366376609359      
   78.3963589836771869187321866604446229      
   78.3964184061130156764855705520813261      
   78.3964834246141746263283965400858221      
   78.3965545661861078066621742906319562      
   78.3966324074646194569511979001095243      
   78.3967175793897776396892135355757250      
   78.3968107723199793880719862960559571      
   78.3969127416276292757737118897526883      
   78.3970243138217870078767178380020298      
   78.3971463932474109630564010922462964      
   78.3972799694154981977181883403466375      
   78.3974261250235351344830022391180506      
   78.3975860447312684492538076855627073      
   78.3977610247629278955326885843619474      
   78.3979524834137315851958072789145525      
   78.3981619725458338783303558201960851      
   78.3983911901668959311093266337490043      
   78.3986419941932341150478451256223117      
   78.3989164175091030801714656268865987      
   78.3992166844441760137723477153418787      
   78.3995452288027797998005396642647439      
   78.3999047135910204851437301053201329      
   78.4002980526016966562567091916245232      
   78.4007284340319565718739227095052638      
   78.4011993463251312389904832575132419      
   78.4017146064462036084033060264381849      
   78.4022783908200998281710715888243515      
   78.4028952691835719149319554002238647      
   78.4035702416250572278655274347299178      
   78.4043087791127401771566634431986883      
   78.4051168678393151138146089869108056      
   78.4060010577428855007181479336518990      
   78.4069685155972840078266847262533760      
   78.4080270831021354740381656913574702      
   78.4091853404435099388705405254967166      
   78.4104526758403546452372325721241255      
   78.4118393616404114603371072234310296      
   78.4133566375824128125475914753509872      
   78.4150168018994352903975792582291606      
   78.4168333110018463098661082583872793      
   78.4188208885478208816985756692787869      
   78.4209956447854961686420945581432493      
   78.4233752071340879639449959053706426      
   78.4259788630623902796456620475249156      
   78.4288277164227552904636540337704792      
   78.4319448585077138576915080750778131      
   78.4353555552157307639580268697970910      
   78.4390874518431608813701297951963958      
   78.4431707971623411203782979819075280      
   78.4476386886020761819566867564691090      
   78.4525273405178209339903339607513821      
   78.4578763777260150524247810655140091      
   78.4637291566818033701314753283228348      
   78.4701331169034379816999361712198898      
   78.4771401654918216929805430646168589      
   78.4848070978619040456425269831503782      
   78.4931960580961551946378994576552122      
   78.5023750426514984392808150651276346      
   78.5124184515024823227900542505803855      
   78.5234076911879661833233977322077544      
   78.5354318346492953575818919560205901      
   78.5485883432082638955666409389465427      
   78.5629838565368347649448899655537882      
   78.5787350570216926044677277805054790      
   78.5959696155297090931154122643808834      
   78.6148272262401935735068897746210978      
   78.6354607389317296328196307863335624      
   78.6580373979013134675561677750488744      
   78.6827401975578146724889232087775488      
   78.7097693656774801948710806559085931      
   78.7393439863439629253460742709940844      
   78.7717037757275649779195981395994496      
   78.8071110250972192244034635200067693      
   78.8458527268142324205071209936429607      
   78.8882429005399662525878387318952738      
   78.9346251385124604965370195189883436      
   78.9853753905226589942712700624000104      
   79.0409050111637768475995725998818738      
   79.1016640940531940387284361565568824      
   79.1681451200523075967082093472274520      
   79.2408869490548751407828988901439465      
   79.3204791876991663797431230005543648      
   79.4075669684062779092738535786863511      
   79.5028561784809581050979925864782903      
   79.6071191816592566227563604220030034      
   79.7212010784788254742594388473769490      
   79.8460265562151089380049002867311000      
   79.9826073839053675798594069278355682      
   80.1320506132112210897691393843419583      
   80.2955675515915468548981167452907657      
   80.4744835805175088188980120332545956      
   80.6702488983109539477309446117018420      
   80.8844502746819196434917782147502813      
   81.1188239122412912049559204169846352      
   81.3752695192372011699707558601273638      
   81.6558657075812988381579366403742763      
   81.9628868409731141999285291817987822      
