   25.5609701966351035855553402224603038      
   18.1244481185044916975823231303496963      
   14.8101904357637756506985676027650974      
   12.8299691707680391081084324691239046      
   11.4767693633334365591122692686974518      
   10.4768669911908063245324566590915040      
   9.69905866338090589225353987976544048      
   9.07155097470124390729827005019232752      
   8.55130827542588161551899387920503922      
   8.11074168551393298186001030640902542      
   7.73122422417742346076462356759701538      
   7.39964844321098993705737082992781167      
   7.10647294406624551477459752102547200      
   6.84455289956118715212364273202887946      
   6.60840874611191175459318656366279768      
   6.39375212983718479440819010595477529      
   6.19716913815341129547328563778104862      
   6.01590291418302035306626619516232672      
   5.84770077092241444998560729538879586      
   5.69070412038845550245818324691295352      
   5.54336740808828512261282288454764110      
   5.40439709311586778505518720761306193      
   5.27270477154309623806069284811192798      
   5.14737049960290045856426527563129701      
   5.02761364182669694697969763772642086      
   4.91276939760360564458511931792571605      
   4.80226970448175970360348086104735627      
   4.69562757832483081268747162998800784      
   4.59242419412572709493863254871962572      
   4.49229817846826915617908804242739549      
   4.39493670237538848727598946297115149      
   4.30006804852470674184471102938934511      
   4.20745539049688465572940227245454776      
   4.11689157062069165062173250422573769      
   4.02819470140649498117124141492681080      
   3.94120444642747335297211073180411176      
   3.85577886149728569031195047883483128      
   3.77179169743705279335069372307015826      
   3.68913008258602114444614388747762458      
   3.60769251694475330542797913888782932      
   3.52738712116988987476720329768039296      
   3.44813009281546978837466331132895045      
   3.36984432960061532890140218408182653      
   3.29245818530213601518325534685481031      
   3.21590432835044611846923775264359483      
   3.14011867640757529798066320304093552      
   3.06503938229863340161956595463581190      
   2.99060584760206707103797086479194794      
   2.91675773999431086564517854450977760      
   2.84343398889179726280639064435343766      
   2.77057173097226437436057330685926451      
   2.69810517214979984806714448487613431      
   2.62596432525838124538582156437236772      
   2.55407357187108986412115692507687994      
   2.48234998120312615924389072506988369      
   2.41070129669909340726899854029229871      
   2.33902346841124601137828176915497526      
   2.26719756158381147975021354632501113      
   2.19508580050519615008968678771856698      
   2.12252639815660705392023102397208406      
   2.04932665352570506716875916524364636      
   1.97525353018876395499210217829927568      
   1.90002049231256276000428718034122533      
   1.82326864152531697538625828693164549      
   1.74453893529364739719877440447598116      
   1.66323002689482150546265870320703490      
   1.57853217165955249839790675353013737      
   1.48931991536749377366082247724140967      
   1.39397098093957681238850464033644937      
   1.29004474476310166393474573386889038      
   1.17365362362223167644630295154859928      
   1.03794392560046252954094281180191178      
  0.868048942366889971154652862500885689      
  0.615267608597439855903235520506231546      
   4.79581558037997376267678024798530161      
   14.5805671905604180423280560970093233      
   22.6855076079871281864676665036143417      
