   1.84051559052455421330919815460376769      
   1.84058431708064881108601493200003957      
   1.84069880964707749357714549797334819      
   1.84085889848107961580737844143515925      
   1.84106433810075429950897151864444079      
   1.84131470336420394169810607346559854      
   1.84160878316757885853340498747721411      
   1.84194294197986544862980177986774064      
   1.84230865230056431294756662082410807      
   1.84269020764819647502835659434783036      
   1.84306352324991180524251218984988569      
   1.84339623086981522165358062972957846      
   1.84364868659809508436674022298595428      
   1.84377532540897496954596175432880360      
   1.84372593357047475757796614818353899      
   1.84344667161436790879637971415383893      
   1.84288090305852779307792597763612564      
   1.84196999111508254031198863749009834      
   1.84065421966246139536626927659518846      
   1.83887392034506501801414535995255708      
   1.83657079591428445695987888435581063      
   1.83368935728342424478429847750792230      
   1.83017835440779822836089447483862634      
   1.82599207876963041840915501876369484      
   1.82109143829356608048959262174335609      
   1.81544474164013919529173834636365073      
   1.80902816717536949219827520857555296      
   1.80182592508866211269006183708970432      
   1.79383014547004504370913024424790368      
   1.78504053977272120181611617952084586      
   1.77546388915614754429495560786984500      
   1.76511341265183186837561616865374584      
   1.75400806316832905134335304897453755      
   1.74217179198660046977798308240839211      
   1.72963281411057944897340818715187721      
   1.71642289875368923982993461145112272      
   1.70257670193108023152492701068850884      
   1.68813115194886951215227017060921997      
   1.67312489366977854335296300899940488      
   1.65759779363246386422004377279853220      
   1.64159050539207423088109962493631514      
   1.62514409259249568612513939443155571      
   1.60829970613239427395050843670815789      
   1.59109831117932613594086362342604388      
   1.57358045960549922596143162635588171      
   1.55578610351220437542653543528780069      
   1.53775444584276581035051149628289818      
   1.51952382455099923252115225465530603      
   1.50113162738456286210015930912685909      
   1.48261423499299329328839250091536426      
   1.46400699087286236007117825833137712      
   1.44534419747718192874854163960918679      
   1.42665913887278802662547700053661590      
   1.40798413151699938236303580759206112      
   1.38935060628711220774667232028361449      
   1.37078922693517130598734470619075334      
   1.35233005291717270539137907767702958      
   1.33400275855550688828274009072806421      
   1.31583692633547887931846558603015074      
   1.29786244105737064617138812360581000      
   1.28011002558670677275577573394523379      
   1.26261198172562237505705349406236397      
   1.24540323826742663459359213081913275      
   1.22852287653082703052684461653199358      
   1.21201643076647427048772125894582151      
   1.19593951279679260838315676568973993      
   1.18036384585633301867742259758715176      
   1.16538802322682458855688242670945302      
   1.15115836434980503667755396074781235      
   1.13791335004999963631876132108039619      
   1.12608758921169559268531904746593223      
   1.11658019787511388526113867130415884      
   1.11162306703048213572911450493502121      
   1.12011434336827554899157937256770796      
  0.994966772874968142340157344366484929      
  0.934424412859114707836188925168075250      
  0.900229553010063582383709865404190419      
