   235.280614361362568539609003427063999      
   235.267398252924457508319123671013411      
   235.245344475392038198502698317074637      
   235.214438641360430917946672956591395      
   235.174671149268333517823850773016253      
   235.126038991397878255346579515018115      
   235.068547159852543572899676991769949      
   235.002209043661431962061754510849321      
   234.927044133777087480055903533251952      
   234.843070426628535139711416047952395      
   234.750289162654644173447757896662759      
   234.648660788840827898249710934690060      
   234.538073028161151407645474767146850      
   234.418304883828092588082951037905281      
   234.288993393369262604604092076506710      
   234.149610942239940779063527894255340      
   233.999458835585305112315899435535909      
   233.837678509079116371569110246519272      
   233.663277321743352067999949131006089      
   233.475162995230674864334340068810379      
   233.272180048412089396093034088131392      
   233.053142632163316886211107280718459      
   232.816860169596823566148459552143767      
   232.562154358591793998065943724985866      
   232.287867855665456412082155386944267      
   231.992866107882184030809851597251179      
   231.676034330270755120402778544073379      
   231.336271666283016103053545956540061      
   230.972484292389258486468270278209547      
   230.583578791828906784831259555776281      
   230.168456656431791997483972085254196      
   229.726010349044831407966282059747252      
   229.255121021693631940601195089125851      
   228.754657744729687325420384873983305      
   228.223477951103603289693200457653746      
   227.660428726703528502422629355174199      
   227.064348562360797015375767002008829      
   226.434069201890379599105198673539723      
   225.768417271498998742420577728412814      
   225.066215424871023916282305708311088      
   224.326282803576374104257971004062132      
   223.547434664746331922223551437051681      
   222.728481076332272837543416039981308      
   221.868224619776524253812266719545593      
   220.965457072083038484753207015920045      
   220.018955057620251036152750847433143      
   219.027474673604143750795368224224102      
   217.989745097764351467337035720318550      
   216.904461184006547251928889366664949      
   215.770275042660740201790747137274595      
   214.585786587149787899217237554601232      
   213.349533011148285268276010178378220      
   212.059977131408143246394769507333197      
   210.715494505578540835501655474347029      
   209.314359194928613935085125536801477      
   207.854728002009859956851167099712591      
   206.334622960688643036306263121757397      
   204.751911797706155504968547056613085      
   203.104286012574576575186078750269919      
   201.389236133341773572768288208858459      
   199.604023599677168856864101903446740      
   197.745648588488558041667093571768646      
   195.810812928164283091657028686679393      
   193.795877030397192987226230055759801      
   191.696809490692297783837538776349634      
   189.509127644794181612705981195015830      
   187.227826888934678622648228219115208      
   184.847295935924076178474178575061454      
   182.361214318501110916407850227239443      
   179.762427280795765702121143255557265      
   177.042791578219788619427121144408731      
   174.192983435927027222616153197513923      
   171.202256688034107248937463331539341      
   168.058134442899765607379630705075621      
   164.746010747143772565970490636636761      
   161.248628382919578189822190332331903      
   157.545383075857846315966109273872042      
   153.611379447052989328192561630950441      
   149.416123701780698951502543219646548      
   144.921670722066566545431850779715980      
   140.079926555710037108665552744871862      
   134.828595773265703338232196846587018      
   129.084857438314141547037240213838057      
   122.735016869336567455677943175174042      
   115.616486122319764963190217340555948      
   107.483610932462504038565640595778314      
   97.9345270744390776594944523665201918      
   86.2246171677014920661423111096375207      
   70.6394813671777695427925344307247452      
   44.5877958940190846041083157930436737      
   1.35996540269395457696174856525881983E-0004
   1.28081206717553963242058150017771550E-0004
   1.18531261412979825178007442083124410E-0004
   1.08162636726961129556739025896042860E-0004
   9.75738901380348207890829036666973999E-0005
