   25.5609701966351035855553402224603038      
   18.1244481185044916976391594068474116      
   14.8101904357639285134844756538909975      
   12.8299691710230202023180936482614337      
   11.4767693855286923264942602570690239      
   10.4768674310239374607024432670904043      
   9.69906240140766649110509327133010921      
   9.07156967060795658108448808377630654      
   8.55137390980781598098784873618537415      
   8.11092154556097865816777252349925417      
   7.73163602593138181508883239845091233      
   7.40047287407591498408513209172860825      
   7.10796228123097192977817576370152937      
   6.84703534254034819034814983204084846      
   6.61228851617048190435594682844001252      
   6.39950556390406630281078517307431392      
   6.20533719515697354678300184564758242      
   6.02708074971741801535984190842272712      
   5.86252524183623683005982137565368752      
   5.70984018215253450227644913192264522      
   5.56749434457626231407710021019386832      
   5.43419539283976458345136270126508375      
   5.30884427712838675719038202820184994      
   5.19050024890099729239890372325272281      
   5.07835362094810407661230317182821052      
   4.97170425791231716782219670260348487      
   4.86994436638768518980013290644956954      
   4.77254455572873836383083571434311770      
   4.67904242069972687177281565921792055      
   4.58903309410555205072720446812463565      
   4.50216135765356982059774569703838909      
   4.41811500004345402063545790117372799      
   4.33661918441019402735727701174973573      
   4.25743164093282437040522266673284192      
   4.18033854032046170504567566696394354      
   4.10515093378096789083484446880513093      
   4.03170166779061369437284889744021426      
   3.95984269944872872705500744714798903      
   3.88944275174594136198427543381915695      
   3.82038525872685196926076345275723703      
   3.75256655900929713050917484815016998      
   3.68589430290228737356324608024139384      
   3.62028604387759680010058339249529333      
   3.55566798962527056903438336210207573      
   3.49197389161706368745797869268934744      
   3.42914405513607244060817748857814451      
   3.36712445422396858622379517058886691      
   3.30586593808820727066719887254128468      
   3.24532351721610526307248888552590032      
   3.18545571884837522466368510540537145      
   3.12622400262529094442438451270093078      
   3.06759222814192479832384169107581079      
   3.00952616689572487500249583181710498      
   2.95199305166549521807898066737802333      
   2.89496115678739161750600729308049220      
   2.83839940304205592325507241132900825      
   2.78227698098142586761253781072688296      
   2.72656298649671817964995028718138790      
   2.67122606222216937819412200295851848      
   2.61623403797816021292700899678829026      
   2.56155356283295825164492792989404213      
   2.50714972051393888683969134019739887      
   2.45298561862080452177873446259151809      
   2.39902194046425676226011857167805350      
   2.34521644608084042797119606112320077      
   2.29152340595424509776988140508724344      
   2.23789294690608537411123178394927238      
   2.18427028409727611405705212223254438      
   2.13059480558633081955060073187875299      
   2.07679896556519224326302566006555898      
   2.02280692800762212439396654217289504      
   1.96853288228117493420882357112480416      
   1.91387892336439890909671070733757603      
   1.85873234743309267304143580978572211      
   1.80296215171298722034636315701753097      
   1.74641443441554345759190888027023779      
   1.68890624738294291508523687573519834      
   1.63021722843197741833014385028081299      
   1.57007797487331132225153528715179790      
   1.50815350836840275230823330566661604      
   1.44401911953902412570730346205870627      
   1.37712395020860890915046866522062173      
   1.30673395332345191748482702628879385      
   1.23183816308409665310220862171642627      
   1.15098463352610720978458782159959626      
   1.06196719741996924002668909442416621      
  0.961149259362823624382892725698641497      
  0.841722642469577028156982634170299758      
  0.687798215029069765782629267326276215      
  0.437086743500023881218803836167677630      
   5.49383511040046464140102662290896677      
   12.4443265652975745079847572516624127      
   18.6074009513402859468801974663390854      
   24.4157468196859465557293993564084051      
   30.0286112212498924492220564820725320      
   35.5371758899572712040722558576453020      
   41.0075577534695993140144066859475566      
   46.4929610696443744984527498856483343      
   52.0341292215113482284675102126025633      
   57.6543492849624845417390895585409287      
   63.3535836908164855901379930967951567      
   69.1047787824233751924687333355216587      
   74.8523245040527890127998805516703180      
   80.5089068628144570553937954709805383      
   85.9383709087141547517502383795305939      
   90.7934486838137678422926354494928285      
   95.1854286891157547961265487098547146      
   99.5344564332834292984113751714844220      
   103.837606154127796238323447719040623      
   108.092662572662559090925969418438611      
   112.298018255429715333936544926340202      
   116.452571659769188388772301671284518      
   120.555632376826611919433452799971137      
   124.606837003309825173705105789745793      
   128.606076939706804489689521025696831      
   132.553438048600412428848783913927386      
   136.449151314990826278006596193636519      
   140.293553256886183133641476465277224      
   144.087054700685692621365915630908346      
   147.830116559135710026831303116859134      
   151.523231357974879836186421443711962      
   155.166909407255579169001655584302332      
   158.761668672740848359746423887929793      
   162.308027557229164032172829349592904      
   165.806499941815287676414847134722772      
   169.257591959877828955152070698771241      
   172.661800080534428966355450539141568      
   176.019610165619724092399144723125513      
   179.331497235671487917466354012791837      
   182.597925738578038140252370827172176      
   185.819350161475826264689595258755845      
   188.996215863791666802638756895023847      
   192.128960039213928053122397905820219      
   195.218012737555112759952201529593836      
   198.263797896231314550012218079336757      
   201.266734344798859206949390928877174      
   204.227236757728394249665946320599366      
   207.145716538530448720072292507923789      
   210.022582625049624491372200544424655      
   212.858242210688046843348376692024785      
