 0.26859175941275E-03
 0.26859428525671E-03
 0.26859853888099E-03
 0.26860523945125E-03
 0.26861895631683E-03
 0.26865147319281E-03
 0.26872056308066E-03
 0.26884583564554E-03
 0.26904531245395E-03
 0.26933404122037E-03
 0.26972439268493E-03
 0.27022721276675E-03
 0.27085307176948E-03
 0.27161312262914E-03
 0.27251939657878E-03
 0.27358461800515E-03
 0.27482175235276E-03
 0.27624351504376E-03
 0.27786200858763E-03
 0.27968856990690E-03
 0.28173383684094E-03
 0.28400799794508E-03
 0.28652117327324E-03
 0.28928387783651E-03
 0.29230753441570E-03
 0.29560502111599E-03
 0.29919125763035E-03
 0.30308385167162E-03
 0.30730384483714E-03
 0.31187661842912E-03
 0.31683304985103E-03
 0.32221105827110E-03
 0.32805776117076E-03
 0.33443261547192E-03
 0.34141221359821E-03
 0.34909802850950E-03
 0.35762984491463E-03
 0.36721141658676E-03
 0.37816700051137E-03
 0.39110044136705E-03
 0.40775866883545E-03
