   1.84051563690825564391978356144576160      
   1.84058440961562541078748084191093031      
   1.84069867113904507179791528902604035      
   1.84084920809499342885317657118356101      
   1.84097765032631103108139834857189034      
   1.84093610638548246525447914045408667      
   1.84050695345073501825274328778693196      
   1.83945838426681260748563561483015453      
   1.83758903404782343908310671559445556      
   1.83474688639084071892679084160793474      
   1.83082755029085553041498357436294331      
   1.82576088547148387447012293217595902      
   1.81949387273817181423140055347333258      
   1.81197583212454919878695002333378543      
   1.80314970576463931025368242414159857      
   1.79295034388534732006901149088460463      
   1.78130842662552274289790544793112441      
   1.76815747227339896820209614423020624      
   1.75344134547184886226590958667763808      
   1.73712037660193403285926018095865409      
   1.71917514062906776473608852036982377      
   1.69960776047889812770190864999338170      
   1.67844113137740416401156885494645978      
   1.65571669956761331178002285725956417      
   1.63149144589933271013810397967111388      
   1.60583461786165600974123210223468887      
   1.57882460214453537630372911684651518      
   1.55054618553532169137009158450334135      
   1.52108833972284334158018952389432483      
   1.49054259340822069781297686531238555      
   1.45900202168520470505525014852302055      
   1.42656088495498017101940568582043894      
   1.39331498836758129475529597614967792      
   1.35936291646351728990115438144928641      
   1.32480845183362629692622703577243950      
   1.28976476807330042423730001613387256      
   1.25436152032541327203160985350629885      
   1.21875699881274459647702666040966196      
   1.18315943200424784577243629960898507      
   1.14786186979792019384193523110659405      
   1.11315423954947645259984682248830404      
