   60.6220030231539085017537104521857996      
   59.8922477855699422541976067849362852      
   59.0995537420657224987761529889907352      
   58.2342456795750444260311927378962214      
   57.2843296961490693218233952858544157      
   56.2346792449407583296989881176147791      
   55.0658665288935165708358184417310944      
   53.7524964716523952181130804402864858      
   52.2609451768026470237189345596106580      
   50.5467389500341076465555964673861073      
   48.5526591187905276686531450648085408      
   46.2077728987578081756889248432789790      
   43.4158435429730656883556905121512265      
   40.0086413598838256242000004541932466      
   35.6509103379838854452758841565749860      
   29.5953374349199459952738501720327333      
   19.3510486038633964561602083142421427      
   1.65148257952120386235071320254096167E-0004
   6.39681669677064040328104699884192486E-0005
   9.90185281221070837984337262644211178E-0005
   1.10071314310820553932595647526387042E-0004
   1.16224819159939227586375068060999250E-0004
   1.23918879772861871614186071121067304E-0004
   1.25257480594241856732216007655346402E-0004
   1.26777326449712364638112698836391811E-0004
   1.26952314215168103843585218549668099E-0004
   1.25011698230650145479470508999367142E-0004
   1.22591055908242591189007247706574531E-0004
   1.19836190093343429106052161538426179E-0004
   1.17227840291998693362735805574870768E-0004
   1.16562636613262195674607237830623066E-0004
   1.25854177549311691773648697466472110E-0004
   1.04862356885542134090336870311390914E-0004
   8.25114094120850268870831120969917088E-0005
   1.01935491048197243860643670885586049E-0005
   1.01857718042360924058723667669222364E-0005
   1.01792023003051703066344848662117818E-0005
   1.01736085715386601073168671325153227E-0005
   1.01688107375312036117098981230684542E-0005
   1.01646678061018252125579609776989596E-0005
   1.01610681468619016528375886464612960E-0005
   1.01579225489648636230139786282490498E-0005
   1.01551590994448880850036500125667602E-0005
   1.01527193613279264499540174040621779E-0005
   1.01505554912122975982294785009133782E-0005
   1.01486280437465408381338773153488612E-0005
   1.01469042837562986467371976829558092E-0005
   1.01453568773358140175502573575919178E-0005
   1.01439628685179679119918418658505599E-0005
   1.01427028730630393930798604550237876E-0005
   1.01415604386992701046634092511684648E-0005
   1.01405215339789070400504117610686350E-0005
   1.01395741372546551422000359002216907E-0005
   1.01387079041440911234550104242686389E-0005
   1.01379138969345582079615317826679849E-0005
   1.01371843631794890019586338329853164E-0005
   1.01365125535964023412271203842654322E-0005
   1.01358925715449011150174178667881274E-0005
   1.01353192480184962777554676402757045E-0005
