   1.00483586181316436887648664194859903E-0002
   1.12834305325018888305267268251161133E-0002
   1.26734446570470902033009811344049406E-0002
   1.42370493244217429896880619306483254E-0002
   1.59953450851546220362327612964676340E-0002
   1.79721597549417645704807933870007368E-0002
   2.01943587652829968694826926772587390E-0002
   2.26921979140379997920095238737355889E-0002
   2.54997246266735628021199436314371133E-0002
   2.86552334855525536553673789816354785E-0002
   3.22017819902219719570648296355574850E-0002
   3.61877731241356354306140559700284850E-0002
   4.06676121874068438884522421487266919E-0002
   4.57024464228382911120875618059450726E-0002
   5.13609971696774036953778885588533289E-0002
   5.77204956139359293407940337778205150E-0002
   6.48677346725060500643642928021256575E-0002
   7.29002511683343743146006183554910633E-0002
   8.19276542489189315075735650235570125E-0002
   9.20731179970840306919194508181066976E-0002
  0.103475058410546161498231701130700064      
  0.116289017416694549069537973834602184      
  0.130689779375507275130758432050122419      
  0.146873748643897098448111086943178067      
  0.165061620270080361668501214185411681      
  0.185501379802041886839912446458156530      
  0.208471672579928019024567441654555346      
  0.234285587793777217034556562140369744      
  0.263294908086889552381489092591441920      
  0.295894881639632833996413191403955995      
  0.332529580554030137655560067631264540      
  0.373697917059656565451462146785034763      
  0.419960397668414875689226321955883751      
  0.471946705021355269347072137099894969      
  0.530364207906720231016084064548301551      
  0.596007511907603303523531591518203089      
  0.669769176494438962879408153216033553      
  0.752651739258691098238601073685507402      
  0.845781204549289148653929724543207217      
  0.950422172195670747911501303928516443      
   1.06799480246789695955623332957063930      
   1.20009383613655751123926341807682777      
   1.34850991366915921315957595286341544      
   1.51525346546628318399325116213850425      
   1.70258147584637401169310361810048134      
   1.91302745749527531384487854791151471      
   2.14943501058665136509970077406532142      
   2.41499538205570235842264221090000187      
   2.71328948590446178022577934208867276      
   3.04833489530921145778353669071543610      
   3.42463837213229962186735131274938816      
   3.84725455976021310880297227216038866      
   4.32185153171246049273504319841631597      
   4.85478396217242179602157510958239245      
   5.45317476687846613380991517218432842      
   6.12500615572189196642560524673618392      
   6.87922114494785455366296276390470587      
   7.72583670153499914401149662188178945      
   8.67606984179250280083727619324192141      
   9.74247819026007286221967221472310919      
   10.9391167379321105411070716424471193      
   12.2817128413271766545900906832844325      
   13.7878619055391270851874999090474681      
   15.4772467368845630908999568160055848      
   17.3718842922675668784393584130188151      
   19.4964045725508133280376340908249405      
   21.8783678123461427294131748509426229      
   24.5486280449933704117982920015861612      
   27.5417537317366651367864013982152305      
   30.8965196054865350417794975465377552      
   34.6564883003347236296252254788404225      
   38.8707056147327265181451294624394434      
   43.5945387414457119500842918664282808      
   48.8906906252017569725048738897935008      
   54.8304214230017079488746971270267694      
   61.4949908348329863816055061933742923      
   68.9772861817312370366332882634698258      
   77.3834939161530546766687715215853113      
   86.8344740208906434299425246768416020      
   97.4661899472163901225486605582408712      
   109.428178499622041342166246363942461      
   122.878784641848931508648379232011217      
   137.976009099786616568938693726277899      
   154.863503317514335249754089392969519      
   173.652346003436575240583067727294641      
   194.400393385381049529391849733410680      
   217.092174913161532210753858256610258      
   241.623865449221977863365118565378489      
   267.799727944089713196747553655905572      
   295.347488871362089150673069435324143      
   323.959285350250489456576284432800625      
   353.362316238613263234704075874895305      
   383.417711252397852464955452926115756      
   414.221413809373990648448253381620432      
   446.124875284148270970332187814723670      
   479.602840210846998826358170376435410      
   515.113719091726636661860099060457166      
   553.222237265430984256521158005859268      
   594.896801201598109664895125952384155      
   641.605455267274731511044841401956911      
