   5.80830953598451333974882527895364226      
   5.81665614948660625542478482311880050      
   5.82544713105278977895172191344031774      
   5.83467558072517913267294985462383851      
   5.84433373344848498007382705607610225      
   5.85441303354338951893554952969755568      
   5.86490420341643933352568463010347490      
   5.87579730637635955107117372083718808      
   5.88708180350579380413109886335965302      
   5.89874660459349796273255577339130155      
   5.91078011316727234456535324022940597      
   5.92317026568512874854965760012388734      
   5.93590456494313235576339697590184040      
   5.94897010774361379322523574294893803      
   5.96235360683906352466450099114061147      
   5.97604140712425346836741613663231273      
   5.99001949599173322503621236715509695      
   6.00427350769350286137920691098535277      
   6.01878872146163479522174460824900634      
   6.03355005303026822150275532360083675      
   6.04854203906749078144610130787809145      
   6.06374881386081081319151046537798437      
   6.07915407739887593440349211938071004      
   6.09474105374272699490662396662495327      
   6.11049243826877845982268252046825023      
   6.12639033197575908591425371451753731      
   6.14241616055073737585198263531722778      
   6.15855057525379276540228339449256980      
   6.17477333185586739921610643427672860      
   6.19106314278473191098597593988314988      
   6.20739749620435575408114498586864819      
   6.22375243383780137340446493817855815      
   6.24010227674628459354177064027408101      
   6.25641928470899028496309919306437613      
   6.27267322987531677059206774481447287      
   6.28883085832655904377723472455999938      
   6.30485520306510675148413869776829823      
   6.32070469712773375912600072323199442      
   6.33633201337522197820553572630991857      
   6.35168252368307177270070859658869062      
   6.36669221730778950914604410989805715      
   6.38128483301133332615021797054002858      
   6.39536781818440675141489098637798149      
   6.40882648540944254356360199561444367      
   6.42151530296792950614758307191856200      
   6.43324444414583009436997213085741098      
   6.44375811924686479028132807635156373      
   6.45269785021151840868715708683478548      
   6.45953620662565677006412465275040565      
   6.46344733370175801536075993621317591      
   6.46302535262737191247485222831539996      
   6.45556782273648563211270859215983263      
   6.43471616524313977266816481614688369      
   6.37736337822950196936527162301095105      
   6.70566547596506874457311236878086673      
   6.92553259008036514650608220048732237      
   7.04184784480571062112132378112605016      
   7.13519905250690014076070957267436538      
   7.21824124487281143730126829444463658      
   7.29541120462620656068721126063507202      
   7.36871683197157264240687464332898988      
   7.43917578664242568003390343041631338      
   7.50731038306609667946695417453547213      
   7.57333920799920270040668933351045653      
   7.63724577424882189915781352845765303      
   7.69879346626395352218616247132805499      
   7.75751584053099250354034961236103001      
   7.81267960218636932304452894509333003      
   7.86316064367663393520255200574503282      
   7.90688041703976765974568099294629425      
