   1.80801721947774744338873753900681222      
   1.80283211200079754787218810016956587      
   1.79739503389470874842478365044324093      
   1.79171380902310339441621075223177948      
   1.78579684813416172663232591809024773      
   1.77965307670202544968690400924322292      
   1.77329186668856727829003675119998580      
   1.76672297250521561890894530385223524      
   1.75995647136830083511660270040027220      
   1.75300270817084446964007164272224231      
   1.74587224493771029015559088202972330      
   1.73857581488803217519858817495385189      
   1.73112428109770381927018375164839515      
   1.72352859973494369283733698175244331      
   1.71579978783201428841635177513237892      
   1.70794889555614772063305851612808097      
   1.69998698295226077020470847843404901      
   1.69192510114875184343979751613309245      
   1.68377427804648513226440034636824358      
   1.67554550855070857407329144928313407      
   1.66724974945707893716991583930440553      
   1.65889791916925805155820966818837597      
   1.65050090250841994324202282387039608      
   1.64206956097967147488492803972397297      
   1.63361474899233367524217551932417178      
   1.62514733669730206313094003751903315      
   1.61667824031769913219547335055453121      
   1.60821846112180809573661515284063489      
   1.59977913454219663054628019545272314      
   1.59137159141006423010041497271061082      
   1.58300743389086632380865294333064245      
   1.57469862953544164945909980391821379      
   1.56645762798656893869847206801849931      
   1.55829750643093744820274965663350489      
   1.55023215205282740072286024983741184      
   1.54227649281918933426464386093442555      
   1.53444679236064944945330851982447894      
   1.52676103123044416715783316330230046      
   1.51923940659474266167672239882543714      
   1.51190499738899114685652635329305217      
   1.50478466551341602124027640289047764      
   1.49791030166059680997384477463093917      
   1.49132058770383867707157125818258231      
   1.48506355683916581468150580434661250      
   1.47920042883493704772267748789519512      
   1.47381156643099532572563073876291432      
   1.46900613001603093304921972889166144      
   1.46493855306454375406482342090675622      
   1.46183849479480018335476405063802547      
   1.46006987010570568900480413611407225      
   1.46026053683920278752220028204619263      
   1.46363629772574685703596830616217084      
   1.47313747561694959413908490994456467      
   1.49975300471221126977649118279255129      
   1.35649531948983923278288756485927954      
   1.27173233312498974738319550398210398      
   1.23006707489838382265106266882614765      
   1.19809120823373070153336978244552174      
   1.17068292022534888604948775957593796      
   1.14604723063602017197168770530774258      
   1.12335838817978665844757097225309531      
   1.10217974456088425134228505290347340      
   1.08226427849135264526836804911358499      
   1.06347491261561728346015322054535721      
   1.04575159111374576937981960327700897      
   1.02909798920761553696420148478104770      
   1.01357695006050074964901016633820590      
  0.999314155246033592488667939073877129      
  0.986524263229735176990470961550588504      
  0.975644782785235856004831911029596251      
