   8.58780005293279983408133910944457308E-0002
   3.01730101469379524282453665145444651      
   3.14069641945805246877098052891470842      
   3.26913456794804558291794602993158619      
   3.40282576331293719770017953050591576      
   3.54198868041647962088480456850602523      
   3.68685072676845654927526636291783355      
   3.83764841713387843659687661725045649      
   3.99462776243579776729799713209228566      
   4.15804467358846173258443446106540417      
   4.32816538091874349710704760687081211      
   4.50526686985551958868863995898696167      
   4.68963733358896788658226025377224810      
   4.88157664342468562995601638040215242      
   5.08139683758107473632442734402095632      
   5.28942262920259020387926380013737379      
   5.50599193438615004476843426892786803      
   5.73145642104319291235410641494711290      
   5.96618207944545050602502205786943684      
   6.21054981532836029952192979102088783      
   6.46495606645203851006168128974188775      
   6.72981344354569280440997862700207335      
   7.00555139658707511050473681176605589      
   7.29261690739381578050131819587125835      
   7.59147520952795432804955155931804575      
   7.90261053653835369525726989270487460      
   8.22652689958755736594823306374040028      
   8.56374889552955736312385989443087150      
   8.91482254652234150567760695802048656      
   9.28031617227334265582198471955313445      
   9.66082129602627592344003754339997202      
   10.0569535854034516348912774358215775      
   10.4693538292174779605836983223396314      
   10.8986889513591303384788767130948408      
   11.3456530628526994643632099315004138      
   11.8109685531447115351011825461816894      
   12.2953872216547056300648799691546624      
   12.7996914505655682576468897658823014      
   13.3246954197632703963775697039800715      
   13.8712463647487734851823085573861685      
   14.4402258782350740193151568804342213      
   15.0325512560057960692492274222392971      
   15.6491768874440112572032587023207331      
   16.2910956909357260937379222547213989      
   16.9593405941056833278799213445169302      
   17.6549860585467224999997454297838614      
   18.3791496483497827222151559373522898      
   19.1329936413202431853604886961542742      
   19.9177266812667190826202377348938894      
   20.7346054691579177040466913970074976      
   21.5849364902469275695919094571847087      
   22.4700777734430208183574243981433701      
   23.3914406782489380541223871095921869      
   24.3504917034529693675816637680618923      
   25.3487543104433619253761957456803574      
   26.3878107524662056530548056850585529      
   27.4693038993413535679252156830845858      
   28.5949390450435962056343533965463608      
   29.7664856831030498159715670512453625      
   30.9857792319302263780636459591891227      
   32.2547226888753760208559022650206422      
   33.5752881880354965923645475667859025      
   34.9495184324754405070411089905054218      
   36.3795279665883614572171120753529689      
   37.8675042487535587997227838133652043      
   39.4157084782427504165218908611100136      
   41.0264761234861828750015513281312356      
   42.7022170913673097850180521389669163      
   44.4454154692128529613027374233768018      
   46.2586287626226697065405403856666157      
   48.1444865432346461857668585655510267      
   50.1056884108273743763538632885220247      
   52.1450011635026421915847971320540153      
   54.2652550573962181901988293520056614      
   56.4693390222755819792301438657079949      
   58.7601946796676469703543709195163594      
   61.1408089831872567830543518433933294      
   63.6142052630301534894568297934384122      
   66.1834324039570590950583701885304655      
   68.8515518140187897928274046495467216      
   71.6216217457091642911348201566718039      
   74.4966784098337497399927239539037427      
   77.4797131762247856458543347270393738      
   80.5736449911986425841169880849415645      
   83.7812869740943573942006743155874520      
   87.1053060095413598849245213702585750      
   90.5481740654490972665093365077497218      
   94.1121099876364808756102948452709164      
   97.7990107056682434525822080567537253      
   101.610371181016586271314920704218701      
   105.547193062949964685850683507131270      
   109.609882861005535796732157080901341      
   113.798141386190304115072146275182856      
   118.110847057702128833895066755757103      
   122.545936166025348396985232403936077      
   127.100283117585904595950810890650449      
   131.769583034676959330684890612911755      
   136.548238122650615036742416694759698      
   141.429248523046608714389681261034625      
   146.404108650424000492918263873168385      
