   77.2988656343525479323224964800881792      
   77.0030522499135213690577331922829368      
   76.6932381188649891366773131250495369      
   76.3692935144661550017149184083133759      
   76.0311060400934730747398071289190225      
   75.6785783629783094198044924372339768      
   75.3116259116394894481275232030303966      
   74.9301745524368490153067814583511389      
   74.5341582560718459564943617137323405      
   74.1235167606529641606232598773227970      
   73.6981932340683792138710461933705065      
   73.2581319348479798533497058347915405      
   72.8032758673919376055231838064818081      
   72.3335644243382333800113935364433719      
   71.8489310058495288792455572132075021      
   71.3493006026711938639897408074687968      
   70.8345873268232940690829584044094382      
   70.3046918706782298395902673915422930      
   69.7594988717911239512778453204365672      
   69.1988741571190331926397748836232442      
   68.6226618359900827938488343475333086      
   68.0306812062230124364908449573564694      
   67.4227234319403024425347848958526614      
   66.7985479445961822998756201598781643      
   66.1578785102594620571150801463831772      
   65.5003988958255583720073851753959305      
   64.8257480541006353254262806892510486      
   64.1335147319354891913976895711322385      
   63.4232313859334510796567473424365771      
   62.6943672656147597073481223440895051      
   61.9463204927960366614949698571777593      
   61.1784089263573809285206994834260002      
   60.3898595508636590982959117586939410      
   59.5797960620140504035661474677905733      
   58.7472242366199963048311899795251355      
   57.8910145627216319458484693076147573      
   57.0098814567315426515928376503157766      
   56.1023581950373062600844226920629220      
   55.1667664169669184473731352215872564      
   54.2011786845568530148175891319491382      
   53.2033720676922141110943591241144585      
   52.1707699934240726972770187283664403      
   51.1003685515167943289143880801947392      
   49.9886419203657830280396221170225882      
   48.8314193038685349543467417771566501      
   47.6237223133621025458864112204097456      
   46.3595463460996610863306629098718446      
   45.0315608981015887863522182778054987      
   43.6306895281938895600617021097743776      
   42.1455058447373587648636729738438206      
   40.5613383866761507264924552625208746      
   38.8588954471947405792512632930870930      
   37.0120570025331784588344515829055246      
   34.9841260410770150291121929145658492      
   32.7209839638566102986332729726005764      
   30.1372992435830604391444604992492400      
   27.0845916307039109280862402424743626      
   23.2599140369792649532600625572371851      
   17.8230377196720278753138590440025415      
   2.32561856227737224247799981852859913E-0002
   1.93988513856630682325156090058963166E-0004
   1.26585387408715615608006076484144196E-0004
   1.11305143295496221462902681636466075E-0004
   1.01156149469490347785253249787441539E-0004
   9.21824690171978160188749549780392380E-0005
   8.31438629271870725013144885803710824E-0005
   8.45802601251273587731319724494280355E-0005
   1.04458489204433942145414884092505042E-0004
   7.60633331376173196353073163327640782E-0005
   6.81848688195656054308967221216023837E-0005
