   222.153028226955302267077875297600967      
   221.479813285912088814177326801370618      
   220.780613865189562599258974250131516      
   220.054803326217191180972019952493236      
   219.301739764972003836463218850795930      
   218.520763147707019116215289018500460      
   217.711192409230545083579934140492441      
   216.872322494887766685812581956932910      
   216.003421323156006736512962744616915      
   215.103726641918815224945333376573330      
   214.172442747816219155469904518228000      
   213.208737034432421059940408518624657      
   212.211736331299038197310979965213671      
   211.180522991593484058712115650824821      
   210.114130681792583890176391930080225      
   209.011539821241481263178714778365891      
   207.871672613353774414780345472008523      
   206.693387602762854463685002745380671      
   205.475473683864104384727142466577800      
   204.216643475533997877087865114726674      
   202.915525963916857870391117877417864      
   201.570658299550280498137830154795497      
   200.180476616127003066282065551613890      
   198.743305715047710860658712492996356      
   197.257347431625880755865749201730406      
   195.720667464044202608144544647974634      
   194.131180403307299191391992573333008      
   192.486632649327127862912829548061786      
   190.784582832103580008318245905237535      
   189.022379274058953109921818752895079      
   187.197133925033503848881950402397812      
   185.305692068698569634463880457863114      
   183.344596929366027038653973063090017      
   181.310048089276672325735534867191707      
   179.197852341867784997353168742671051      
   177.003365233074545452903823325287685      
   174.721421047927378226650823034693411      
   172.346248337104081096379478486486630      
   169.871367180648593668244777189868405      
   167.289463155466584310863964136856710      
   164.592231263169469735987139179048331      
   161.770180663689523173469635680817617      
   158.812387606115174222632898713560240      
   155.706178913199478728861972190544511      
   152.436720893731521420331818840280920      
   148.986477197059080693897838571291784      
   145.334481458206237100715788039020522      
   141.455342353109512304823042869644571      
   137.317852150625008938824935655258184      
   132.882990324485731798214433738744752      
   128.100971975533833450955217418744581      
   122.906724675025811281451338546717141      
   117.212645726464915693500073696004544      
   110.896344374869305008050399277663583      
   103.778342489559221580127187038179680      
   95.5773391685562945437805772337808832      
   85.8071502195993464189476416142706537      
   73.4837405996868251934417267144682527      
   55.9061277234342294445394401887665030      
   7.42576769968921088472107812227522788E-0002
   6.55742644401523233581740821346029996E-0004
   4.35676291026128504171340771355865740E-0004
   3.88351355042017054022904407195618469E-0004
   3.57134738049358221419858275319237691E-0004
   3.28978690665375458960285311084534956E-0004
   2.99730108774233860092402451662419253E-0004
   3.07841737580760450484930013481894962E-0004
   3.83688904920400156867846767838567839E-0004
   2.81856514719717309953984307767915696E-0004
   2.54804089243156392449468752431773627E-0004
