   1.21294187287177230066565760397912942E-0002
   1.21470763518224426236460775442534934E-0002
   1.21652640202970298626559850287728379E-0002
   1.21839922750417797486684486190823504E-0002
   1.22032726928596263701323294155689556E-0002
   1.22231179975950197060906522210783842E-0002
   1.22435421676596276622351718734412427E-0002
   1.22645605407879355666134613503646707E-0002
   1.22861899170375587544342069923956349E-0002
   1.23084486611922583966493775153945279E-0002
   1.23313568058509554471045429933018902E-0002
   1.23549361565960692089715270918364696E-0002
   1.23792104007372130367044278996010456E-0002
   1.24042052212277078552335546403857126E-0002
   1.24299484174561071073760217209499946E-0002
   1.24564700347306711225756140598800520E-0002
   1.24838025044060427528635408393138142E-0002
   1.25119807967549441281209288504840961E-0002
   1.25410425888710107624127869129706979E-0002
   1.25710284501082256766424919773184093E-0002
   1.26019820478259948543763499162943323E-0002
   1.26339503765282173452235570654711422E-0002
   1.26669840138675352295844164810668955E-0002
   1.27011374074491281456266622224346034E-0002
   1.27364691969248473103473031476264255E-0002
   1.27730425765403290615953855306649551E-0002
   1.28109257041067155080296509290420757E-0002
   1.28501921633461539037656003938947170E-0002
   1.28909214877421789870933068476407959E-0002
   1.29331997554599543803053130365218052E-0002
   1.29771202666452238638020940142499068E-0002
   1.30227843165385243693924131857743335E-0002
   1.30703020804508537745006399036820248E-0002
   1.31197936298556587255631406347700393E-0002
   1.31713901028233622879222860569135133E-0002
   1.32252350569615626056567490586162890E-0002
   1.32814860391925981977147496935903410E-0002
   1.33403164144667432536552690748860968E-0002
   1.34019175053297622493335695236646187E-0002
   1.34665011067926751166329708266692606E-0002
   1.35343024570289394396588097232232094E-0002
   1.36055837652302650423359578057018315E-0002
   1.36806384251029141770844778009805977E-0002
   1.37597960782209456595597518896224068E-0002
   1.38434287389487983269521356868164699E-0002
   1.39319582564088613862085052281153439E-0002
   1.40258654755227412327713230411658686E-0002
   1.41257015780359917097855044224382257E-0002
   1.42321022498217288426349629896141439E-0002
   1.43458055540544795836254661273097692E-0002
   1.44676747239443701615403675875441779E-0002
   1.45987275751593276552012464489449556E-0002
   1.47401749592764612845905817019162714E-0002
   1.48934717705883118604376879296937101E-0002
   1.50603857061360815352031380447477823E-0002
   1.52430916550831981730084904599457284E-0002
   1.54443039586192823100881406419155298E-0002
   1.56674661319978799179899328527713340E-0002
   1.59170304786004843077075229658160393E-0002
   1.61988834186436311679321467799537656E-0002
   1.65210171459291909014599900653063234E-0002
   1.68946391912385611501741120120042715E-0002
   1.73361098378515759688944995011117134E-0002
   1.78705696495680370484399153211984815E-0002
   1.85393770131317744917186025955832656E-0002
   1.94173605096318073261147129095021871E-0002
   2.06607062383236863129476950719540720E-0002
   2.26852856062340947273087337779818483E-0002
   2.74213921005515868981183911459684169E-0002
   2.65783145322672257585626910368802722      
   7.62046019443352301094892719282238085      
   11.9912757126569934421407607049810333      
   16.1033050000417044789817696223899512      
   20.0572625167304934125460855854209052      
   23.9003927092120515559467472784468536      
   27.6592814057920759224180843902185361      
   31.3505941436117113607732739051529302      
   34.9855911913166367730574185410241868      
   38.5723068515779336803218345033582328      
   42.1166801532323074660063987429035187      
   45.6231532876418642363433775332877942      
