 0.59338597003195E-03
 0.10378790320533E-03
 0.10172916308994E-03
 0.99711476168889E-04
 0.97733933694059E-04
 0.95795663578961E-04
 0.93895826820086E-04
 0.92033614381923E-04
 0.90208244485361E-04
 0.88418960246795E-04
 0.86665027622052E-04
 0.84945733615048E-04
 0.83260384716291E-04
 0.81608305540763E-04
 0.79988837638666E-04
 0.78401338455929E-04
 0.76845180424342E-04
 0.75319750163829E-04
 0.73824447781622E-04
 0.72358686255101E-04
 0.70921890886820E-04
 0.69513498821738E-04
 0.68132958618024E-04
 0.66779729863933E-04
 0.65453282834316E-04
 0.64153098181131E-04
 0.62878666653181E-04
 0.61629488840886E-04
 0.60405074942555E-04
 0.59204944549077E-04
 0.58028626444419E-04
 0.56875658419691E-04
 0.55745587098874E-04
 0.54637967774596E-04
 0.53552364252577E-04
 0.52488348703597E-04
 0.51445501522026E-04
 0.50423411190089E-04
 0.49421674147212E-04
 0.48439894663903E-04
 0.47477684719701E-04
 0.46534663884851E-04
 0.45610459205414E-04
 0.44704705091593E-04
 0.43817043209101E-04
 0.42947122373468E-04
 0.42094598447198E-04
 0.41259134239730E-04
 0.40440399410193E-04
 0.39638070372955E-04
 0.38851830206000E-04
 0.38081368562180E-04
 0.37326381583394E-04
 0.36586571817786E-04
 0.35861648140052E-04
 0.35151325674954E-04
 0.34455325724195E-04
 0.33773375696784E-04
 0.33105209043071E-04
 0.32450565192647E-04
 0.31809189496303E-04
 0.31180833172249E-04
 0.30565253256763E-04
 0.29962212559361E-04
 0.29371479622462E-04
 0.28792828685310E-04
 0.28226039651655E-04
 0.27670898060338E-04
 0.27127195057540E-04
 0.26594727369129E-04
 0.26073297271271E-04
 0.25562712557624E-04
 0.25062786501936E-04
 0.24573337816226E-04
 0.24094190606823E-04
 0.23625174333723E-04
 0.23166123782639E-04
 0.22716879063594E-04
 0.22277285654003E-04
 0.21847194507052E-04
 0.21426462246327E-04
 0.21014951463912E-04
 0.20612531130330E-04
 0.20219077110614E-04
 0.19834472762033E-04
 0.19458609567943E-04
 0.19091387742687E-04
 0.18732716729796E-04
 0.18382515515705E-04
 0.18040712698923E-04
 0.17707246291632E-04
 0.17382063283777E-04
 0.17065119058554E-04
 0.16756376797852E-04
 0.16455807040174E-04
 0.16163387540492E-04
 0.15879103529797E-04
 0.15602948391405E-04
 0.15334924678842E-04
 0.15075045314397E-04
