   6.42359257034085655808596034041677247E-0004
   1.16250137848160039781838375090958052E-0002
   1.21276037924359451134090467397754735E-0002
   1.26500788520132297635366346307521498E-0002
   1.31932731819428025815237379974330002E-0002
   1.37580547522599542068869741939030923E-0002
   1.43453266693257206590915946122226383E-0002
   1.49560286169911554275688688873175581E-0002
   1.55911383559621867892988102385020017E-0002
   1.62516732833211488045612945889698440E-0002
   1.69386920543568164718939858079623817E-0002
   1.76532962690238633383849241137444907E-0002
   1.83966322254986129485018578721554166E-0002
   1.91698927434301451208209689676293573E-0002
   1.99743190596060628350656611933232417E-0002
   2.08112027988648354061387922646970896E-0002
   2.16818880231945306642672732700414858E-0002
   2.25877733620607184771174958059799873E-0002
   2.35303142271103350415530223703619160E-0002
   2.45110251144982542327347603625600627E-0002
   2.55314819981857904732005176089985330E-0002
   2.65933248176623468676471719357566550E-0002
   2.76982600636445576379953780315139300E-0002
   2.88480634654117234735907320659599935E-0002
   3.00445827835420270386254315055095917E-0002
   3.12897407119211935056869637952047782E-0002
   3.25855378930032260001558872569437921E-0002
   3.39340560504129558008056251516278278E-0002
   3.53374612430900461543361275317015471E-0002
   3.67980072452857473303620522693470008E-0002
   3.83180390568355713146146693006874983E-0002
   3.98999965482433696777813435636805482E-0002
   4.15464182452249011359362618333842905E-0002
   4.32599452574715323738944548612487869E-0002
   4.50433253565074098133330010205917642E-0002
   4.68994172076256261910611244992410010E-0002
   4.88311947610015442673499938337974724E-0002
   5.08417518071938194645342182027625869E-0002
   5.29343067023568391083768019538972322E-0002
   5.51122072686026077391684065700379415E-0002
   5.73789358750666982927727397772337983E-0002
   5.97381147053532133404337695475027882E-0002
   6.21935112171597459856504396372509116E-0002
   6.47490438000180825899552566148430698E-0002
   6.74087876372333753467054123132802176E-0002
   7.01769807782689434591586243662588572E-0002
   7.30580304280119658258906613291065603E-0002
   7.60565194595754356575534107101365309E-0002
   7.91772131575539660274454130719864282E-0002
   8.24250661989680855124493123411305376E-0002
   8.58052298795187758365971164189097440E-0002
   8.93230595932492535801046831444520726E-0002
   9.29841225742956285364111747049568671E-0002
   9.67942059101265740679365554904299059E-0002
  0.100759324836552869568065780143189368      
  0.104885731325863472213451238536153803      
  0.109179922980755889435025391103818557      
  0.113648652248326018843501760213090023      
  0.118298935970336320971362867193978217      
  0.123138065288393082148592673235842494      
  0.128173615925686435916616931461436107      
  0.133413458870814687621619456234347153      
  0.138865771494278410883322313377798833      
  0.144539049135005561120717038918693739      
  0.150442117203482673907570188665778223      
  0.156584143860690612626052710228555768      
  0.162974653349298305073859588797156378      
  0.169623540076858689641406636455332547      
  0.176541083581500618190764073530124135      
  0.183737964549941991745661905597244712      
  0.191225282105896680441968428335040298      
  0.199014572643001569899322410115148452      
  0.207117830536960882378883546450851840      
  0.215547531130590405638288204603074125      
  0.224316656433728863532467930281796040      
  0.233438724006092843979350017020089848      
  0.242927819483273461520236179631255999      
  0.252798633155823747851493815055728621      
  0.263066500919421861901486795349195285      
  0.273747449797103899397098818069658148      
  0.284858248132432265715780685134512721      
  0.296416460533661202078447805941701632      
  0.308440507811403088591380077578464052      
  0.320949732616796137975397076186480148      
  0.333964472380576957078564501499550062      
  0.347506142579928131602114187536702135      
  0.361597335361698018511411507748049077      
  0.376261941065193648429325469964372048      
  0.391525303018601441059889055804606577      
  0.407414418808761964029253384579894532      
  0.423958203676153865055796080203965884      
  0.441187833511318993835350378855554372      
  0.459137186205793354938677711395613514      
  0.477843401458462047610403437561099878      
  0.497347581797636680760935306949107712      
  0.517695663308084213555387789198753009      
  0.538939495374878612252563072923201003      
  0.561138186731410374380197046387137975      
  0.584359802332203774130851821481169685      
  0.608683534627993887575052977664781911      
