   1.28227939406596714620378786926336913E-0002
   1.28982129577956766942171704722618016E-0002
   1.29814555772121719444173109696499433E-0002
   1.30739218060235841883140785543022526E-0002
   1.31773893883223232467911023499668526E-0002
   1.32941585227015488064980813756938138E-0002
   1.34272683085360778958152006239210794E-0002
   1.35808266704641573931437173902571201E-0002
   1.37605181287042128350112257281800048E-0002
   1.39743770330172800533227253441063968E-0002
   1.42339197736923167822003290905259276E-0002
   1.45558033004232878558373255006741897E-0002
   1.49651656866331116341199679145116903E-0002
   1.55053988217129204793806575609947982E-0002
   1.62652778947733798239477266889359304E-0002
   1.74612744820492478694454384712381147E-0002
   1.98354586075136332004487136005655683E-0002
   3.62349365012542859499905193957417160E-0002
   14.7974401234577651297942717850057434      
   23.8739938009719542353019363971519262      
   31.1587576809261740185185912450729964      
   37.4469539287436685572064623834889290      
   43.0716667857343949078149694138036353      
   48.2136037121312194959571089709708477      
   52.9843609407278102113238858238963862      
   57.4584804323689578019003549105241834      
   61.6884905395259741970187912262968549      
   65.7128909097892367145238847071537528      
   69.5607198298834094210431609665819072      
   73.2542507613464754441395371995674699      
   76.8105282183728746960982934426155922      
   80.2420196472757060374390251414280594      
   83.5562697754786382570091947579529963      
   86.7535622080718074412397126293647972      
   89.8165271139508702643221976215686076      
   92.6626855491751875028139780870778195      
   95.4059830793961641287698891325617534      
   98.0827007021548204004963766534909041      
   100.696190529085361808603298301274508      
   103.249542204208221016711315126870776      
   105.745609289074934081857865188511059      
   108.187032357428847319015544736095472      
   110.576259353328155162693930888245706      
   112.915563638000521021015549510774537      
   115.207060057794147926677210990485630      
   117.452719298234840265460498776549285      
   119.654380739870012400686776738582057      
   121.813763994922942385905954936589309      
   123.932479276020240870954012971476095      
   126.012036726754885165088198962820064      
   128.053854826772768333845551852468458      
   130.059267970180846371291739250526314      
   132.029533304507521463130082361735123      
   133.965836907618300519444462127470420      
   135.869299371510615282218042117877170      
   137.740980854491555342415251461782072      
   139.581885656703415904368301836966965      
   141.392966368146510387111355622504161      
