   4.05783324478036105247902125674721211      
   3.98121556307612383021109046143161919      
   3.90335139860787954838237904382935209      
   3.82377745407229439604535965070946013      
   3.74194041554299238758981074320086472      
   3.65716423847336344574155298376849959      
   3.56860361719239610635642030883906469      
   3.47517757262280718885671534958730206      
   3.37547674668083799670361903542207047      
   3.26764400593513083507999531124147109      
   3.14924942004339102104243826274304586      
   3.01718910034850670142969207764872308      
   2.86739531224988391390294343738864404      
   2.69345991519628633899890795838826309      
   2.48316102604050325626531466174290904      
   2.21061547402911263718516952844143228      
   1.80668949135232319062176007790034766      
  0.715748960850765736219227215641425407      
   14.7974401237722481878586147958862413      
   23.8739938011061132492215744735631533      
   31.1587576811234649982156633400452051      
   37.4469539289476220968317980797220300      
   43.0716667859480813625948567052179476      
   48.2136037123574864610169941772537595      
   52.9843609409672892763652151123030402      
   57.4584804325912160396633083473739407      
   61.6884905397398528188948904394659450      
   65.7128909099919044223191140631804513      
   69.5607198300758215946898827157492799      
   73.2542507615295919557777548427791807      
   76.8105282185498815781995202773956955      
   80.2420196474615395639437904557079259      
   83.5562697756685787011288227287301445      
   86.7535622081850689573127431938734731      
   89.8165271140017231418103924809235210      
   92.6626855491765997231402187667487433      
   95.4059830793975624865168602830946658      
   98.0827007021562079230367793899193535      
   100.696190529086741032902036069721030      
   103.249542204209594063806248921623064      
   105.745609289076302719158179302005091      
   108.187032357430213012771934523719750      
   110.576259353329519122414918909300594      
   112.915563638001884237205476603842158      
   115.207060057795511202987884900406453      
   117.452719298236204246139962933887977      
   119.654380739871377594050453313246213      
   121.813763994924309184432045910899964      
   123.932479276021609568506636279441141      
   126.012036726756255971691833139422203      
   128.053854826774141388368606509887623      
   130.059267970182221752342420855016718      
   132.029533304508899198421989197025493      
   133.965836907619680593850876164751437      
   135.869299371511997644701420447791150      
   137.740980854492939911990952848764120      
   139.581885656704802575238303848983366      
   141.392966368147899033083960198488589      
