   48.8160019429326233061543244779464799      
   46.7938068490801821582396293112469624      
   44.5967554389592002519179708447459924      
   42.1620626329159255820515009367350749      
   39.3764541747730990504635262486843734      
   36.0082337744067672160548628558280659      
   31.5939486450842961001642158373067624      
   25.3441926139205754692469772735264709      
   11.9100489627949078491954546301648470      
   1.28088125988455075531360061464362613E-0004
   1.19742917030705800088017278319674710E-0004
   1.20787066655920942845816983640163212E-0004
   1.12258555956062039184880031186566343E-0004
   9.81432032781752149058075611920362855E-0005
   8.69803076776046642215410262700547107E-0005
   8.71727259825620423277882046826482962E-0005
   9.28967898310663261702824206454415307E-0005
   8.91562506336218910466963156032188228E-0005
   8.82107085174762707806687582558036293E-0005
   8.99876811363938037130652000092864917E-0005
   9.67850462019053611137285165132483949E-0005
   7.58292814508815704403664988233944885E-0005
   6.36811279934865702246959391824976095E-0005
   5.37099854743138355704141687440087408E-0005
   2.18941710263597833765078307878667438E-0005
   1.55184476926660524592593191955980029E-0005
   1.55183486515659116110793361952839586E-0005
   1.55182383831708558069084315223852550E-0005
   1.55181199965062554334322793553157011E-0005
   1.55179962311620946448082193604568516E-0005
   1.55178694312956315640049915727970442E-0005
   1.55177415483259801230849549520892737E-0005
   1.55176141639734444283267406593667328E-0005
   1.55174885259498145370017589537828640E-0005
   1.55173655899657685074007061150822293E-0005
   1.55172460633178386405985920792387844E-0005
   1.55171304468346606590441887225587495E-0005
   1.55170190732338723257019756419540317E-0005
   1.55169121409115298249833229290832174E-0005
   1.55168097428678523717659603583580806E-0005
   1.55167118909126495818608544128698672E-0005
   1.55166185355474823000985651961648428E-0005
   1.55165295820430522212447730025122048E-0005
   1.55164449032642829503706073545095040E-0005
   1.55163643497761432491107146491632497E-0005
   1.55162877577148569023221826892517348E-0005
   1.55162149548479865239916060136221307E-0005
   1.55161457651831545963099436033075073E-0005
   1.55160800124247333398616830136848319E-0005
   1.55160175225236388820150716854212557E-0005
   1.55159581255185269123723674406194756E-0005
   1.55159016568272568780675179333316952E-0005
   1.55158479581149096273512934612280244E-0005
   1.55157968778381025289379516932502347E-0005
   1.55157482715439647816765751627721298E-0005
   1.55157020019850435995220553957078753E-0005
   1.55156579390978448665808648276023525E-0005
   1.55156159598819887038082934348826996E-0005
   1.55155759482085401890168817121432156E-0005
   1.55155377945794402863600444416269985E-0005
   1.55155013958548192498661996734381897E-0005
   1.55154666549609215045428352151250674E-0005
   1.55154334805882326983270881320269542E-0005
   1.55154017868869812722337038029631875E-0005
   1.55153714931652722557347465828910868E-0005
   1.55153425235936727835257460517467240E-0005
   1.55153148069189371427964093928009955E-0005
   1.55152882761886989314864413276465914E-0005
   1.55152628684883031022664154897908259E-0005
   1.55152385246904496307796940175718521E-0005
