   7.21036316117665980758903151356151918      
   7.29285636041208359900692548562408931      
   7.37714619165826550982757435146706226      
   7.46284125321432276705308757172311688      
   7.54930643191794600904169933689430329      
   7.63543114934212970991580327568956506      
   7.71750874757873518732124218666972621      
   7.77859539946346288078341393474216697      
   7.70547325470480860993287239807383714      
   8.37081038013182560788438127795415051      
   8.50595375417232643320332630136030996      
   8.64100937656833885419093834389948600      
   8.80789659607999568940463285928753482      
   9.01946401933273158862831726446462014      
   9.28539343493557464246132212829121612      
   9.61657042052033363281235857393125487      
   10.0264366545606878473699742360205126      
   10.5291842068230369433811973559814170      
   11.1339274084466499817105521762792973      
   11.8365498288738338356263853518748874      
   12.6118062005876592343477224645050848      
   13.4066812342095722594781446968052602      
   14.1359822595824959054230269213755224      
   14.6814209337554908828431595134826733      
   14.8687453599078907763113697670617723      
   14.6372043108138431344716122583896396      
   14.4176906069738030898399758415367988      
   14.2108756715902183939205723570062260      
   14.0156676459825519244209120425832433      
   13.8311005303399677685028377224084429      
   13.6563161694813555956959270051834110      
   13.4905492871871462275912555818114575      
   13.3331149778891355895629944872087216      
   13.1833981929673879425262505335502477      
   13.0408448566505201739752291525801314      
   12.9049543214786937756618389065681300      
   12.7752729312585869952466547121375825      
   12.6513885046401293126497644806437121      
   12.5329255878950052018862334257285185      
   12.4195413534905890706084472304603913      
   12.3109220433610193795857528544545432      
   12.2067798735744406728847864889857385      
   12.1068503314782896213328365835006034      
   12.0108898079765050588202691659964753      
   11.9186735170664822939642722602624639      
   11.8299936624580468618120127495841364      
   11.7446578174401810335897587804949685      
   11.6624874893947677364935468056425155      
   11.5833168446799850873611781593710001      
   11.5069915732054278291224915210653981      
   11.4333678750434621773416452585528619      
   11.3623115539277206320250184258833242      
   11.2936972046161346112324736387502047      
   11.2274074828967255221336266400338523      
   11.1633324485165848830649603801517504      
   11.1013689726146763208993174669613039      
   11.0414202023257181973556189318599378      
   10.9833950761990670258579602868277827      
   10.9272078847915241558950926990397798      
   10.8727778716314175154070602386990319      
   10.8200288701893859501362307455829456      
   10.7688889731135889177941747950812404      
   10.7192902304237008821808114861185479      
   10.6711683736621720391847503359530167      
   10.6244625634629310265743413108645507      
   10.5791151581958858270127457649017652      
   10.5350715016435567331984750467983784      
   10.4922797278904222137239745371148194      
   10.4506905817897271941302015857756261      
   10.4102572535613394892193792355644168      
