   175.990551042624818451144715777181219      
   170.630255953604463470140144083271261      
   164.498392273416451549262513202880262      
   157.324390168765527521282052767182763      
   148.632459383868406793705309511200943      
   137.469194896949377986837765049984831      
   121.913287519495691746342944871690349      
   98.5711100348792321082470775356400069      
   45.8862818725204542865350843808398126      
   5.36100707297896400746396061949949560E-0004
   5.09263857326438701660753732687813465E-0004
   5.21861087770998908054887640729019190E-0004
   4.94380876443127280538298589191930999E-0004
   4.42599545354779771380171443158550403E-0004
   4.03823188939153354133561271246721653E-0004
   4.19151329080015236628429390345355503E-0004
   4.65711889326611990868400299436211789E-0004
   4.69371293055543997894775877981754124E-0004
   4.91065812640613704790261534766993167E-0004
   5.32571835877867601223343387702277890E-0004
   6.10317122906676555627340429161870284E-0004
   5.08309502315564978513788036452416793E-0004
   4.50097647793064210279992532653157405E-0004
   3.94269452547147241849240602839831633E-0004
   1.62769426928608405836755920885814400E-0004
   1.13573344732115340279844852724682282E-0004
   1.11869374794713213445496889182645920E-0004
   1.10263878152670120178817892645001206E-0004
   1.08748406180753797992212053598917690E-0004
   1.07315482951319834154030373894295785E-0004
   1.05958465615251490615310524782419090E-0004
   1.04671428591761706992282603961501355E-0004
   1.03449066915389464377948035628042762E-0004
   1.02286615096199480674068798694246796E-0004
   1.01179778621335428409522531179864253E-0004
   1.00124675821130895233648494625346429E-0004
   9.91177882841276515435776000126962750E-0005
   9.81559183646963225992561012564555364E-0005
   9.72361526079743893650872950318929992E-0005
   9.63558301378964833080040565249888070E-0005
   9.55125152291592914124668421636761567E-0005
   9.47039734228265593845616788040490543E-0005
   9.39281506568753067496113469019701820E-0005
   9.31831549723229820293568845392441759E-0005
   9.24672404284157034587663901262189401E-0005
   9.17787929193210678360509082592538597E-0005
   9.11163176332688252559672663430205097E-0005
   9.04784279350370730079214242917412137E-0005
   8.98638354856609230002899360416012797E-0005
   8.92713414406936360524605707335284714E-0005
   8.86998285914115503204589969461038156E-0005
   8.81482543324873021212375423146454232E-0005
   8.76156443559056574593726423292602932E-0005
   8.71010869846725816873398734402684425E-0005
   8.66037280713709290561901237691209359E-0005
   8.61227663965860900232758404584609913E-0005
   8.56574495105651810496186515570272172E-0005
   8.52070699689817478969918208611272861E-0005
   8.47709619191730445925940436717802836E-0005
   8.43484979996821322107795417587041420E-0005
   8.39390865193064302929390017163752520E-0005
   8.35421688866601242012992619283164255E-0005
   8.31572172646291201346435129082432725E-0005
   8.27837324264449529588486373154968927E-0005
   8.24212417936771961528848237015350935E-0005
   8.20692976379755160393547206263184182E-0005
   8.17274754306999988109857499275358582E-0005
   8.13953723263153099793956602367814386E-0005
   8.10726057668512879754262392858833427E-0005
   8.07588121961965444586110268688081980E-0005
