   1.22857856755064797587854607270051859E-0002
   1.23141704621238303903787915470502583E-0002
   1.23437883498325979669874240564388300E-0002
   1.23747057634255248932426060824267729E-0002
   1.24069945204370371842475086262979843E-0002
   1.24407325233870578767295077144484111E-0002
   1.24760045384741793128106705372551777E-0002
   1.25129030718057756384848628151758899E-0002
   1.25515293572793803802689317031040896E-0002
   1.25919944738447987674730185085479791E-0002
   1.26344206142321916935394088114348235E-0002
   1.26789425325391231492304289930598548E-0002
   1.27257092045912183626206378918381272E-0002
   1.27748857431072027006072053536503679E-0002
   1.28266556198725376158718561333094973E-0002
   1.28812232600305336594705836065978558E-0002
   1.29388170901000806899980114189217020E-0002
   1.29996931426393089004214441807392833E-0002
   1.30641393482485379502159324281195890E-0002
   1.31324806821561714481389116600643864E-0002
   1.32050853812161097446839488600975527E-0002
   1.32823725124050806508781820025301120E-0002
   1.33648212625565513132830145539027333E-0002
   1.34529824409217553739967093399781237E-0002
   1.35474928558454372277747359305840064E-0002
   1.36490934664678903634001769301655427E-0002
   1.37586525539599605847443703940724297E-0002
   1.38771956577919886750423982872802972E-0002
   1.40059447666640482766939296068369767E-0002
   1.41463703819216207609682740467194766E-0002
   1.43002618213997174541147470975695067E-0002
   1.44698239174601536757912650686503778E-0002
   1.46578128286044875578466823562476133E-0002
   1.48677314191312382493704776409894723E-0002
   1.51041182749007328375528568204699964E-0002
   1.53729894607408503428707025234512293E-0002
   1.56825405994278162610870680139531886E-0002
   1.60443165773944938277136333155954834E-0002
   1.64752769197998073644846024837016860E-0002
   1.70017197881960824242625522432302315E-0002
   1.76674835749554410708636717955817273E-0002
   1.85534801644774934847041158534613762E-0002
   1.98341174264306524949206572958759352E-0002
   2.20032121753065527662036030858499136E-0002
   2.78548988941642781772107091276021045E-0002
   5.28513677342973102757750198760425795      
   11.9354889406012986872439650771446926      
   17.6398340238260821955577557543042670      
   22.8406523731567308145100550969971939      
   27.6990726366574471777007437648315498      
   32.2987864710185288842844727546924192      
   36.6909017754741545068301403551705202      
   40.9097444237865588097082723629120977      
   44.9798354735655218178367477578804082      
   48.9194254179114823963480002483402549      
   52.7424554585479020292490571859663774      
   56.4597129072721828536378827818717334      
   60.0795298397714340470129984711857808      
   63.6081867398304697884862100881615318      
   67.0500681648889205411530034223963055      
   70.4074514334082378099952302630320294      
   73.6788304185503779306540035584826275      
   76.8571925669920033280527042259544124      
   79.9607046437939043750929687683005691      
   82.9941725766533359494865508793089913      
   85.9610783031421776917522784754101426      
   88.8645986863350479009806147801078077      
   91.7076408742643307948545587953002341      
   94.4928726136555918986935235634729328      
   97.2227484521300074438010014890260413      
   99.8995325306499990713709247772109700      
   102.525318508086926311445077482110751      
   105.102047046818732453692550321997541      
   107.631521206202767841476023641428593      
   110.115420029483385387970892579453339      
   112.555310562687169700669994284347146      
   114.952658507112916120240733592752520      
   117.308837677349477007280257733453396      
   119.625138412482001082553030801219769      
   121.902775067989946417070255915334158      
   124.142892698894454204228675398665703      
