   4.33928545383916148165103468351943873      
   4.28100414812336118195922984279721040      
   4.22369502025335068164882602289411352      
   4.16727939726109364837964181701696181      
   4.11168164725333701530112696899513708      
   4.05682868261997436251586912654289061      
   4.00264948613497464767835357532547513      
   3.94907465555519669630782246838666521      
   3.89603596218265456790066949177499146      
   3.84346591861553454825956218846807728      
   3.79129735056603198371874967728599370      
   3.73946296715466786320499547634882360      
   3.68789492347620349802310251142814350      
   3.63652436843901303595677715396068632      
   3.58528096985797188533078801240273672      
   3.53409240746923767602317147561768749      
   3.48288382284577559172640891995490586      
   3.43157721301080301756276760185458568      
   3.38009075171538208148825398451437102      
   3.32833801865249531954914385250989615      
   3.27622711202841624770443459075716232      
   3.22365961349078811197360035709840309      
   3.17052936584020017288333944458390453      
   3.11672101239263040630491102174960514      
   3.06210823110347132864084530133851975      
   3.00655157481411858172908371102391644      
   2.94989579854338017079980494831271153      
   2.89196651147804913433420068493534705      
   2.83256592872579408427947295801307044      
   2.77146740555489357399178852707360768      
   2.70840829753746551796377448199109267      
   2.64308047448378201599404223105263608      
   2.57511747290413745569934317539281693      
   2.50407670730933768111619168734017257      
   2.42941419734244103821293876936125475      
   2.35044755309584406184217316063628064      
   2.26629975896211904346827119603719759      
   2.17580997480736755870456920581898757      
   2.07738423954810660432337106164520029      
   1.96872844291237581705161154154654267      
   1.84632828243544520152982307928089893      
   1.70431280662435160265650227744348733      
   1.53151304073358766839330166589278769      
   1.30135024913626295813292056793737329      
  0.904986551406280961367654467870546389      
   5.28513677826292778853906900588005411      
   11.9354889411005628312705956189929285      
   17.6398340241283713217929091281347879      
   22.8406523733835450071644209249443368      
   27.6990726368423597480695644736495581      
   32.2987864712185240841155815145840111      
   36.6909017756763691425292201226780457      
   40.9097444239798420910118484782290127      
   44.9798354737484971981519280351986506      
   48.9194254180832539960698373137735842      
   52.7424554587072180023627549646618305      
   56.4597129074213236984121783633281434      
   60.0795298399188240538265648729621453      
   63.6081867399707605852674366291420535      
   67.0500681650168701201942455559253930      
   70.4074514335168132307348088219028231      
   73.6788304185906787099611510804984936      
   76.8571925669948670409423863411385383      
   79.9607046437967267327223882049556004      
   82.9941725766561202195178153216269938      
   85.9610783031449264569344472079497738      
   88.8645986863377632332163363642441238      
   91.7076408742670143792837287380023002      
   94.4928726136582451239007790582479640      
   97.2227484521326314685419361298139176      
   99.8995325306525948746842500867672293      
   102.525318508089494730787372902675805      
   105.102047046821274214290442052632158      
   107.631521206205283579139235696198091      
   110.115420029485875666969482178843639      
   112.555310562689635027840399787134693      
   114.952658507115356956179375598153109      
   117.308837677351893775266630790783163      
   119.625138412484394175688182789648482      
   121.902775067992316204002618731426472      
   124.142892698896801033754899697352804      
