   1.24258451294809355274417340370304475E-0002
   1.24637052242766968589003210945281688E-0002
   1.25036511298905807648290691178173159E-0002
   1.25458506313007583280967092689365482E-0002
   1.25904903269527522514821277700318123E-0002
   1.26377786936431788768721407472891091E-0002
   1.26879497158945717709890530576646522E-0002
   1.27412672060023719247043856960631389E-0002
   1.27980299779549712925213428995213521E-0002
   1.28585780874883417935497002618405998E-0002
   1.29233004162737418242442158861157078E-0002
   1.29926439673308751813347621726241174E-0002
   1.30671253609794848432648681103105777E-0002
   1.31473451904251780868083940733136247E-0002
   1.32340061351278635905144340403966102E-0002
   1.33279360716010504077727592356652251E-0002
   1.34301179169085145294077224981969420E-0002
   1.35417286721243225954144201861337197E-0002
   1.36641912356082092597306535078711480E-0002
   1.37992442546650570779116770822332599E-0002
   1.39490379707720364123849295676690394E-0002
   1.41162683957711491703857394690606081E-0002
   1.43043695705116477143342231586122551E-0002
   1.45177967506256025965897694676604206E-0002
   1.47624576571538729706380386231751331E-0002
   1.50463965655985112628389740486340090E-0002
   1.53809352831402810985185001614861525E-0002
   1.57826966940801342863558417711083822E-0002
   1.62774747569316228829203697719954368E-0002
   1.69083778315872179714142363388549885E-0002
   1.77553337949264643664116813599627816E-0002
   1.89917783316341840609984389453084715E-0002
   2.11143288915638309276482377507226653E-0002
   2.70484573287638409470499925848533159E-0002
   6.95912414322831023472054664530800034      
   14.8307065230131972877176897718062560      
   21.3447545435356406012577882243229838      
   27.1331456627120039468059946366274300      
   32.4333008860736978740812678751653427      
   37.3699570229980511727501899336268390      
   42.0196391727634284877120001285780178      
   46.4337466241341726053387886413582943      
   50.6488528707401270319466717932671350      
   54.6919828713952416209059664509261903      
   58.5835767182692802667008159546538731      
   62.3392430606317931425480391903388975      
   65.9707887616480230372510282371564507      
   69.4867051923993723543004657582216041      
   72.8919775009172641186102004228039799      
   76.1857649110231781753761224477158672      
   79.3510663122771810892762923843293568      
   82.4249177552051181151487660488422521      
   85.4207900636028342885875640409714439      
   88.3433242886654720158887602900507409      
   91.1966799741246772418925411939022815      
   93.9846032115098326983550765619983246      
   96.7104825830119320745471085717718308      
   99.3773956353053621551045515472532707      
   101.988147842412503122889750691241990      
   104.545305533091633266688477129478905      
   107.051223912334504312186761324330814      
   109.508071054438174472463624994334420      
   111.917848558400120269162785279501690      
   114.282409416008716083728763407995061      
   116.603473535971060516449319599391285      
   118.882641284650461100386635581968285      
   121.121405339368867693919877859380645      
   123.321161098950083652679482339688229      
   125.483215855320784762153198520462955      
   127.608796896946554826307359659170555      
   129.699058688009957407815229909974394      
   131.755089245223981767332864676986212      
   133.777915815954856382621630599102012      
   135.768509946223968965167958364107167      
   137.727792014515139363304367301515312      
   139.656635296705682097306302828448204      
   141.555869618480792282431547904538196      
   143.426284644003429397341180294232909      
   145.268632843156969980521920407505706      
   147.083632174169086598310873696452295      
   148.871968513705889767459394567081113      
