   7.28645642774539599876031992872201856      
   7.37304831951347334010669504452888427      
   7.46128494179465368210632679453755257      
   7.55054582529228782547702756919353096      
   7.63983395765448504673288283669856468      
   7.72569883293577379882344878463670499      
   7.78819485683632301688762202924546205      
   7.66292053893527595190201004838459455      
   8.37492626300246509724374133243613023      
   8.49937224631758247514974275353396272      
   8.63166273709466495090446481826638856      
   8.80030353226154948502225610849578750      
   9.01787670969734170258694610179143056      
   9.29477348222690871126911225872864366      
   9.64346970158839704030592840339488400      
   10.0802478510413949414427816843052438      
   10.6237084649554883233879000554102935      
   11.2885209770744390386852286252034154      
   12.0758153364847281312261662525376522      
   12.9628264937378969754775346119779852      
   13.8924845829149355353560464425870563      
   14.7640385616176377073569176732015854      
   15.4282843623417624479063434004112232      
   15.6634185982796164874391321938922328      
   15.3811120412989138540108549809067178      
   15.1138161794031132769328268663356808      
   14.8635854606987015055235856235608825      
   14.6287930341105156087591477951295268      
   14.4080197227668573682685669734474239      
   14.2000211830519876529132900025026030      
   14.0037011897886813291844618300952131      
   13.8180897415631751318481508096042487      
   13.6423249912692882414792261627307671      
   13.4756382366668063505160163346545457      
   13.3173413770934468990583826877969722      
   13.1668163716068639636664597530352908      
   13.0235063320570749663435817145402543      
   12.8869079598783063544688476124045197      
   12.7565650936587051778730756124683978      
   12.6320631799185607253220102267137385      
   12.5130245151432684064056301387424073      
   12.3991041352574878555616969930605044      
   12.2899862510941749845884575977695869      
   12.1853811463219225784149442044201245      
   12.0850224686883227075709496233229232      
   11.9886648570882342205487603711145906      
   11.8960818564432516672392387784392320      
   11.8070640801247538577922248107652723      
   11.7214175859949600858239858479334681      
   11.6389624374133094677839932121991925      
   11.5595314248626738925060183994042624      
   11.4829689274947065182028545721826354      
   11.4091298968920162933929416161068828      
   11.3378789478778545567639364393896144      
   11.2690895433332746201522617173612285      
   11.2026432617763715292037182903572488      
   11.1384291379736102527106539503226165      
   11.0763430681490121382408088980779769      
   11.0162872724873220681065410253441238      
   10.9581698084538067658850536160430800      
   10.9019041294614746164384358634256083      
   10.8474086839434459069183643981507391      
   10.7946065504680521727952774777064750      
   10.7434251052385038686502601595964828      
   10.6937957185678639503490605345021418      
   10.6456534774123499176532825673698909      
   10.5989369313553938457246205969196652      
   10.5535878597310916600763656895091659      
   10.5095510578395079618561684246867310      
   10.4667741404223757132937225476670152      
