   172.205679552092556595092284398136972      
   166.123039863671339003204614100010730      
   158.988122393616397845974935847280077      
   150.304874213853923204163122184435788      
   139.031133104184635669187351579752446      
   122.899538027439903155777056087843112      
   98.2836260440699274133749815007072343      
   36.3238290056601355451973929087916336      
   5.31740841674791456490917637920731232E-0004
   5.24844938231667243293218819920773578E-0004
   5.37075704439308802162792309230278148E-0004
   5.15647659981683203126624009771842049E-0004
   4.60985863644865330802570585798594718E-0004
   4.19582795486527110880912204086168555E-0004
   4.27262550522611020171004690134625049E-0004
   4.72570749594889273235826888414761920E-0004
   4.76285821160613424208471481132560328E-0004
   5.01231163599009262869096414669071367E-0004
   5.44865715153060920021913556186064321E-0004
   6.34010275189777338000800761829669442E-0004
   5.34884303858106722422832030046101186E-0004
   4.74686788754446131441479425617740562E-0004
   4.17829543528832824798712637923704506E-0004
   1.88964296534345477278538745852684763E-0004
   1.19339610477861024997223025002043836E-0004
   1.17265381421578874356461694611935244E-0004
   1.15323469063485110868064875242238402E-0004
   1.13501273649277409585892182158791966E-0004
   1.11787803813372653715035018463633273E-0004
   1.10173421695706148079505218376393407E-0004
   1.08649635761976015003658032189285060E-0004
   1.07208931143216799928370593036342313E-0004
   1.05844629727031341111287217460229445E-0004
   1.04550774023282866490287899309916441E-0004
   1.03322030166574514194876594588417586E-0004
   1.02153606429615071194809802981593803E-0004
   1.01041184391982154743074372640955373E-0004
   9.99808604992982620524272701227409920E-0005
   9.89690962043788263550504923808746036E-0005
   9.80026752367706261777055743916617378E-0005
   9.70786668250170968575221036357694848E-0005
   9.61943939150256406824109658605877535E-0005
   9.53474056015818687282762629623931966E-0005
   9.45354531287947639036718510875855606E-0005
   9.37564689265380417652812277529135068E-0005
   9.30085482398781501629674131393341991E-0005
   9.22899329815333071351252946175749116E-0005
   9.15989974970613914462899773753407837E-0005
   9.09342359812851876293294874051647230E-0005
   9.02942513250354964663166404827448332E-0005
   8.96777452044278772649889743492130659E-0005
   8.90835092529352129220608833513093122E-0005
   8.85104171795938182717414055039018719E-0005
   8.79574177161828517321059115732183861E-0005
   8.74235282926174559072050192712269429E-0005
   8.69078293536256648259319591305633643E-0005
   8.64094592414624628812123319879985991E-0005
   8.59276095794097858863817995287386881E-0005
   8.54615210995360741908700041200640923E-0005
   8.50104798645669470908208820976954834E-0005
   8.45738138415128307048882246260987126E-0005
   8.41508897887671672736863146225418532E-0005
   8.37411104228716048983185822126248129E-0005
   8.33439118365960041517561907604274432E-0005
   8.29587611419032008305151631041433847E-0005
   8.25851543151805887613289796433552946E-0005
   8.22226142245158411718703740669695535E-0005
   8.18706888210881824755603826363186607E-0005
   8.15289494787906296300517952586635815E-0005
   8.11969894678728959750651416293517394E-0005
