   1.14886585818623946847954802458130739      
   1.12203888412147525561160259841274345      
   1.09565750091177677774719709209998675      
   1.06990538242768420792712449222797533      
   1.04504316251009514808657275210998902      
   1.02194263768633540190413717973398299      
   1.00560737584053926253816625482882122      
   1.03875570850645785972120123573010495      
  0.869641154244907871781065953492837722      
  0.844361391471217552066389029734006836      
  0.818678041441526678229227452857346144      
  0.787601916655918549491138404014614906      
  0.750055639690848999881376931095846747      
  0.706032100532629854638855758088471673      
  0.655896671680714099433679717090583885      
  0.600287979083860064119596486173498417      
  0.540442854464942039455104471595466363      
  0.478660928645113043356768123246735891      
  0.418281966780629998564168724914926057      
  0.362996678864560041893752523013773937      
  0.316040121982355124862352963103738227      
  0.279828359276023683425502799633099081      
  0.256251725267830297586406141185788454      
  0.248615933667809307207235458553142011      
  0.257825931988481858353296121413062685      
  0.267026151202313795696531569507254398      
  0.276092684001165161716377845445531570      
  0.285026392767199629961405488244273898      
  0.293828203053175539606369065730831515      
  0.302499097484460702141437247737031683      
  0.311040110314473043388076459996562433      
  0.319452322558142994063521331965214965      
  0.327736857636229839732026564386059166      
  0.335894877468431492327225220234785418      
  0.343927578960782145903355313780720791      
  0.351836190838481331991093869800435721      
  0.359621970779453900850431796573864529      
  0.367286202810539014747051925444829130      
  0.374830194931504849153151473715949723      
  0.382255276936638733218768067512120163      
  0.389562798407306272485751232288367172      
  0.396754126852133147570817891746559745      
  0.403830645974913551561082825701878591      
  0.410793754052470461702981324017504710      
  0.417644862407522010362410433882603928      
  0.424385393963836080168072136138369568      
  0.431016781872717887473178200866386314      
  0.437540468201267335344794099684064712      
  0.443957902675559965569584999729592259      
  0.450270541471062272551975827191337462      
  0.456479846046419250078238766654502891      
  0.462587282015387967307242935998352411      
  0.468594318053893370458140138941268869      
  0.474502424839600623853544742760737211      
  0.480313074021833374357954399014593210      
  0.486027737220231756279402305908313118      
  0.491647885051426038236146971879633955      
  0.497174986183060037349095115545013972      
  0.502610506412133521435158355130379228      
  0.507955907775121168321953992457643435      
  0.513212647679544912119459139111351098      
  0.518382178061405832362558511045311793      
  0.523465944575260088623208155109799790      
  0.528465385806086702841069448917478409      
  0.533381932510560964672478567377382204      
  0.538217006885731460828406744608137471      
  0.542972021865736904143352340103626422      
  0.547648380447049530589207754678973654      
  0.552247475042060204508854934087381429      
  0.556770686861742400367825130276398458      
