   6.33829011788739698509197608928020144      
   6.37397233708244135614787383499934970      
   6.41039859180070826377937843878137454      
   6.44752726256350932692467970854435327      
   6.48531524948776479320462174277337733      
   6.52371777020442883129672824692716662      
   6.56268810279096557686048080788296601      
   6.60217725915633215414786500477075195      
   6.64213356857277000928389216648476817      
   6.68250214299203323860656748743059575      
   6.72322418422015222358994650450694205      
   6.76423607604034262354113179792263403      
   6.80546817881155704032798125591933298      
   6.84684320457035981534527690498483144      
   6.88827398780180721565430123702663969      
   6.92966036361859466647058893535297007      
   6.97088468830850407677669999850181855      
   7.01180522151465453159945564789697580      
   7.05224599647793930037159744459285116      
   7.09198062624861183792732823329320829      
   7.13070499883356393943125140748706890      
   7.16798816968906623833222106366033113      
   7.20317711873305698134484726753577169      
   7.23519583140544479738495663757912241      
   7.26207894587235935766139270556098140      
   7.27971502290526642209323356162176546      
   7.27710547884410535736834540425619876      
   7.19415973771641008917873241100384517      
   7.78750752662158996539011013693313812      
   7.97477276047028298318140876972920839      
   8.11071515797333518729618037413596485      
   8.23239317598150002866162073063269601      
   8.35011913903671511880918675143579679      
   8.46842894969237842251428121804458997      
   8.58956258229738742922612299705249903      
   8.71438902752206356652646369428699070      
   8.84257567265326393083569107689215745      
   8.97250979301976716728935324962767107      
   9.10123957767933074049634578510090459      
   9.22453331578446084326044506912133706      
   9.33698511414665713317242550801314275      
   9.43191133570881401261649702709402414      
   9.50010022797062073350524510472733340      
   9.51853631400302931325102032756442404      
   9.51401103630100368691286764600358610      
   9.50958728998751614658866388778573082      
   9.50524848275809583523466013601613976      
   9.50097929844082169572377215735324860      
   9.49676561943941135299412057562175404      
   9.49259445345697266025082660102837924      
   9.48845386428473783696113837085098174      
   9.48433290638683613657973006387181532      
   9.48022156310700812248730512068687746      
   9.47611068828652368114374455484574311      
   9.47199195110952261239530605375161435      
   9.46785778400979613446440012891740067      
   9.46370133347286468300114990989360892      
   9.45951641357746317079211575194120809      
   9.45529746216259540510785239410390310      
   9.45103949943876620167041580819388098      
   9.44673808895495409646604250418228215      
   9.44238930078285222746478473661231807      
   9.43798967681027435871484102999890645      
   9.43353619803791082038054186803359548      
   9.42902625375152755790956625911603901      
   9.42445761252683558913959475198584878      
   9.41982839491404288719001926507861347      
   9.41513704774762298183064682937240765      
   9.41038231998730309642637967260081896      
   9.40556324001197833666710031599075918      
