   1.51830086639828286292844613943537328      
   1.50134920774479017326707283407748177      
   1.48433524280568525279111557313524067      
   1.46728910703582743232818179502202222      
   1.45024001500430517994239081531093096      
   1.43321630143184147958168065264441238      
   1.41624548608465488281204148746712623      
   1.39935436576268896992617073244452498      
   1.38256913834250693010767732550920207      
   1.36591556621339359078500400327214176      
   1.34941918983119886142215230537692837      
   1.33310560707402091662811816369701123      
   1.31700084155429396141575197243510487      
   1.30113183462201663784562574151492613      
   1.28552711430887754293409896057526424      
   1.27021772509468324036329031394858339      
   1.25523855504969783651762113894854138      
   1.24063029155082552342015450436446924      
   1.22644241556934963464976121785770691      
   1.21273800195299487818493940846542436      
   1.19960185350423205168720003075296604      
   1.18715522416899557886244973405582095      
   1.17558457831465467422845347128339917      
   1.16520271224708101627550861660646793      
   1.15659187249681248871792893810091491      
   1.15099466569052247000885411445082242      
   1.15182029885964234653508369910048217      
   1.17853345297538791531137611637277017      
   1.00578489472792945822209329025646524      
  0.959103408063709181596303363133794704      
  0.927222087742469771353596605112474502      
  0.900015232425155344471881161316358803      
  0.874816012542208578214684637840344784      
  0.850543189593324956697872050882718392      
  0.826722906932022214616358388021350834      
  0.803208286189556411466725931257747525      
  0.780089617172057955682366645210897245      
  0.757659696564120186595123430923736429      
  0.736378286961877535015333039722140243      
  0.716825193009836233744342743159327981      
  0.699662721330801442326951942201075585      
  0.685650265756602228614772113134449455      
  0.675842802930871537781733055535157682      
  0.673227310568932842271870734430294072      
  0.673867895293696411773133575738422994      
  0.674494991695303182109982869879066794      
  0.675110898091401502041113985932089697      
  0.675717745092736276013467036921766944      
  0.676317504936505907128780504786310312      
  0.676912000441909117557045784515025269      
  0.677502913585057573163881133891793662      
  0.678091793702596977616613836907598672      
  0.678680065323916686557197493831318477      
  0.679269035640545323179735798443918271      
  0.679859901620560178703338698184221862      
  0.680453756775964588824345354888168227      
  0.681051597593331674306905473276268574      
  0.681654329638564583750564428405105643      
  0.682262773342309780505033910298146876      
  0.682877669483781855887465070389459997      
  0.683499684378686085014965886886149083      
  0.684129414785215910110877452515298613      
  0.684767392538690446097294475953914883      
  0.685414088925889730983692497716106447      
  0.686069918813980871204153716344754269      
  0.686735244537212538097361320007853907      
  0.687410379561079449797636808479741832      
  0.688095591929638305665827100564577542      
  0.688791107507941037177199379820170023      
  0.689497113029367018948690587527865578      
