   5.75680180862328884882731448312233547      
   5.75669427179359108446793244021097808      
   5.75652015081690299469075199695700297      
   5.75636133405079918425177262171352949      
   5.75653232532159971985024307820596683      
   5.75756107378798062810669873484650561      
   5.75999861239445851566021824510280684      
   5.76427559296855597877257178695086311      
   5.77066463707739535715300471898364058      
   5.77930801851590131480413261641410877      
   5.79026983501073439160470101633295735      
   5.80358994320627471405648860458272045      
   5.81932713196233534300020718377093544      
   5.83758458652307011460884818023876342      
   5.85851631055652889294247258572796897      
   5.88231839413820238387198576066652739      
   5.90921191263466188642522144034976951      
   5.93942427405267485660749175673203575      
   5.97317390748454995266803149355567246      
   6.01066063743172343328984258209211690      
   6.05206192845046688366844720756000744      
   6.09753385534427563292226709595791434      
   6.14721513950151872322078907582622211      
   6.20123263763046360089644913859923814      
   6.25970697932314594053680392694209854      
   6.32275739257842767080892775438252398      
   6.39050498777840331301145017332869822      
   6.46307380592505799907935043632143700      
   6.54058870542710649320542140990572126      
   6.62316853824100087035495422927212617      
   6.71091177419580903808892205259399706      
   6.80386912799780498448366528919390792      
   6.90199229190680997616386899254003890      
   7.00503585793150148223844736491924739      
   7.11236501827561957924298569344805261      
   7.22279134090163535162054594498664792      
