   277.063994752807950380999828051341283      
   277.054327991376201309150930165067364      
   277.038180672091431791496196797474885      
   277.015523373324236852285206364319938      
   276.986320381587784172291640079182814      
   276.950478321691655212739576892646393      
   276.907655203809803975947674408139905      
   276.856924686176872164219764109496033      
   276.796418444464887502005859221145481      
   276.723005903161646650590146914021494      
   276.631949363408463816078725162033063      
   276.516521179617229980658905276517939      
   276.367716303846437332520329104603376      
   276.174233920828033291852218702426755      
   275.922794725465241195893299719613273      
   275.598714751671895478058665886475134      
   275.186572133922511731172644353449527      
   274.670801653420027667731472588729622      
   274.036104374166659126527185121060197      
   273.267627620922045548240645109787794      
   272.350926887746154952610781110442475      
   271.271754073305138134961749110515124      
   270.015725649046374691259975956695085      
   268.567916498422167997791013680913747      
   266.912408494157196697008970418223569      
   265.031804149725577441130064238370135      
   262.906698711962270384349435548318924      
   260.515089893972219827705936966007236      
   257.831692114283127729374560278384266      
   254.827109383927448830921082681358845      
   251.466804722272071863077055237983580      
   247.709779568732940245615555590364059      
   243.506836421491409556859977066646849      
   238.798227165449321604127545142126124      
   233.510357174181883004707126545017059      
   227.550951225632010478851014558601887      
   220.801523669524388645918482912402539      
   213.104701880078186515990148483758902      
   204.240720122430790879417456220158310      
   193.878343713988903793832348381657343      
   181.455262527940616613198114300408955      
   165.808342119292411039844791431171248      
   143.336615038931532445591106890577458      
   94.5199845806497088651405782782093888      
   1.16574546228073989042307460397432740E-0004
