   221.942328344224754744104771990026074      
   221.251699522629631455241233517335909      
   220.534284443445227024824886327325568      
   219.789447606116255229218908486295230      
   219.016537541519247401031052644025646      
   218.214883720303112940095368995221857      
   217.383793413048841550881776048422081      
   216.522548483255956147257345473582828      
   215.630402089497685748680606748237624      
   214.706575268712927143920657334517031      
   213.750253368396074018564439529291035      
   212.760582291184168454798083410445499      
   211.736664510906012831072271584002022      
   210.677554814305457668637664295407639      
   209.582255717228283425189370006642686      
   208.449712497819644093115793021120887      
   207.278807781972915312451488406383775      
   206.068355607627797939344574588142315      
   204.817094884166070629196741706155828      
   203.523682150745524449828503993247581      
   202.186683522375646116483602019290385      
   200.804565694350115666204361366799884      
   199.375685853462083145681494400844321      
   197.898280317355371436177106070163862      
   196.370451690112515958399001611285845      
   194.790154281235207372635163202534946      
   193.155177484453965599336406091293711      
   191.463126749714429212717622799178825      
   189.711401702663703354028008189370205      
   187.897170866502826214589922775614296      
   186.017342314902892933156919678450873      
   184.068529423599647133592451990881621      
   182.047010680928393462877198243734900      
   179.948682248466471533153375917250504      
   177.769001610553880091921389167908881      
   175.502920185530785886980333667663291      
   173.144802149002589324731606544469670      
   170.688325878463304274416317270069824      
   168.126363278511865000673927134943083      
   165.450830652493616167522670956555494      
   162.652502547058686217543740858151747      
   159.720776799597580746591154705318446      
   156.643374377231096143776815186694704      
   153.405950728773932414261068307642655      
   149.991584995776276987128709022174111      
   146.380097382419742292949292587116570      
   142.547119503043854597121937047816400      
   138.462800824563164347506230205619217      
   134.089963651926872124805261089731224      
   129.381394334331747947567792287711110      
   124.275727019105870455650159361759543      
   118.690920937097894253766914696867395      
   112.513367278364567529541647868318613      
   105.578417909685819055170122178394296      
   97.6322534990281613838613181092818766      
   88.2470277534843199073774719688628081      
   76.5924810001674536859570595035267584      
   60.5842553387824531669544273648994444      
   28.9099528680903874486929459378096512      
   8.41481334168370482025323831680663290E-0004
   4.51828074609455569245844027684025600E-0004
   3.93134117994391929994942148235509190E-0004
   3.59623196700887568016606257312465381E-0004
   3.30562181663448138423034735480384433E-0004
   3.03706313271107783822106690393097213E-0004
   2.99768746501008507259143482071567074E-0004
   3.83701389214071113456888250475061521E-0004
   2.95409833056320842066038244604516510E-0004
   2.62349963681193012704819877792874759E-0004
   2.38527950516944552429645032496761342E-0004
