 0.97763184917896E-02
 0.98002999377948E-02
 0.98256832673144E-02
 0.98524972091641E-02
 0.98807700599362E-02
 0.99105299451251E-02
 0.99418050883916E-02
 0.99746240888425E-02
 0.10009016206750E-01
 0.10045011658665E-01
 0.10082641923399E-01
 0.10121940060885E-01
 0.10162941046441E-01
 0.10205682123566E-01
 0.10250203178976E-01
 0.10296547144310E-01
 0.10344760429660E-01
 0.10394893395039E-01
 0.10447000866884E-01
 0.10501142707989E-01
 0.10557384450748E-01
 0.10615798005381E-01
 0.10676462457073E-01
 0.10739464968666E-01
 0.10804901808906E-01
 0.10872879530479E-01
 0.10943516327312E-01
 0.11016943607300E-01
 0.11093307825005E-01
 0.11172772629730E-01
 0.11255521398264E-01
 0.11341760239661E-01
 0.11431721583142E-01
 0.11525668491546E-01
 0.11623899884578E-01
 0.11726756912652E-01
 0.11834630799214E-01
 0.11947972576057E-01
 0.12067305285462E-01
 0.12193239435130E-01
 0.12326492798213E-01
 0.12467916100476E-01
 0.12618526809907E-01
 0.12779554272874E-01
 0.12952501050227E-01
 0.13139227890138E-01
 0.13342074044751E-01
 0.13564031935241E-01
 0.13809008127409E-01
 0.14082226635790E-01
 0.14390877652545E-01
 0.14745212969187E-01
 0.15160510688340E-01
 0.15660882323962E-01
 0.16287450759744E-01
 0.17118650734653E-01
 0.18332995989359E-01
 0.20495775080108E-01
 0.28984135815306E-01
 0.62988755819024E+01
 0.12003983654210E+02
 0.17243797390614E+02
 0.22265964179710E+02
 0.27170752680555E+02
 0.32015610541468E+02
 0.36841841434529E+02
 0.41683877471927E+02
 0.46571507425567E+02
 0.51527876884045E+02
 0.56565127013177E+02
