   101.068637697657019170251339481501012      
   101.066163127136066090069714054816960      
   101.062030758012394581571200073636921      
   101.056235195134836823328467473711350      
   101.048770873595389125727995350193408      
   101.039632379610734565289044023242785      
   101.028814724836655340991207151008390      
   101.016313572143433350317175280534818      
   101.002125410015027398490551398516531      
   100.986247674726040032370427114275227      
   100.968678822343994529325447158919330      
   100.949418353399525318129904772015018      
   100.928466785771358046359187339834700      
   100.905825545080826801173077160751668      
   100.881496693796536704409009396956235      
   100.855482367616339413134316043311474      
   100.827783768720764392030111246770004      
   100.798399612865888078564542942472645      
   100.767324041509979991575836433572784      
   100.734544155597248120481069147895742      
   100.700037453245337309800747221714190      
   100.663769518227363328282494818391530      
   100.625692295520216153069741080108268      
   100.585743214263243438783336405387384      
   100.543845303410878465095550000877360      
