   6.14447206777294843109039191805839892      
   6.17052414972739473556434519020591043      
   6.19717511622988838677769393860612001      
   6.22439214366110162056858743306451211      
   6.25214179687708445767836070073188246      
   6.28039001333950020974932056283946502      
   6.30910206980203326181671856436470584      
   6.33824253023110911980670587294200407      
   6.36777517280929250606925197146186325      
   6.39766289286648042579969992259669378      
   6.42786757733362623580982918899738766      
   6.45834994471917733260074078360272929      
   6.48906934252666221125070302700434535      
   6.51998349125659000671555061823987243      
   6.55104816036549219427309471293810551      
   6.58221675633405841072169228861984965      
   6.61343979563479270658301279641206136      
   6.64466422480787069452598811008535888      
   6.67583253433493973260349965668622716      
   6.70688158974213214299145650418852757      
   6.73774106765967056409212906179679354      
   6.76833132829320423426717854283303831      
   6.79856046440121467273949749038416223      
   6.82832011354173326617741600418789795      
   6.85747935321242745703993798165574053      
   6.88587551311804431629350363425320321      
   6.91329981428860234890506155563475500      
   6.93947388853401878370291990567005591      
   6.96400927734416322072386287452569067      
   6.98633298855724793418281395084491884      
   7.00553975742742281126786262480336786      
   7.02006832544302726847344044904218195      
   7.02687825893879561404455526076802690      
   7.01871901251203999867900470930702601      
   6.96827717991486406287902176766724921      
   7.36575544750018082289653901863857424      
   7.59948276677223672795091007669933246      
   7.73311224130853105816782421298201198      
   7.84368852839027172257867766310736078      
   7.94473249452267557344428485461387876      
   8.04129960563907524723276476687257003      
   8.13577978981888335458166537773399457      
   8.22933999910607039156127212189522296      
   8.32236922171863767459545680843570894      
   8.41458889983708210268944375399452753      
   8.50505347882311377327453428348009714      
   8.59214176446974919983953155773859429      
   8.67355480558493578038462784915919395      
   8.74624250850473962811183991160840941      
   8.80595500399504517389647085838945992      
   8.84366404277738348786096464431755753      
   8.85496027435994974266444929452920018      
   8.86601555221174897780021915867452833      
   8.87682185410630273229120180529552022      
   8.88737193469313022346360158446729004      
   8.89765929215034111760622134896757590      
   8.90767813566481373081725088274370140      
   8.91742335377652230027607441495320312      
   8.92689048355625817396611144560943333      
   8.93607568060587591148573873714298255      
   8.94497568986940551282818293806342454      
   8.95358781723556932216411344474648411      
   8.96190990192952962054415354419496796      
   8.96994028967929499525660212718941458      
   8.97767780665864393513209961527302566      
   8.98512173417685805274693631363259677      
   8.99227178413427420833033674381523742      
   8.99912807522937508158694400518783297      
   9.00569110989883731169118055218767692      
   9.01196175199726997741946512889799280      
