   211.849400207999767383456011169781723      
   210.416329495171375283844184881250327      
   208.918445759242690081403924853169702      
   207.353339893292748489450082468952180      
   205.718418646155921358156687262617192      
   204.010876231836852559204758244038083      
   202.227661823941414013690735061402989      
   200.365442131530118256973257548353309      
   198.420558037463598007264505357015974      
   196.388974004395178818687338604362903      
   194.266218596083193401418237525456767      
   192.047313993064452938668960663260827      
   189.726691760042304485149044994825673      
   187.298091287547389088316537155597658      
   184.754436195118581648822173910661922      
   182.087682418702510874161011251581539      
   179.288629518220816654436784908358967      
   176.346683638798543010028531493885361      
   173.249556085701853939022068758527777      
   169.982874908531002687078071935520675      
   166.529677072624893079783484636187046      
   162.869733801187252704028856737561786      
   158.978638236284935248155926028035520      
   154.826546981886351507510322074895263      
   150.376405027853537840110117502300364      
   145.581377543425665863345107822400704      
   140.381023482649837417526177848699624      
   134.695393208916810692845879048103354      
   128.415527109874610393397919224206511      
   121.387288914420189969622312781973754      
   113.381654668558738646907481929502370      
   104.033610374318160160096129092862636      
   92.6940191556999659230812875843160488      
   77.9713380506077140407097776665584574      
   55.4803367305547677994690717890855727      
   2.69227212878832728921942751627707255E-0003
   4.66439175194145755603491610723692758E-0004
   3.55421077318689573750196129012529415E-0004
   3.01879298765775840904223771666166525E-0004
   2.55092120862763386011435034582997478E-0004
   2.24367582048107569193728958948703859E-0004
   2.56634523440464767765256003612680136E-0004
   2.94458149023647132298771497348541324E-0004
   3.17881444593592881292285837468477424E-0004
   3.73630251599556768871735024884090178E-0004
   3.32489548341317176327906847487156751E-0004
   2.78851023437449525212734333965749174E-0004
   2.48315825491264456638789163980309975E-0004
   2.28002631954302019479670721075133178E-0004
   2.04228035938607094781831369548370431E-0004
   6.88296008771525594105157084626243408E-0005
   6.88807699019491243938050515188290605E-0005
   6.89373450718712555283476262056473071E-0005
   6.89975817383683817430142859292402897E-0005
   6.90601754888043979185513200208024089E-0005
   6.91241394273408834649384586901818135E-0005
   6.91887188584268449933807629376447843E-0005
   6.92533309524009863953584644048272658E-0005
   6.93175215789608632765266863523052431E-0005
   6.93809340833938092314450247515807923E-0005
   6.94432864646688110767039297587617176E-0005
   6.95043545264414890567851887191694137E-0005
   6.95639593162762989736828246905782974E-0005
   6.96219576723220560684036539110396936E-0005
   6.96782350420260354637227628236823913E-0005
   6.97326999761184999024212152672008211E-0005
   6.97852798683762390577483085156066640E-0005
   6.98359176290702919971231942725807704E-0005
   6.98845690636171825444648895704735111E-0005
   6.99312007881025165995435676701463305E-0005
