   4.21834714985494733388360415994199155      
   4.14449671421274855246531829855362401      
   4.07139734395276963952074235069591651      
   3.99898701006491057691241945106960696      
   3.92720428061029099604446791662692924      
   3.85598767241818621060455250046547260      
   3.78527499196753194930833738723677336      
   3.71500265098334915438858796518095105      
   3.64510494008421871427737031716507691      
   3.57551324077048595467589460809919734      
   3.50615515187844120866965519322530269      
   3.43695350095995629698840076742960669      
   3.36782520332838495756737348388683198      
   3.29867992094401650143615242458105441      
   3.22941845872515054158033624113524268      
   3.15993081552909752301143112497153804      
   3.09009377832736279552917016526755256      
   3.01976790699204989555784156869041849      
   2.94879369733924949603297740472134397      
   2.87698662164114836428065733670087853      
   2.80413061246494953479598976628556164      
   2.72996935024089427914162959591085949      
   2.65419439083114355576618701914634789      
   2.57642864421255697480218418664715450      
   2.49620283828853088864647931450747780      
   2.41292108449496277004923889499589957      
   2.32580892419588812230113544260466871      
   2.23383203086436706458651023965410781      
   2.13556315925701275195814864480382690      
   2.02895137553037794878808783677729728      
   1.91088849934294230924231597867361130      
   1.77629521756114968978013147351556276      
   1.61584380404404356596424677888001028      
   1.40866354882130940607380871214931024      
   1.08434473613432681406030653272131966      
   3.61216330079780884202252730316380111      
   11.5037061136209827872881701546819493      
   18.1949209934043748185929827306047973      
   24.4081391480905911782079861264662317      
   30.3623252152805203317356483022133549      
   36.1767936663439181548433787406038994      
   41.9370725196753488037635900444659428      
   47.7123485929596238485524096195844892      
   53.5560053374178875960632356130349501      
   59.4985422559002293410616525984821509      
   65.5397901099911832203333803128220074      
   71.6449685874673484302054517121154532      
   77.7444494834351862287425690316162642      
   83.7325884480169108205169541319186919      
   89.4538753143873285741684050218412614      
   94.5857340979271631087160266424516456      
   98.8997104244496083782914553669978987      
   103.176157018435160117715070942462291      
   107.411200041508353420249546518825134      
   111.601751195995852542316469058204239      
   115.745424101766870241851931311391002      
   119.840439997910027194800608725225794      
   123.885532594897429961622210763473425      
   127.879858351803371470722147944797805      
   131.822915703012924760893295462716045      
   135.714474784619441881983375962756347      
   139.554517895790073117953648060925623      
   143.343190127652766419839289368565222      
   147.080759158669270467367584624675086      
   150.767583032674749053424317242017559      
   154.404084710706622040805533982642712      
   157.990732256742613066064368861585579      
   161.528023632392164673030169666915486      
   165.016475209755855192398542133621892      
   168.456613247328992754348063470742995      
