   178.485383347343648030820307305319939      
   173.548885246622836637637231027277531      
   167.976441795895259208706522640983025      
   161.580590964523854190433332337408865      
   154.059235828278758531122431208766710      
   144.873256408030073323253608678380047      
   132.952692402364818141645775419417057      
   116.322777799701975292974534246507958      
   90.6385863533862935981342696330893867      
   1.10910047895519904040728355518522101E-0002
   5.12980560628934326280379016264289341E-0004
   5.04142503063427776998423714504997928E-0004
   5.08315845227799958218408699511111556E-0004
   4.66057594205689778276856553849691385E-0004
   4.15832087789572336671286694331844062E-0004
   3.93691988453259989749952942853157296E-0004
   4.27072988184833057373065109804586767E-0004
   4.61827676668722671085637536300171015E-0004
   4.67610764539819608388032724806341321E-0004
   4.91858432495294364379589759381620708E-0004
   5.44261288519815878637600403599239735E-0004
   5.54349835921816043146052582811890443E-0004
   4.74608228264198024045986984780141947E-0004
   4.20329721170616742907346599135351264E-0004
   3.62133228300091779943543459772364297E-0004
   1.11008103685500538496511684353092703E-0004
   1.09459929570285875383639672598058773E-0004
   1.07997230105442065087579314556326405E-0004
   1.06613015736884489219864130651816409E-0004
   1.05301063712874168388337799493611030E-0004
   1.04055812934592892953766420793384373E-0004
   1.02872276017416677427913159123848331E-0004
   1.01745965327724471118934992017187807E-0004
   1.00672830429600094178512642872601898E-0004
   9.96492048987510669329345005986300787E-0005
   9.86717608706359346199054392475790468E-0005
   9.77374700114111192458216619839861520E-0005
   9.68435698532884441226067996228923688E-0005
   9.59875346352701795600413870845889288E-0005
   9.51670499479162891310663169600903639E-0005
   9.43799906061958250102848237685361847E-0005
   9.36244012743158178283934075470944913E-0005
   9.28984794470007248632396380817150130E-0005
   9.22005604564655554132767640470354338E-0005
   9.15291042273034139542272465213052254E-0005
   9.08826835447989367820319711339368745E-0005
   9.02599736376847662599974056292465433E-0005
   8.96597429061782331130071000995628097E-0005
   8.90808446504907496532199674474310189E-0005
   8.85222096758041263303667984866932181E-0005
   8.79828396669354347324992345631195579E-0005
   8.74618012405826464670786179974491763E-0005
   8.69582205954739891072772129276906002E-0005
   8.64712786911977128006728099806107647E-0005
   8.60002068956663694396008497301920978E-0005
   8.55442830484733034214270699969304547E-0005
   8.51028278949266794079226426672676194E-0005
   8.46752018495338536502845113392513428E-0005
   8.42608020548143300288024901581604924E-0005
   8.38590597036430359140152743919460128E-0005
   8.34694375980961826962645550655271053E-0005
   8.30914279202454116673548019017199594E-0005
   8.27245501946957153049920651160403054E-0005
   8.23683494219264214170697653356748458E-0005
   8.20223943675401416140304162775190649E-0005
   8.16862759913218172904973015778295452E-0005
   8.13596060031510069888119471696296392E-0005
   8.10420155337573338930653317219771803E-0005
   8.07331539096859197128147785679870241E-0005
   8.04326875229679761554554189904909804E-0005
