   3.37711862127355160233445029460260147      
   3.25265192746807835716228808805752861      
   3.12231332520266177599420514525535281      
   2.98362318332196255073579041383870715      
   2.83252235352553426615842537741940827      
   2.66161964055880333814799071310414889      
   2.45590630733039283055678987137966598      
   2.18696722055861110184886707201798953      
   1.78742026964327443026487547311169992      
   1.93204492189640130470159755230216815      
   19.6010763977733977100525558267519438      
   31.7090742308743300854890812677648059      
   42.1512660518209133986197312451538115      
   51.8238257460648776974574968202750646      
   61.2347651418667478277953485051303630      
   70.8116483041151816431775120182047467      
   81.0296448883569994014132335868955690      
   92.4798592992599220826971551528780900      
   105.809488036058928257452386245776651      
   121.455520252681127605896698679795950      
   139.354721188882974314324017898676904      
   158.857956504911887653157791236691139      
   178.721917035225721782028105166087647      
   197.085045854718865376440956836130827      
   211.407384925184977471770560929803411      
   217.013636184427874361372700056804747      
   217.097083198403226327962523465820888      
   217.425582036937716378535387641890986      
   217.966697890868267369366038181459100      
   218.691117163091703189484032820623125      
   219.572572697466537517818183850286195      
   220.587725234910438753757440036556998      
   221.716001838758206356360288214274526      
   222.939399247990984864071481202800040      
   224.242263498422469580299864490346050      
   225.611057701766800055153781276926810      
   227.034128653101600811522046107313880      
   228.501480827809793499353193223783632      
   230.004563955344279863892962886788777      
   231.536078111677503242180165009418829      
   233.089798365367574006787820483284232      
   234.660419523368878045583908288667509      
   236.243420451543768205765119623754926      
   237.834946739932025358332496793137501      
   239.431710076126718050841109667574567      
   241.030902507332410009462424052373056      
   242.630123746384649465645565412415015      
   244.227319755852540588415212658717926      
   245.820730982498441980054536689813003      
   247.408848783871198540014965508846444      
   248.990378766544394503605412234477147      
   250.564209929373184374433421985182642      
   252.129388666742760114255677703059673      
   253.685096831871934251096172456196515      
   255.230633188474879564265127427037915      
   256.765397688369903376966889011917900      
   258.288878108945034225959868840155442      
   259.800638659658324187798780317250581      
   261.300310238570315263469075967966302      
   262.787582070515035451661128435409277      
   264.262194507187930840345669042889563      
   265.723932805270508101093409270442879      
   267.172621734816812929402971388043985      
   268.608120886105523850514883618700368      
   270.030320576417401674516628961573324      
   271.439138266167426209176995547783702      
   272.834515412833724960172304566181378      
   274.216414701383692078198988579354737      
   275.584817599985537606116043573392420      
   276.939722197871077885322464371017407      
