   4.32705695229819658869082597324546820      
   4.26819355399798277434874999956633707      
   4.21026483087548111412644120369840671      
   4.15318873554545885620849984098010388      
   4.09688600698686552514058101514787619      
   4.04127963264648148240048294122613001      
   3.98629432878555993699971803910831967      
   3.93185603395574187518008914050292512      
   3.87789141014341653734402940545173180      
   3.82432734563260028693263542619538634      
   3.77109045298796120963288759443608907      
   3.71810655471718562496405866904327101      
   3.66530014808977593591660752560657933      
   3.61259383920152776505169715135059970      
   3.55990773459120824903332110088915102      
   3.50715877641749927475250074049359159      
   3.45426000422517658826912535194272507      
   3.40111972244502115915407424038357410      
   3.34764054767122849435280814710287154      
   3.29371830301015569971670093739972082      
   3.23924071778108742807226241741985728      
   3.18408587869779911419021680322573554      
   3.12812036209163340233826452191378062      
   3.07119695386653335655569857675841981      
   3.01315183186449109293665428010322195      
   2.95380103980256690353051089274598937      
   2.89293601605882751233486947960102945      
   2.83031784329965031905705209227688234      
   2.76566973791384979485736237845469852      
   2.69866707021053344225019323954876062      
   2.62892384202519945630678338902225716      
   2.55597394639868627407958625273181396      
   2.47924450079326425492534771188184920      
   2.39801669451817674954406454884205675      
   2.31136611162765619455422325152800268      
   2.21806757606965698894875397359620701      
   2.11643488764599497906707310852454596      
   2.00403198413563669602579129169128028      
   1.87710517803495861872599554093461832      
   1.72932721493048307835085868234964462      
   1.54848585900442179514638982964187128      
   1.30469602253891453750743874421431909      
  0.862965521866273115888551608249189102      
   6.19261975554590754489146481748709796      
   12.9285749849070095396924495747221048      
   18.7236162628830314954772988733591155      
   23.9990237089548941008282008672730991      
   28.9168927593891029326717074453340016      
   33.5633022915230472025309694825319067      
   37.9914666150772867772655640138469216      
   42.2373913339591419393620905416531164      
   46.3269110466564880725987766189738041      
   50.2792990897248142507542962163815932      
   54.1092891752071846632912894479208834      
   57.8282728941705671606311888249216693      
   61.4450212987419663062965453338766827      
   64.9660853694528839422901623615603414      
   68.3958932958073244741049404126775627      
   71.7362794358222255532205217857599410      
   74.9817898256289252227436866709902663      
   78.1345569429521724803804244974917541      
   81.2128800753365055436014490266260383      
   84.2207347089973165141847768540290284      
   87.1617228420864524881451501197297604      
   90.0391201746240766298073153216516261      
   92.8559157592882210506828559174715638      
   95.6148456673840703230141750656173961      
   98.3184218159367266285116641433476712      
   100.968956821279170261239847171142321      
   103.568585547348581419293708335555690      
   106.119283875150481663065451161078022      
   108.622885115591118582318132904733458      
   111.081094409481511976777981423791666      
   113.495501398327493830188705949096020      
   115.867591402414250134466200291669274      
   118.198755305187966437166375908687918      
   120.490298312621130851912666891510286      
   122.743447731424163960024366802773436      
   124.959359889413402169584665864849578      
   127.139126304171686279713199137058011      
   129.283779191676455534574501626543970      
