  0.277245123181006976330069168747778946      
   1.20692909912917060416405600189897721E-0004
   1.07108003551390856374377081542235687E-0004
   9.55131495296624101389730153669071848E-0005
   8.56690741339555510665666184664126320E-0005
   7.73636676958128512802946156950789348E-0005
   7.04086515501608803348872406228459663E-0005
   6.46283298396081879390047172196358905E-0005
   5.98718618035319959061594944849481457E-0005
   5.59882755631928176784858847142635772E-0005
   5.28530721859314062409915361497884388E-0005
   5.03425611324977418555071674962575270E-0005
   4.83486713671812243661006897774525982E-0005
   4.67786566519361857086377676339616779E-0005
   4.55510557326829938322276232715973403E-0005
   4.45943951534862786562497887180558012E-0005
   4.38571384954347501929111663295393452E-0005
   4.32882869081339632860323003782325216E-0005
   4.28455013133861488515722200577796749E-0005
   4.25132096964248950853781624562203900E-0005
   4.22566975017497177944841796327977799E-0005
   4.20645746165414395651202353617597294E-0005
   4.19153340127452729229494244647411467E-0005
   4.18000530330284235820919591733292899E-0005
   4.17150593266058395196231574437361793E-0005
   4.16473265547626710642517426692836486E-0005
   4.15978322249291068590153813474235185E-0005
   4.15591836925645686021327505600032121E-0005
   4.15209636827069062823581479844057613E-0005
   4.15076645678349990416850054513981266E-0005
   4.14826339616534158778795820593717356E-0005
   4.14644869884643210401204580298802565E-0005
   4.14627391849917634761580509772378800E-0005
   4.14499814096241096231774828992280945E-0005
   4.14408060153950356013791803896192248E-0005
   4.14357825370126565240322863607475071E-0005
   4.14295114034251872690347070295728247E-0005
   4.14262232285862426614672209698808916E-0005
   4.14200769846655281608359425499810518E-0005
   4.14180171277307991280015509234640458E-0005
   4.14162422207482062505095139527355382E-0005
   4.14137350795282726490574521845669610E-0005
   4.13984682405380283756396321249063890E-0005
   4.13952740148558971367880026392425494E-0005
   4.13976003923200669335684498127454892E-0005
   4.13879807958173225205461272774677255E-0005
   4.13868651852909666914545718031677750E-0005
   4.13857762440529806550162641897593478E-0005
   4.13684528314912710650809612099680616E-0005
   4.13635151628538585355885779910518711E-0005
   4.13605317491571798176941958868026956E-0005
   4.13451239506605777598798226753839140E-0005
   4.13373532645050128359878740633840888E-0005
   4.13266184025930936765738579967028248E-0005
   4.13224439541558317918210733224918051E-0005
   4.13054912380322872445491121961428376E-0005
   4.12938135945299338481867398579945426E-0005
   4.12723876890580533092800147299413656E-0005
   4.12612863793378825805599718220257461E-0005
   4.12487421833021176699538416314275816E-0005
   4.12253128270894780238261803205147830E-0005
   4.12084176635896963042773021737864562E-0005
   4.11761896571625308974288497611321246E-0005
   4.11585264933397915470919782873605563E-0005
   4.11302586734212414437225075001480377E-0005
   4.11037969784846018160786967008743546E-0005
   4.10629627448810880782098782116620158E-0005
   4.10304851908315600320168701803632265E-0005
   4.09889180952052237177994035808108039E-0005
   4.09437470056516299805797730874460027E-0005
   4.08967773390595585429398721073688067E-0005
   4.08373835332167954770334837988073103E-0005
   4.07794116156181958913628879356094368E-0005
   4.07141260681288207249888634668829224E-0005
   4.06423503839864486458088106679917285E-0005
   4.05678192438732662957982832436763149E-0005
   4.04750169597028040969416583761127450E-0005
   4.03766979520205726235572623969982001E-0005
   4.02747711815538138091788200316970352E-0005
   4.01497578051341840636153271677748830E-0005
   4.00129215183596236657320242471013157E-0005
   3.98571103375584819310689082205737325E-0005
   3.96854665416350458028176886796136104E-0005
   3.94944612947402468838206981590900619E-0005
   3.92659920495249681482417405765588084E-0005
   3.90169387606603504234095729363368123E-0005
   3.87259253581687836740859588145520131E-0005
   3.83928248580583449561713199734708631E-0005
   3.79952316331278133040373544102805411E-0005
   3.75605784579342088169830526153754597E-0005
   3.70887805428358034599797386085350658E-0005
   3.65624784182571878630530520210336783E-0005
   3.59967019837901189394044518185445191E-0005
   3.53630497200383653826785977764638766E-0005
   3.46759842054516648049212519993433960E-0005
   3.39228292842159027422723432195517723E-0005
   3.30825822467706607112971758290700402E-0005
   3.21722222852685350094228152504850099E-0005
   3.11628463527007119458617863796473809E-0005
   3.00493057736783503398791932442620510E-0005
