   1.05873907207422851758214239693596495E-0002
   1.18928385261271073082436994805801566E-0002
   1.33614332866416010717635797733120202E-0002
   1.50128931092284326569368527089889148E-0002
   1.68694979650490212375513582610477066E-0002
   1.89563780231032911707860797352778504E-0002
   2.13018399111721660358396896160321864E-0002
   2.39377373273497846434867162001032259E-0002
   2.68998917165684603633225331087322555E-0002
   3.02285686117771176360961170075371158E-0002
   3.39690155978583292036580071362806541E-0002
   3.81720685408852428542960226906068879E-0002
   4.28948336211742202620993490720463717E-0002
   4.82014537477899285397152830073666565E-0002
   5.41639690835988611459928993180106685E-0002
   6.08632826666387238638460756917670275E-0002
   6.83902434831711801409572486477434570E-0002
   7.68468608437714816292829414901976756E-0002
   8.63476655540286865359026537905504640E-0002
   9.70212351741641258578420631911854560E-0002
  0.109011902646208406385942994749632334      
  0.122481669752846755565165660492052455      
  0.137612349277886154521585321322883464      
  0.154607962384602794244645990497960488      
  0.173697420634652477065485248758283949      
  0.195137525256955041633078492126023771      
  0.219216319762691908220669041159250762      
  0.246256835808734971083669253963068581      
  0.276621276355836650145443160367374252      
  0.310715684666826598393250257081023097      
  0.348995152559047471004393329604413955      
  0.391969626576411356239122002190634401      
  0.440210376388763302039690858575419172      
  0.494357195764166446191763569661780790      
  0.555126412892737489412838074610103136      
  0.623319793662410897664356649907605640      
  0.699834428685405876199957263408667346      
  0.785673702430610372196295115608645447      
  0.881959450708878451527381912181893230      
  0.989945420959194156556971754964917293      
   1.11103215827024249381599868460448133      
   1.24678344882919255075937827006147442      
   1.39894446152397255211386791335132545      
   1.56946173778287406999351117622251461      
   1.76050518952919719564907922635039245      
   1.97449227558070784449214958260219144      
   2.21411453832503147204645902228212917      
   2.48236669570141609603128121162922641      
   2.78257849945034155406470423174056613      
   3.11844959085763196238420708428182657      
   3.49408761225322019119811432020634722      
   3.91404986996732348508977606595949998      
   4.38338889767952522789455531457144364      
   4.90770234599334273230580061310146452      
   5.49318773605583757023215032420306355      
   6.14670277856758647332212605005125784      
   6.87583219808887542051773810907221807      
   7.68896234942644020137649373047917513      
   8.59536541477967543802086883284525101      
   9.60529569201407985029146536536985600      
   10.7301015145117548084901038312897149      
   11.9823578005504134392262853651016843      
   13.3760262712727519932205536078408158      
   14.9266531995189060706485034898703505      
   16.6516183979418968722808518048037316      
   18.5704542953612829249114712497222698      
   20.7052606516672347682272074798260127      
   23.0812489039499893815565543740012793      
   25.7274602495050281014846658025366909      
   28.6777127249874200163952257625987065      
   31.9718430049739661509386390144620767      
   35.6573147421421213417355017648363816      
   39.7912603804654100424782558113830745      
   44.4429977983383711731921326852133092      
   49.6970085931869590983592379204077729      
   55.6562928930212192095456674762664361      
   62.4460047175942427765112720260121874      
   70.2175340262150916363725363709607144      
   79.1540152725853300431508056751865582      
   89.4791813590322314952656073432750240      
   101.468944636062099870640499018024445      
   115.450436918055199137989117627841513      
   131.751358939037120050029272862194825      
   150.596437483011831204956842505566994      
   172.051346139614732899298690541085755      
   196.073456859174875428186745237025827      
   222.567749052480825387986564582404432      
   251.371370457320924120389524782915891      
   282.196798258792135372701714221818374      
   314.584106128975983348506976884665530      
   347.895433486948741551356103119845129      
   381.376076973231023404825818501963776      
   414.308048123366605430306585909404049      
   446.279055048132626390910935887429540      
   477.519985224410521624843316628772775      
   509.032019664650071541535371464187060      
   542.106632689698063259691047815514356      
   577.613771192634280881981211242042980      
   616.154015568270370372445355577648191      
   658.858677641532155435962718368530224      
