   1.21297028723676935883775083121066286E-0002
   1.21473846090755055069633689184105364E-0002
   1.21655978687818405928339951509696403E-0002
   1.21843532685491166809701950058539164E-0002
   1.22036624642094989197208342617049834E-0002
   1.22235382617617299776541391643618705E-0002
   1.22439947252495499799299100531688780E-0002
   1.22650472819621969770983541185924598E-0002
   1.22867128259692179854645474670962385E-0002
   1.23090098211458420871221468236747486E-0002
   1.23319584049712332173085818597117387E-0002
   1.23555804944935040807623674685284279E-0002
   1.23798998959596526825342895748694637E-0002
   1.24049424197118870962131400855888490E-0002
   1.24307360020587692337850678937707131E-0002
   1.24573108359476067375311178963584973E-0002
   1.24846995123986523734963045579475981E-0002
   1.25129371748182678830303715997944108E-0002
   1.25420616884945592271836048862762481E-0002
   1.25721138278025537852865861856052769E-0002
   1.26031374839139186568956122305079637E-0002
   1.26351798961301751660310868587867302E-0002
   1.26682919103479009931536494395831712E-0002
   1.27025282686339872380227324945083678E-0002
   1.27379479344545100922841047207590865E-0002
   1.27746144587819581188395439620340911E-0002
   1.28125963931278850504499934025101040E-0002
   1.28519677565391617346036208366113199E-0002
   1.28928085647976505446679304590719889E-0002
   1.29352054315180766764554181013548881E-0002
   1.29792522526116531954810089771794077E-0002
   1.30250509877452997718758476455981625E-0002
   1.30727125550781131233484897494637111E-0002
   1.31223578588224382299113156139176894E-0002
   1.31741189732154225042824298546490531E-0002
   1.32281405115133717664829840932517947E-0002
   1.32845812149040903850399445681516012E-0002
   1.33436158041448539995360241402612374E-0002
   1.34054371467459037777850941576752024E-0002
   1.34702588053009508074850980174357443E-0002
   1.35383180489749358138488199400142223E-0002
   1.36098794314126833518091393490675509E-0002
   1.36852390660781691355242946406491354E-0002
   1.37647297665905294593215269945019757E-0002
   1.38487272682386722481660524341310591E-0002
   1.39376578121871314751984513823484066E-0002
   1.40320074626444886939059489651854275E-0002
   1.41323336492985147086461388217850101E-0002
   1.42392795972770552779029559839929559E-0002
   1.43535925469133243885987219533977929E-0002
   1.44761470097694555761315535688511910E-0002
   1.46079748091742443601406948596080262E-0002
   1.47503043986915481750295328040728452E-0002
   1.49046130810687119999986172886553564E-0002
   1.50726975001216612809498090816665205E-0002
   1.52567705591150942311869247378574155E-0002
   1.54595974663414807553504764274954389E-0002
   1.56846912868540745089698991579394534E-0002
   1.59366018331044380540672096491058603E-0002
   1.62213563328326313976740818861191273E-0002
   1.65471576328672815931990517958972553E-0002
   1.69255423063836125861464209709157583E-0002
   1.73734130617021897536859779253209459E-0002
   1.79168687728380022782860989978261090E-0002
   1.85991247728790029963618258062246676E-0002
   1.94991066787608203427093042931882467E-0002
   2.07840138233528862343064948331114861E-0002
   2.29115884846969234590704431410263864E-0002
   2.81927588629242807112719029764644957E-0002
   3.11005925655983014699710213489967601      
   7.99636918059971281314752838657182679      
   12.3433966740142859756903682999454740      
   16.4431503589983697180282382556996716      
   20.3895204462502235086054052699698489      
   24.2274317716050668602857316600511348      
   27.9824384108423000825665132913753759      
   31.6706747550281929124900775029082262      
   35.3030998852016195465567893907300893      
   38.8875626367234511049206564619902720      
   42.4298768637293887174112000813379036      
   45.9343903919245460762916637358763704      
