   4.42740841331286285928938857851924829      
   4.37376785396575916401908194633545263      
   4.32132719905537032212531129072710711      
   4.27002310197276601580729114360348461      
   4.21979591019452635004825594002686652      
   4.17058930237460745556257986102832099      
   4.12234996372134266963361535088553707      
   4.07502729515783969442656997100258364      
   4.02857315224556021194890780507389544      
   3.98294161027787057653976678412279823      
   3.93808875233052456237474649291459430      
   3.89397247739398516471287723871231751      
   3.85055232601299522182338393518654233      
   3.80778932112545706663913424765062645      
   3.76564582202829712197139896195108447      
   3.72408538960535437085429169296293176      
   3.68307266113344174876924934908437184      
   3.64257323313937885595319069938804872      
   3.60255355091461177809744115679557308      
   3.56298080340635667188237505790918365      
   3.52382282229555093928727917924995652      
   3.48504798414367601482987793414069241      
   3.44662511454246386658900958560870049      
   3.40852339323309788882566664000005309      
   3.37071225917427903138639760173902552      
   3.33316131453070863500560191068643776      
   3.29584022652407186865161958794826113      
   3.25871862603520843912649919307953929      
   3.22176600176676436233803914968860283      
   3.18495158866615769398127767654261027      
   3.14824424916494579671659770526138605      
   3.11161234560617075736930956246256603      
   3.07502360199828403826216175580360272      
   3.03844495294255873661138632340939871      
   3.00184237721685827769625334043576125      
   2.96518071304558726062537381997049728      
   2.92842345152034240629098485446224748      
   2.89153250392972767661747227423824019      
   2.85446793787007857481487538094278120      
   2.81718767589187685449554605859563235      
   2.77964714901919581327054029605359430      
   2.74179889567087187826232571833786070      
   2.70359209418654845873303874785662053      
   2.66497201414759546428503143818147132      
   2.62587936774408771738629511931069106      
   2.58624953724307242059299048811320808      
   2.54601164768864045513655317852282836      
   2.50508744463444106462351917090939315      
   2.46338992398873561758693816989785125      
   2.42082164348252319640401481043526578      
   2.37727262065989319266482210026728004      
   2.33261768727447859508854257532051793      
   2.28671311930254079405803754217010871      
   2.23939228704513561492834516856045248      
   2.19045995720951213848652335137256485      
   2.13968470519910972353317192042423375      
   2.08678862067974501859527518684883041      
   2.03143303995942649120516529207424223      
   1.97319827804967008521334423477561805      
   1.91155399256086597669875147863419819      
   1.84581433305555883225976033887200327      
   1.77506718135397676321918655019297102      
   1.69805663979662214194091895523565078      
   1.61297483930708361553613070034379094      
   1.51706080329802549223933332539232492      
   1.40573463294526732447713710641544526      
   1.27039490026513393654422832025597434      
   1.09108662715050821028187764753932720      
  0.792630963992073534575256683882625164      
   3.11005928766725584679853942450755653      
   7.99636918163977562721366202315176504      
   12.3433966744437829964589152303404473      
   16.4431503593196504974316388328366366      
   20.3895204465266439610560861589657368      
   24.2274317718516691983183539747020913      
   27.9824384110639160409012538673410788      
   31.6706747552298975622006630479428181      
   35.3030998853908660607938494579977090      
   38.8875626369258784809913164358516444      
   42.4298768639158224027006296458815304      
   45.9343903920794987738306935941195513      
