   165.153775765271286304985214071323124      
   157.375663413472528354856551166647797      
   147.539117427156310473994541909862848      
   133.596406052792282689535400766444509      
   111.922122842880420600300535234413749      
   72.9729341926674486841121590860515991      
   6.06878765880643568900274738735343670E-0004
   5.33993346053976610079345223616091659E-0004
   5.59093918916776849687199635369650960E-0004
   5.54752209130322540897315669868159309E-0004
   5.15135691264077064190481450742732612E-0004
   4.54988619540914732192928647833660369E-0004
   4.37902272203945079970308543814075373E-0004
   4.43784082312926432729305692241704034E-0004
   4.87077730440911000620982541679556267E-0004
   5.10377379164398334680160460974856680E-0004
   5.41186162311695716298193851510368954E-0004
   6.03184843434557317835482089271271252E-0004
   6.35781725667318658694793826262550522E-0004
   5.47799155258325530442482229490690387E-0004
   4.91869421447794782463353476772773528E-0004
   4.18941960616101365317812494278718004E-0004
   1.31820727267242708638125825054552294E-0004
   1.28819720257518352366645684918944736E-0004
   1.26051242178080286077550611622109601E-0004
   1.23488185571221119014851193824215533E-0004
   1.21107656328700323007572077065177544E-0004
   1.18890167508906967466328473467601414E-0004
   1.16819013893041197368102937114702730E-0004
   1.14879781310791211595908130416404478E-0004
   1.13059957739664616389158097732045204E-0004
   1.11348622155508289826435998397477807E-0004
   1.09736193417219074132412352018469069E-0004
   1.08214225963716112398541662012765086E-0004
   1.06775242347740277998595225164039247E-0004
   1.05412595004110637119777460458729070E-0004
   1.04120351404213488948660154894643096E-0004
   1.02893198058022724019923069044709053E-0004
   1.01726359812191520087389809725379490E-0004
   1.00615531643694989863097330876821685E-0004
   9.95568207242778250234281032196520483E-0005
   9.85466969762915651807996809237699297E-0005
   9.75819506872447536329348745031762491E-0005
   9.66596560224867366340476349851178007E-0005
   9.57771394903704931285743580581219938E-0005
   9.49319525850280516615311363038635396E-0005
   9.41218479685953422867919266738104343E-0005
   9.33447586646257688878458136166586401E-0005
   9.25987798233263654108606852972069420E-0005
   9.18821526916565944358008261378851811E-0005
   9.11932504804008184254614937982177035E-0005
   9.05305658687950032706549060896704447E-0005
   8.98926999274713348376283296360153526E-0005
   8.92783522735223012771456181708758485E-0005
   8.86863122992177534759699084840504655E-0005
   8.81154513387787798859458806168105508E-0005
   8.75647156571880714221768150405803569E-0005
   8.70331201610174059676085911432314199E-0005
   8.65197427451689669351444046812593324E-0005
   8.60237192009567414598844561321751634E-0005
   8.55442386210157244113566869452496014E-0005
   8.50805392445255569388843311825019108E-0005
   8.46319046939389949496468028621636767E-0005
   8.41976605604157445610477885740832812E-0005
   8.37771713002290660582240098041482702E-0005
   8.33698374093423302592126007332550811E-0005
   8.29750928470715984964758963510566534E-0005
   8.25924026832968205359342078738777626E-0005
   8.22212609466256736809617017497313267E-0005
   8.18611886534331270526515259258507865E-0005
