   84.7290503831216973642201309025508515      
   84.7260941869651993494979471084698427      
   84.7211561688949210724924995407484949      
   84.7142273681850014569516163298556775      
   84.7052985611458372667517112244525787      
   84.6943607648226846389751336459580217      
   84.6814056909972592769626423921745288      
   84.6664260470777724758490600216640569      
   84.6494152546584086339521677228033941      
   84.6303656056828292051186922212552303      
   84.6092633835117065848721235324802312      
   84.5860792997241659592259923549404577      
   84.5607530215587234375764037870420362      
   84.5331719500202752127883345478478032      
   84.5031465005233129003586359129770811      
   84.4703858468076344189844358579154589      
   84.4344784139594751810742878514616995      
   84.3948802525540303876249752703242185      
   84.3509124977555211001364717452603719      
   84.3017672698640319771251525817449533      
   84.2465201467513743281585102545202878      
   84.1841468527474402438038505905466852      
   84.1135419070336705812905651556252307      
   84.0335374081955717449181314838391076      
   83.9429206773253319154416016604200700      
   83.8404499894482136100360545922943164      
   83.7248680259528280086402433043134944      
   83.5949129578669045254592902371553749      
   83.4493272390103320488023647616961328      
   83.2868642756017005376242420358825412      
   83.1062931720681522207810670455902456      
   82.9064017562029507333561905771859515      
   82.6859980729326531091005660684366623      
   82.4439105176774315448572761650394099      
   82.1789867594496277023256852473810656      
   81.8900915843914531361029557837146071      
   81.5761037708472796727291011614112417      
   81.2359120877744163554760487326361175      
   80.8684104881600142239641993356409699      
   80.4724925473365185602545868726174941      
   80.0470451731176604894697589993551619      
   79.5909415874766368145038064615648617      
   79.1030335518862292845752399040208526      
   78.5821427747650567808553615569495013      
   78.0270514026576252218013435266560733      
   77.4364914537619716587019258809311003      
   76.8091330003772489309769409095810319      
   76.1435708455554472213454979083872662      
   75.4383093621436451011084174612924629      
   74.6917450652526910983349802937544307      
   73.9021463653838242943583823900704905      
   73.0676297864910116733527273117100697      
   72.1861317185506210994386078269940545      
   71.2553744842329836985697552017722816      
   70.2728251052605670112311883990949127      
   69.2356446072440787236611917302328268      
   68.1406249355466578601645800841242277      
   66.9841094586896642007706757167095420      
   65.7618914464088902215654791975762589      
   64.4690825518927436651961385606053350      
   63.0999397619128563722391237723524466      
   61.6476337505595793325470554791005100      
   60.1039327665713293361253898895132717      
   58.4587617277101999993851932321142485      
   56.6995716151776614128800158637553757      
   54.8104107740512378707708416617907785      
   52.7705091597946614314378668036619906      
   50.5520290797700372529794559344350094      
   48.1163080086266848819220044657596160      
   45.4071824784254504996251209122156303      
   42.3381679695039703081512440478364551      
   38.7652401658971977507718360936706341      
   34.4203551844820186577882844815465196      
   28.7043181481607247268125576814012701      
   19.5192477813855682519439694475202461      
