   5.75680180862328832789351820703013421      
   5.75669425692907361772368149532074749      
   5.75651514666352994193017614534467377      
   5.75626476313926650605264854417985669      
   5.75594350952021196042865119510475367      
   5.75555193521654076881815324701925124      
   5.75509097006989708107653466584013858      
   5.75456281227252004471893586345051640      
   5.75397277765635413279367930980840541      
   5.75333174649070191088518397857876183      
   5.75265838037074414440087153615786077      
   5.75198045329438723855209584672603481      
   5.75133514710566050629205781748961355      
   5.75076856904103497611372746686641413      
   5.75033487807928848899832789563766606      
   5.75009531063234867422793166248376278      
   5.75011721730691447238499565229997604      
   5.75047307849481690140338990531614588      
   5.75123940737628089101375485810475547      
   5.75249546730099246686895023766370899      
   5.75432179052031516950799869830961459      
   5.75679855071400137131098493827391567      
   5.76000388772563460394362717946169851      
   5.76401230054010648150759111082790520      
   5.76889321593103126913618907425698033      
   5.77470981374439200750533495661029389      
   5.78151815552867237926060048761115651      
   5.78936662910887922288270828386288625      
   5.79829569337760069609112860020437613      
   5.80833788753299503720086540656606902      
   5.81951805730986521111258145425225436      
   5.83185374668734206614644371148191001      
   5.84535570487880549185863237453541552      
   5.86002846351342931599185022193240454      
   5.87587094604843643468075850445915331      
   5.89287707915005350652909864135559392      
   5.91103638337229924933135262087206633      
   5.93033452728812342833588471254052171      
   5.95075383479495034209119934860931878      
   5.97227374016269990749009092591111352      
   5.99487118864296162800921940036946748      
   6.01852098325240848977108248309928433      
   6.04319607988786220972574189689786069      
   6.06886783423200849051796780503178006      
   6.09550620425417822629851142062876746      
   6.12307991244894313633967478977604019      
   6.15155657179770576205342961434478194      
   6.18090277910588590256240711487898027      
   6.21108417883026623730145295589643196      
   6.24206550003929522854719996610756303      
   6.27381056831465162682375721557750921      
   6.30628229371604791378040345798676282      
   6.33944263495203755586565537769050205      
   6.37325253901243007020807413988941759      
   6.40767185420343444217466456950512687      
   6.44265921321409537391798069886123678      
   6.47817188103395549999251175304516479      
   6.51416556038561157832053569684445094      
   6.55059414431410355238647710584854757      
   6.58740940176794625301293394328126850      
   6.62456057666569306154420052722754256      
   6.66199387327970369335213371464839208      
   6.69965179017563901332061689226006745      
   6.73747224906793847274991350872473467      
   6.77538744128817901024123917588083957      
   6.81332227817528229611409112792300944      
   6.85119227419785570620728978560919377      
   6.88890059753828064614172695945015111      
   6.92633386397217581390523873169216642      
   6.96335596967568036581848521122998563      
   6.99979874159282669721450909761062356      
   7.03544717885898371130537383197720994      
   7.07001498935728975682524683519430971      
   7.10310159222246244169083061390984152      
   7.13411115507396031154409372998364885      
   7.16208756660826697620201656731305859      
   7.18534461759356920600946380850351223      
   7.20051141060020153879895106308360397      
   7.19926746223026061657295525132704180      
   7.14716038476793821167893169899149840      
   7.61593975545468629055019771987535853      
   7.83603366702894416337542228811149525      
   7.97490100701438513389495828460962597      
   8.09380663578294270070329229436676069      
