   2.63832749831767334627303024877432574      
   2.63841925767092640733995819541989510      
   2.63857210103611414717133071521044906      
   2.63878583738208158674791782745422169      
   2.63906019958956328354846835405374852      
   2.63939484328669256854841644169613233      
   2.63978934694113040654632601723585016      
   2.64024320872195968166650802856951001      
   2.64075582028411807695281238345870126      
   2.64132637684314502405680202728905359      
   2.64195367995768744777644654285001779      
   2.64263581386258649672409423161057828      
   2.64336970511039531781240727452747766      
   2.64415058462365277127431418821898981      
   2.64497136581675592213774463252628701      
   2.64582195444719890591842733707283947      
   2.64668852704348387498578214970935366      
   2.64755284592920514197295193825047150      
   2.64839170126984111602144174543121274      
   2.64917657073911213953539807811435866      
   2.64987356409944621042271524375027969      
   2.65044368144650634875309989005433860      
   2.65084337181821251779291998582727163      
   2.65102534334613821350527267790634217      
   2.65093955291065929175126914048812876      
   2.65053429368249606453783760838202740      
   2.64975730140412447692527930304967447      
   2.64855681123909119781909703530358606      
   2.64688251281167667293643851905196723      
   2.64468636834392303746202736145138851      
   2.64192327511986541414719543052835818      
   2.63855156742987897709783117454987610      
   2.63453336389134046885930571747511323      
   2.62983477362749335679147113203403873      
   2.62442597943155236122521574301719191      
   2.61828121831796078949118138415522450      
   2.61137868028351571619730268940832112      
   2.60370034524066740402716819562079501      
   2.59523177639845383614330155771923097      
   2.58596188622364062496987658687223435      
   2.57588268882832025350515793635688790      
   2.56498905031971461878771151737927217      
   2.55327844658059425480343228017268932      
   2.54075073604821723337287385115011642      
   2.52740795349001878423375336945341691      
   2.51325412950120845740794688413227969      
   2.49829513944766735488898339112671578      
   2.48253858492451242557235490355534974      
   2.46599371040592005971744909325647369      
   2.44867135766219894930135557022316470      
   2.43058396075649617897539276310060586      
   2.41174558497299135620536000315098532      
   2.39217201400245905864746280516942469      
   2.37188089115055028011374951105926093      
   2.35089192247569116823267849822925069      
   2.32922715277716680706875252494298174      
   2.30691132972886841631812169767371095      
   2.28397237770776629179252457559138071      
   2.26044201212729433640256736773545190      
   2.23635653880149896059935368474947158      
   2.21175790382263181463073471877849788      
   2.18669509208816336306741006581062123      
   2.16122602480892694162443536684056728      
   2.13542019246943630607956010734438290      
   2.10936240670250507158825765435720736      
   2.08315831611764284024933145479306747      
   2.05694282008781315255826149667784531      
   2.03089348553267296453588635387854602      
   2.00525315110459747974634834214507213      
   1.98037080506058306757975019112120436      
   1.95678291681391642465185788617710944      
   1.93539863934778152465233745925783165      
   1.91801365248934487646307356294840318      
   1.90922894361170671867705063186464687      
   1.92959795111058111436181848473240767      
