   76.5831419916920006488551317406507867      
   76.2394601300374747661781959425732599      
   75.8809177411013450779739519377693951      
   75.5074635794116692498717867153901114      
   75.1190590183678246425601770303920388      
   74.7156753151080783976039491852826077      
   74.2972908942839518347217859172795623      
   73.8638886566837474056968681601041723      
   73.4154533141197613465945342153466339      
   72.9519687478749628526953173882152643      
   72.4734153841866150872115210732553490      
   71.9797675766863281896785032731028527      
   71.4709909823139163381641706221628931      
   70.9470399138856197931785442677836783      
   70.4078546491168041468397932149194507      
   69.8533586723644040301155595679573457      
   69.2834558215106202659254991677998433      
   68.6980273081389919934015508499200977      
   68.0969285742254825748783165231649268      
   67.4799859428341306555263769886181815      
   66.8469930134411066653916919580011019      
   66.1977067442626298158257153914512078      
   65.5318431538798815983788488588567021      
   64.8490725620772423439788770452000720      
   64.1490142744758703444482911831738101      
   63.4312305964200937555338943820308278      
   62.6952200375849669163384110621672785      
   61.9404095384475238307888119743635433      
   61.1661455112070920321626551732308147      
   60.3716834383232313057317294097275056      
   59.5561757080355803559959237659337669      
   58.7186572831591332738553759186089216      
   57.8580286903230762012546254130071844      
   56.9730356720837928723510614074532026      
   56.0622446503795949563492724623245799      
   55.1240128869285311827531455014797661      
   54.1564518655531448810439941186460212      
   53.1573819201790965937032548683710248      
   52.1242754254095875027445993361267994      
   51.0541848540694295895326479269621085      
   49.9436505304666327323888576944326112      
   48.7885807161307388154360978290466686      
   47.5840933389980410905653904834833912      
   46.3243035096719195518549971495038040      
   45.0020327211552220548572485347054490      
   43.6084020545595630183076407409267799      
   42.1322485598627531543678143362735655      
   40.5592627881280851361112957637438135      
   38.8706683621648326239485311301234499      
   37.0411110022769245428396389507241830      
   35.0350945099595962309809388605834795      
   32.8005200922161022528923771280977330      
   30.2557934928180784436270388100164210      
   27.2603722990690722629967644509583709      
   23.5323408865423646072591558318760399      
   18.3180413173571782461484219660405751      
   5.46895831779188251362190792108138367      
   2.06256037685367315199353533215460518E-0004
   1.24848785532972071953825871484455232E-0004
   1.07754416387381755221868385609534550E-0004
   9.69489690862583320511022205850296716E-0005
   8.72916283372981879821468626946996933E-0005
   7.81839314983179637603308936677355844E-0005
   8.49857912923398011811170109830162363E-0005
   1.00104628905151367552201662866904401E-0004
   8.17114655964569190497924196945181982E-0005
   7.01724975995569084638856659592503837E-0005
   6.27450392296642076077630180830496957E-0005
   5.75060755266876250858927050555470264E-0005
   5.28568728087115160700409135353887024E-0005
