   5.78019282432651275884125240627456411      
   5.78684030328997727907319764170154150      
   5.79391723375313313129373484637745518      
   5.80142017647348647545971359138496219      
   5.80934468432040734010796982840562845      
   5.81768537693898960251516195175703811      
   5.82643601190725149604710135162765013      
   5.83558955185601610295114614998550399      
   5.84513822715582724330472642923161777      
   5.85507359388530016746735179033417789      
   5.86538658688407556024274533614180571      
   5.87606756776091708959948147973048917      
   5.88710636777629881515289058101947801      
   5.89849232555000298530528661478188053      
   5.91021431955939897396251956754463813      
   5.92226079539363893531059776285464765      
   5.93461978771471080733496487085485286      
   5.94727893684647155094681406598847318      
   5.96022549986970406186666671626843328      
   5.97344635604085205341273080956728481      
   5.98692800627603683258424471256979080      
   6.00065656634473211558337501580803565      
   6.01461775329782857328779854288044321      
   6.02879686450623981528991617723448109      
   6.04317874850236075977337782298887242      
   6.05774776658870938665136722921349756      
   6.07248774389245813978133334409089704      
   6.08738190818592754898598775909522320      
   6.10241281433688489545675414774517569      
   6.11756225166880759829700259892719595      
   6.13281113075606673181933021051349524      
   6.14813934519245015961759033942889312      
   6.16352560256872495937845895850445028      
   6.17894721715573945880142655618392267      
   6.19437985443880599606438954544422507      
   6.20979721443214053404277026161170772      
   6.22517063623874195048007042017175443      
   6.24046860003526762424875471723806480      
   6.25565609366756025893659467205258654      
   6.27069379794283870393577456606103724      
   6.28553702525616713291703005060520706      
   6.30013431668826432490908420877517230      
   6.31442555689343028045341813916960724      
   6.32833939302863962538747281286450083      
   6.34178962394216151962117595444170062      
   6.35467002194977287166130234358483820      
   6.36684668976463906934578582993840940      
   6.37814639203969291560803416341683877      
   6.38833801518428729343244676343970898      
   6.39710166159557417422983443022488643      
   6.40397401934186582222485410706878573      
   6.40824439148404897536200598086785894      
   6.40873653371076521787833541846642538      
   6.40328270626646385221253717146738934      
   6.38714519363119758017447331124235983      
   6.34590116366664371992284682024892217      
   6.10487169489511597065947292231580716      
   6.81966188764420230253876201048014028      
   6.94827198066574717357369970831144362      
   7.04541104504546171711631218711698665      
   7.12998401360566381447592738593652883      
   7.20777891925874393546258065975775774      
   7.28126801394619238959616711695919529      
   7.35167371405819603457026837360710679      
   7.41963197985536961520776978906763749      
   7.48544730988642765255137017673411813      
   7.54919097998721626279079126293047843      
   7.61073044845095466981095642261643208      
   7.66972826575653088429131157128363457      
   7.72561991867514731200957004266217621      
