   4.53528420536284110142116507979024331      
   4.47612234891806965387759888325892731      
   4.41784694898079671387538463962882069      
   4.36040113557658905527354899977910320      
   4.30373198957606596038641299024441590      
   4.24779011865006069818655289379467771      
   4.19252926900012702543496181170738137      
   4.13790596905116713288958914115109324      
   4.08387920159124794698276827806311278      
   4.03041010110019368090660882092284346      
   3.97746167322691564943338428077825588      
   3.92499853355997860274277208894354062      
   3.87298666298807440610099388040493778      
   3.82139317706767238443478168826085041      
   3.77018610690359401457839791779802105      
   3.71933418910385751883642387895965160      
   3.66880666238932997050786266706917247      
   3.61857306841934118634048910033791262      
   3.56860305432960097339197393983329128      
   3.51886617436388340656185232921149603      
   3.46933168780516410611965936868426344      
   3.41996835016533981546044374679747374      
   3.37074419425872118627553357592415192      
   3.32162629734474818926952193492882038      
   3.27258052995279227806260727386601681      
   3.22357128126267968668602558202990492      
   3.17456115496342301144200705511157703      
   3.12551062828804964654272625673891565      
   3.07637766534348651986664758320358567      
   3.02711727380957697272069137966909732      
   2.97768099141830858858908609798474090      
   2.92801628513339887850015380460971295      
   2.87806584133668447099737931792974509      
   2.82776671917586898548456846521301292      
   2.77704933094182377513561436541004392      
   2.72583620205992570954269441249575513      
   2.67404044772303610687388681876575978      
   2.62156388146514716285549640140044661      
   2.56829464017347095664516107515312100      
   2.51410416567601302020804086924685046      
   2.45884331801920283638816616904498467      
   2.40233729836295177057933599555742833      
   2.34437891098511953440537977921673065      
   2.28471946160414049153981209450396598      
   2.22305621560901854265866112409915466      
   2.15901471968394696485839835352032583      
   2.09212322297295750685913193590028484      
   2.02177451654944967432468884062767023      
   1.94716688482596364206148251301326291      
   1.86720856832224222072875342771100301      
   1.78035428367219005445800196257960019      
   1.68430437597389628586585827939711544      
   1.57539415755048692399279244534288887      
   1.44717089082840060510790200345762998      
   1.28630793754628744763757271955883802      
   1.05556773765709942918376925298461550      
  0.401033173226566685632267163197046709      
   7.20616500790035568694144715424970959      
   12.8910635293408087312162179589075094      
   18.1544845669561624615065816724128221      
   23.2129159015515176311265413613670194      
   28.1598708607113814626183075866282903      
   33.0510544478341801622859789507164221      
   37.9275807669774211029546681191932851      
   42.8239319357510928529774554769933703      
   47.7692948846556945299737205391251967      
   52.7849326669857860122285946477357759      
   57.8796312703609410906747574259118459      
   63.0453003286735453777044955263903613      
   68.2537558035479595397796563610714236      
