   60.5203375726148866153752413714165160      
   59.7796826223805189537622345709583747      
   58.9740869988795465211584558632873745      
   58.0933458017062124488161938916823016      
   57.1247407307867138967307128277032522      
   56.0521331230946738605873911901440368      
   54.8546535582487094436631105420545863      
   53.5048318196050686366263328863931119      
   51.9660982024819843645482279851460847      
   50.1900901157350388784462492135856195      
   48.1152641069538828114227475245701965      
   45.6658475737135855329192867329987444      
   42.7334102977076713595562195740144029      
   39.1162566021111506652937900690920992      
   34.4015745212150367881348177709638585      
   27.6080121109622595635315426589879105      
   14.4143138487483364023305861772813677      
   1.24721098533128904774194092192570338E-0004
   7.53113281105573538952336065822541491E-0005
   1.05939401586056628436545488501489072E-0004
   1.14166995573338311234292696171999181E-0004
   1.21099543819676362320310151074655197E-0004
   1.27337627197421788304096580574565049E-0004
   1.23150987782848707716003146177546288E-0004
   1.26142777857009089868219902402344410E-0004
   1.26573770673459163235895678974632154E-0004
   1.24643315056569339542746606436989367E-0004
   1.22232369303585085234708455040552419E-0004
   1.19558379675054935030956488544717683E-0004
   1.17229891167757773212309580546129753E-0004
   1.17874521461255347417305832129574560E-0004
   1.29578869538960636335662341257585433E-0004
   1.00272250621430627107729350297205762E-0004
   7.59961422142036371507556630430474490E-0005
   1.01908337476941438111508476998992168E-0005
   1.01834870066295853946993302558557426E-0005
   1.01772638192689997912861439633924888E-0005
   1.01719514477369369404430913575848033E-0005
   1.01673843016664223930390109411124028E-0005
   1.01634321168846602632675317680497041E-0005
   1.01599914118748695389280029580638045E-0005
   1.01569792331430382105221666790126907E-0005
   1.01543285212795027064453099050631120E-0005
   1.01519846394683000179267875518985837E-0005
   1.01499027458272244076016096228010703E-0005
   1.01480457851837468516451857487327390E-0005
   1.01463829403437174868359698670230168E-0005
   1.01448884275637065983668310445785000E-0005
   1.01435405522460435389111439664164573E-0005
   1.01423209630742723993261744749129165E-0005
   1.01412140587130194293544636957844414E-0005
   1.01402065127073252865174746516429405E-0005
   1.01392868906252416378247448431527781E-0005
   1.01384453396845012272239644952747455E-0005
   1.01376733357095460881582120770966798E-0005
   1.01369634757150725811648819545159944E-0005
   1.01363093070161208129940471743282968E-0005
   1.01357051857440520762709206806609121E-0005
   1.01351461591627579819609333068033093E-0005
