   66.4586292301767620435464741931818144      
   66.1654242950681679499773367257642728      
   65.8619652784050537869647918870160501      
   65.5478784704635278368247947623082058      
   65.2227667077977240058938022657657047      
   64.8862063183571656357492647659899758      
   64.5377438274005403417803085477102020      
   64.1768924212484589720758527959009880      
   63.8031281562745883390851418577186006      
   63.4158858901756794952996801785630549      
   63.0145549013480500951392362008674903      
   62.5984741498853190946295556768890350      
   62.1669271199519231279799275096659262      
   61.7191361676016794898844120295441034      
   61.2542562798663533795497559181678981      
   60.7713681293136683922544134341284439      
   60.2694702821894011783027248775329047      
   59.7474703863132566317965097207004857      
   59.2041751252362509067297131598635614      
   58.6382786753410709998038094887629548      
   58.0483493392732330456206728170917035      
   57.4328139478701270524212203684240256      
   56.7899395174736448820334345333494505      
   56.1178115116670197181659496348631776      
   55.4143078740975391990548595960857659      
   54.6770677550688503463425811216302330      
   53.9034535243121625056757154645573047      
   53.0905042094387501156126099562753202      
   52.2348778696404165258487572969147842      
   51.3327795241908008880671288085201476      
   50.3798699756494065651703986869443679      
   49.3711489913672827338230948498730359      
   48.3008034943593953494069612452586467      
   47.1620070916034161121004581036881982      
   45.9466504323230011427874213283691233      
   44.6449707255681520051496227123847627      
   43.2450298342328076643689487131911960      
   41.7319569545737252824130514886920720      
   40.0868099828321667633066572553308713      
   38.2847884096605663409613658344057774      
   36.2922769024389555625941801807065152      
   34.0616232121806775928530213433366826      
   31.5211043192374527113732909079702285      
   28.5533242081158302941565636500635855      
   24.9402507405326296074036932047744645      
   20.1779904327952092523580252064806571      
   12.2738404409250436799168021528174553      
   3.65123757194767482613497141447892187E-0004
   1.27964121480851243713438017440163152E-0004
   1.01387585949969674751960689781171404E-0004
   8.84953925065451681296754675075549954E-0005
   7.89361414529564054741598314380764786E-0005
   7.33505189218428689693084965610406550E-0005
   7.86243150398579131178836150903299174E-0005
   7.82628254547041233891450972822423821E-0005
   7.67839853285014241425950995085425582E-0005
   7.48555619248179295185042371040940573E-0005
   7.24331914465385743899063950328915807E-0005
   7.01868203505235553526520520799009831E-0005
   6.97625802348697141059946130001782698E-0005
   6.82626673002943717732737312270326468E-0005
   6.56874120330741820937593055167510936E-0005
   6.15952449552376194234593729066827569E-0005
   4.80068233854920405473060938746577689E-0005
   1.02704563718655880705552471694539053E-0005
   1.02488358182665878451145800988644206E-0005
   1.02314074558674559666398038092945273E-0005
   1.02171943418005775176896409946406867E-0005
   1.02054808522748661557191170101474751E-0005
   1.01957347427321004196117830625037242E-0005
   1.01875546167525092725050781032224966E-0005
   1.01806338797978179339682118505498498E-0005
   1.01747355936579974823880432556933224E-0005
   1.01696746666925787861073465234989612E-0005
   1.01653050615252441544970906266260853E-0005
   1.01615104864547626332071703296286932E-0005
   1.01581975396388883534957812108327925E-0005
   1.01552906027418104648295413372844449E-0005
   1.01527279975832927330464430606826023E-0005
   1.01504590649532916230080326469563190E-0005
   1.01484419238916608561582319009339525E-0005
