   72.3037535720125330585823082146293251      
   71.7158498622153908586250168611370045      
   71.1096170082637230004197650659000861      
   70.4852138597439902763807453262007417      
   69.8427791402742526935721943366931531      
   69.1824264798217508241202065692965466      
   68.5042393821858948792184896435188195      
   67.8082660732303944160399035332018630      
   67.0945141649675905786758361855579263      
   66.3629450583793717177659907311605849      
   65.6134679933048948369832392136890349      
   64.8459336361429225787375020065649671      
   64.0601270745141193572044144185789931      
   63.2557600611805550617881627689366500      
   62.4324623157637834722439206989497593      
   61.5897716499051960975915150770645339      
   60.7271226264895750131232401847149399      
   59.8438333923013432837311798975884052      
   58.9390902303132818198600320747277515      
   58.0119292548378474013842264274942065      
   57.0612145087539953560163693539330681      
   56.0856115009235456870000572835449596      
   55.0835549203716271352259753349468754      
   54.0532088474323133822826046176553010      
   52.9924171992604600606236837297341123      
   51.8986413193718030456725521276556703      
   50.7688804261869828106886897175348462      
   49.5995688805964046474547125584814768      
   48.3864416041843543312242066732730392      
   47.1243549570850010125868294138176273      
   45.8070440771425621951955673171298891      
   44.4267875169663533131488690218435271      
   42.9739331061549263495351967595155225      
   41.4362097718030931709120787732102527      
   39.7976973420263148528087076539073788      
   38.0372258040397341898122293932118497      
   36.1257698731761010534843354339600252      
   34.0219454302131687223818871029378034      
   31.6635668489174739132388739550460667      
   28.9499241481314933724179614747059736      
   25.6980358443074352718383353811881746      
   21.5039580245717948346451751929920415      
   15.0118521513121479505709234144256311      
   6.19495615143379463160197445438416955E-0004
   1.29811588450504314781156137355923734E-0004
   9.82369310161416103176966154455491823E-0005
   8.39698293752609624766796464489849292E-0005
   7.17715241028499358157742913964341536E-0005
   6.05912861523627607886313467775197260E-0005
   5.83685924281621380677827647351822269E-0005
   7.27937924901634569815576942372485235E-0005
   8.14124040708636157743183924785483141E-0005
   9.35592789246152376655853065889113656E-0005
   7.22816876691329048778519986213697504E-0005
   6.20075038061273043350875782862764738E-0005
   5.59699014776423649311633772210819299E-0005
   5.08129158361084181111434210051513285E-0005
   4.53650565134661916624380112460029533E-0005
   1.67631132731010076793506058660755246E-0005
   1.55662648219668853700899950185497418E-0005
   1.55576306944329960046340587846644073E-0005
   1.55507964717898184870298669447555257E-0005
   1.55453243694065867291839063587500335E-0005
   1.55408961506187436080856567276380547E-0005
   1.55372773432072786226794923695654921E-0005
   1.55342930104429005935415333331948729E-0005
   1.55318110963401596590960890188227588E-0005
   1.55297308158159791862857483127822452E-0005
   1.55279744550907627013873177723981663E-0005
   1.55264815092515415901839783069199038E-0005
