   5.98012182133318941776791383199834254      
   5.99787120543369971709651816403300570      
   6.01613738843574772102075437610068118      
   6.03489786058301718571166214821017133      
   6.05412966367667108022517355487555376      
   6.07380943696549194324246905513106703      
   6.09391345160243464351799103097671666      
   6.11441763420824174253695878264678366      
   6.13529757987324468772867855254314257      
   6.15652855469726494621816461375857901      
   6.17808548771163867709468064743315937      
   6.19994295173792287400483572936215119      
   6.22207513240612182589822517947090706      
   6.24445578416538253890062029934835748      
   6.26705817165230185428321390534469141      
   6.28985499420923465818041978672871483      
   6.31281829062921177988296752617184515      
   6.33591932029334956235279822952515077      
   6.35912841568958799486131906556137307      
   6.38241479975447033846991702147949195      
   6.40574635941822438986364465247407738      
   6.42908936394366501736372611466393539      
   6.45240811281956921036021126725710925      
   6.47566449262909580875275686193828686      
   6.49881741474708177731304595782363766      
   6.52182209480837208838981462956479882      
   6.54462911885644640368759023539748533      
   6.56718321702752898378277396724092530      
   6.58942162870406598532968398770874147      
   6.61127188493931807341156611387864471      
   6.63264873979214199478653032920425302      
   6.65344982475457707323259053879461319      
   6.67354932755859917752670911969675104      
   6.69278850412060305065062394671033997      
   6.71096090150190211477605831365182851      
   6.72778831443062360856661492390476146      
   6.74287956162094832114417793806158952      
   6.75565515243950077835095151710709750      
   6.76519809251619475516573610892364195      
   6.76992452839364516850660363645266111      
   6.76672794472731102564183946465081806      
   6.74804168382330765013922593845981361      
   6.68362752081448311847243481239189091      
   7.09579182230870298648189448496649682      
   7.29778438357493501631950159980421204      
   7.41834588040263599063625645172910895      
   7.51763220718020757549361289897436210      
   7.60721445678962839162107391304569233      
   7.69140389312923195091204024092566704      
   7.77221858487933642377294581461291393      
   7.85067658107327718342067031399397369      
   7.92723268947431280554485992031858769      
   8.00192613463322695596631101711098484      
   8.07441502754373918463179926903336134      
   8.14397119853047917458881442738002204      
   8.20945656713956031426785987958834973      
   8.26924498290286154223314596965554028      
   8.32090909254034762199785435457526539      
   8.35902425687950471370007150800806035      
   8.38025400562592248082837674087678409      
   8.40107653907422690611706587393058280      
   8.42149113307947828717279923745026728      
   8.44149265239609515404415060902692864      
   8.46107654351197187753858835234416933      
   8.48023882038137417778574362602401814      
   8.49897604982166178198555159889768980      
   8.51728533658960927050278180206225669      
   8.53516430816751327926171110954945316      
   8.55261109929290526672148167761688682      
   8.56962433623961871199047456124951165      
