   1.70561892251386345227990211844943532      
   1.69553904911078781892058037434270163      
   1.68525869562799460892838877878168730      
   1.67479717419186922027920036723812979      
   1.66417361227859919132164429716603824      
   1.65340689259944206709750634536191349      
   1.64251560360044141694579652522762580      
   1.63151799991024214870179222556655789      
   1.62043197215248699655809091525833901      
   1.60927502563538428656950109662439108      
   1.59806426753961621813896745713758950      
   1.58681640234905871347064290276912319      
   1.57554773540870515774922568561936885      
   1.56427418465606136037146027680316878      
   1.55301130076278481620602812923199531      
   1.54177429615204925948795441275360754      
   1.53057808363795739768069990029795290      
   1.51943732578544185637106883673369231      
   1.50836649653890091981925763474341545      
   1.49737995725427074999459151980705101      
   1.48649205004624952508051435125165187      
   1.47571721241072248789843191393375721      
   1.46507011851976798596290203873675242      
   1.45456585459116510991361086107847808      
   1.44422013857841694972672482260488311      
   1.43404959853752196210542996255204487      
   1.42407213008257796966988123028340627      
   1.41430736245715812656273517201089128      
   1.40477727678851828532140156533397206      
   1.39550704228148796954138932195682480      
   1.38652617219502907656821556758087390      
   1.37787016203678080427001372394813355      
   1.36958287787931234482707833034254249      
   1.36172015391319927012555303665667508      
   1.35435542148564968877326255196588197      
   1.34758891946702808395276832078384242      
   1.34156358877470013728953999943887533      
   1.33649433610183414566304146790791826      
   1.33272649670463088752438420675434574      
   1.33086625514454660402546687241723336      
   1.33212394725518043589268519887345646      
   1.33951183312607391409329310323846073      
   1.36545562386394550228311648503089748      
   1.21143561282934054905704508570298685      
   1.14530198172350008998359948170775113      
   1.10837803547685131468292998931174440      
   1.07929438789733317649214651141384899      
   1.05402460305436053456053610907326408      
   1.03107636611906443148072467826043009      
   1.00974580013211689786549913487022434      
  0.989664278688588344070143606366113520      
  0.970641498682427438635183811994925942      
  0.952605295765749017758644876828818610      
  0.935577848832810508426831575414366323      
  0.919664895928155006896443295207240200      
  0.905051408713993043706908050167575362      
  0.892011289375585280560729717578836207      
  0.880968770125869590757997076732465652      
  0.872953070217228089593540660079284502      
  0.868535757807912723921120228380449213      
  0.864235665479358925484510649880363730      
  0.860050744857961517482561430424976522      
  0.855979914626297113776958318521025802      
  0.852022021757261028682879318374168052      
  0.848175848076767482694342876286807074      
  0.844440116442346151772603973524477682      
  0.840813496557611273549071608961000354      
  0.837294610439435632858133142693029824      
  0.833882037553703595789773606653485392      
  0.830574319640273956958083756303984411      
