 0.54325641894394E-03
 0.70206701590865E-01
 0.75491157614756E-01
 0.81114641033584E-01
 0.87107422205844E-01
 0.93501279393131E-01
 0.10032966725215E+00
 0.10762782978692E+00
 0.11543300819787E+00
 0.12378461107625E+00
 0.13272441972242E+00
 0.14229678533882E+00
 0.15254887461316E+00
 0.16353093005111E+00
 0.17529647979062E+00
 0.18790266947567E+00
 0.20141052794661E+00
 0.21588527135972E+00
 0.23139664379631E+00
 0.24801925575463E+00
 0.26583294526742E+00
 0.28492317992732E+00
 0.30538144694630E+00
 0.32730571566052E+00
 0.35080087844489E+00
 0.37597927476350E+00
 0.40296117686980E+00
 0.43187543748969E+00
 0.46285998705641E+00
 0.49606255206669E+00
 0.53164133208684E+00
 0.56976572377464E+00
 0.61061708919306E+00
 0.65438963512292E+00
 0.70129127348324E+00
 0.75154460224850E+00
 0.80538791806412E+00
 0.86307631089383E+00
 0.92488281166330E+00
 0.99109966725642E+00
 0.10620396445138E+01
 0.11380374609844E+01
 0.12194512839675E+01
 0.13066643637672E+01
 0.14000867164646E+01
 0.15001570104064E+01
 0.16073444648525E+01
 0.17221509765277E+01
 0.18451133143479E+01
 0.19768054889015E+01
 0.21178412771709E+01
 0.22688768858609E+01
 0.24306138086215E+01
 0.26038018637275E+01
 0.27892424145880E+01
 0.29877917983838E+01
 0.32003649583057E+01
 0.34279393297639E+01
 0.36715589260159E+01
 0.39323387396965E+01
 0.42114693283432E+01
 0.45102217565586E+01
 0.48299528030343E+01
 0.51721104635548E+01
 0.55382398581317E+01
 0.59299894188333E+01
 0.63491174925540E+01
 0.67974993743799E+01
 0.72771347320820E+01
 0.77901555600658E+01
 0.83388346168673E+01
 0.89255944771803E+01
 0.95530172187882E+01
 0.10223854857287E+02
 0.10941040631325E+02
 0.11707701286310E+02
 0.12527170536511E+02
 0.13403003945315E+02
 0.14338995487586E+02
 0.15339196233480E+02
 0.16407935565761E+02
 0.17549845595586E+02
 0.18769889476834E+02
 0.20073394596953E+02
 0.21466091719978E+02
 0.22954161417091E+02
 0.24544289345196E+02
 0.26243732070834E+02
 0.28060395421398E+02
 0.30002927506489E+02
 0.32080828788208E+02
 0.34304581843614E+02
 0.36685803714618E+02
 0.39237423875078E+02
 0.41973890773164E+02
 0.44911409203743E+02
 0.48068209151842E+02
 0.51464843431115E+02
 0.55124505697648E+02
 0.59073350671742E+02
