   7.07148978482214226031292385768557754      
   7.14624265578886383610258864438146758      
   7.22277297487510951829058281598260010      
   7.30090748560231959183754532926920683      
   7.38038241497064295645783689880613726      
   7.46078647390883907694644723319490749      
   7.54144711420026780208486885448865835      
   7.62108300632800356210912525931874643      
   7.69586344336524219911855460785670483      
   7.75229441342841358338220488561298057      
   7.71554288944732369236050961335983628      
   8.34480250724103527728599649661755480      
   8.50153341271503387888627179607464714      
   8.64202230416187608149056237301288689      
   8.80497716689854087862952940393371022      
   9.00406698530643462716646954812828021      
   9.24791681091124908994513489687939306      
   9.54480290949809810142914813303372957      
   9.90364890237365009082336725814721814      
   10.3321633133965709091231485928137597      
   10.8322397524680590718840082278708094      
   11.3944720157221651025979215097804927      
   11.9939130670380464982450477648152967      
   12.5878712029630150385526516257534433      
   13.1159045592897878028148044034084249      
   13.5007939141402823408928224158660099      
   13.6266357237259683211098484052257478      
   13.4651450732253438310210248275886168      
   13.3116405865671554717480740122184753      
   13.1656423658020858756936418343353202      
   13.0266086527429929290548409195946865      
   12.8940501004042455705672806558493571      
   12.7675234678847710945014331223162089      
   12.6466262132861510824192677952779819      
   12.5309918376204855342596608388954629      
   12.4202858597601460595529104444758056      
   12.3142023240778692600464209990520794      
   12.2124607596775355890289221616905605      
   12.1148035240426800832872648373317566      
   12.0209934751938229665381760644939919      
   11.9308119256219195635289744025749612      
   11.8440568387467334058090044923002459      
   11.7605412348397763854890733253002949      
   11.6800917784188670467252708087618989      
   11.6025475233490751519031243449406413      
   11.5277587953987340294045126886082718      
   11.4555861949253493131496355366483074      
   11.3858997048388608110248870488527228      
   11.3185778910557615476329239889451577      
   11.2535071844061926147934548208731735      
   11.1905812344549537997596010528151613      
   11.1297003269375651999315923569676177      
   11.0707708576074472408810490767646581      
   11.0137048561983992350210659264557760      
   10.9584195550399489915303775644943969      
   10.9048369974059923350442045634270355      
   10.8528836815084086224341492903588203      
   10.8024902362857631233667889391788238      
   10.7535911257636468250617510251416658      
   10.7061243790606762917834417563883158      
   10.6600313434793545921285434156365552      
   10.6152564583881376816895271073605637      
   10.5717470478667480909149469439078389      
   10.5294531303396860693285571543180268      
   10.4883272435303687063966206294445406      
   10.4483242833506869811615846011234860      
   10.4094013554154856131250645193116139      
   10.3715176380319662733771684012547795      
   10.3346342556311516854319199020835081      
   10.2987141617124115942010561475693812      
