   1.21977641293135040424399367880235543      
   1.19439107627929994441128518800599675      
   1.16921435555510703142142038054571067      
   1.14432234188947828912065105788758430      
   1.11980998836642937319224620117083317      
   1.09580391130016978664828703287609154      
   1.07248860877350053011007746368219111      
   1.05019194778319534389547280670895130      
   1.02988174913133802070233731654867766      
   1.01494276517303944422770185554864390      
   1.02463476774386387259783723832772546      
  0.875931091363424315054921934019339689      
  0.843932157487895018736300571129645443      
  0.816716448097480484732704629716522155      
  0.786766028814262666145999430521064903      
  0.752358155846250013878862156727181494      
  0.713204769638703809589925387006855629      
  0.669527064913355805985610896600805318      
  0.621887169162805130207911430528987501      
  0.571372775465700032842991936024966782      
  0.519835027999585492169540253642644441      
  0.469800695622645611664802377813855918      
  0.424014076222950434559644780788994040      
  0.384943939442773894000445286887073520      
  0.354572926776964151142265968190872656      
  0.334644315281106945891055230387943493      
  0.328491983330595964039136147075262553      
  0.336418596026258316961079269982282934      
  0.344222220166430380366851947059708211      
  0.351898941463982084736075789836458711      
  0.359450701363135193572361721893921181      
  0.366879428656138406472884610599305126      
  0.374187037030107069012113394662582129      
  0.381375423119682501914798289427052675      
  0.388446464993801388283626430305324701      
  0.395402021013106715206490802536159975      
  0.402243929000283783029302164961304048      
  0.408974005673600787387222519560616391      
  0.415594046299074597333765528843075320      
  0.422105824522275246319700735362556282      
  0.428511092345213952670818261692858832      
  0.434811580219603273439536600339171112      
  0.441008997229916714288246220322589896      
  0.447105031344744912056863583745573405      
  0.453101349717568172681026008705680703      
  0.458999599020748710713038583820769715      
  0.464801405799792736543902565539526330      
  0.470508376836378711791707001932055926      
  0.476122099511170363676759553379401307      
  0.481644142159399989595649655576894307      
  0.487076054412553868524506832981751644      
  0.492419367522642790747312264538765038      
  0.497675594665191113310137445527014287      
  0.502846231219124798867940783821524482      
  0.507932755018888450778416512511181834      
  0.512936626586727339483580794571898548      
  0.517859289332181482120400028150178070      
  0.522702169730165845441631403764197703      
  0.527466677472612530265266399376665630      
  0.532154205596715276575522782547872760      
  0.536766130589983478631694130634708487      
  0.541303812474751934802204805646611210      
  0.545768594873877679482904780081717827      
  0.550161805056188297035008173325183019      
  0.554484753969426293363280047871251468      
  0.558738736257136033295713809952504902      
  0.562925030263756268326019728403532506      
  0.567044898029485372913508035055603404      
  0.571099585276557785678798619644579300      
  0.575090321388611555640571767690925577      
