 0.99527623977629E-02
 0.99887723083886E-02
 0.10026518601827E-01
 0.10066027097861E-01
 0.10107324793002E-01
 0.10150440238484E-01
 0.10195403930092E-01
 0.10242248713423E-01
 0.10291010208874E-01
 0.10341727261390E-01
 0.10394442420864E-01
 0.10449202460031E-01
 0.10506058937850E-01
 0.10565068817683E-01
 0.10626295151264E-01
 0.10689807841336E-01
 0.10755684498337E-01
 0.10824011409427E-01
 0.10894884641881E-01
 0.10968411307487E-01
 0.11044711020394E-01
 0.11123917588221E-01
 0.11206180985590E-01
 0.11291669671303E-01
 0.11380573325910E-01
 0.11473106106718E-01
 0.11569510543950E-01
 0.11670062237204E-01
 0.11775075558826E-01
 0.11884910635234E-01
 0.11999981965518E-01
 0.12120769159357E-01
 0.12247830449027E-01
 0.12381819877218E-01
 0.12523509421146E-01
 0.12673817843950E-01
 0.12833848864519E-01
 0.13004942470025E-01
 0.13188745142336E-01
 0.13387307927661E-01
 0.13603226560678E-01
 0.13839847002225E-01
 0.14101576244588E-01
 0.14394369421067E-01
 0.14726526618710E-01
 0.15110066340542E-01
 0.15563253903213E-01
 0.16115671786825E-01
 0.16819640718451E-01
 0.17780630086752E-01
 0.19262812454450E-01
 0.22309009599476E-01
 0.21056515249579E+01
 0.88797649887030E+01
 0.14582204592536E+02
 0.19919233583606E+02
 0.25068218753682E+02
 0.30114135855826E+02
 0.35111163555741E+02
 0.40100955176313E+02
 0.45118351658026E+02
 0.50191057917125E+02
 0.55335954319724E+02
 0.60554419113072E+02
 0.65828536614471E+02
 0.71118279284444E+02
 0.76356411042269E+02
 0.81424898092992E+02
 0.86049735804482E+02
 0.90535547953316E+02
