   4.48686179109914705528876121708657596      
   4.42510784445270278106143497381682930      
   4.36422424699009471191525063462457299      
   4.30415681255668164851243747241296944      
   4.24485486937146186012872668847164491      
   4.18627082827149699816819470574202752      
   4.12835978731724282443027093846571054      
   4.07107916836661115784834261431960926      
   4.01438838153565930460799882998806403      
   3.95824851371990115013924245365812340      
   3.90262203755594451428712575180158126      
   3.84747253735964898809269518342579579      
   3.79276444868453503487889561510096771      
   3.73846280820078658099837374529434249      
   3.68453301059552913389428209165715606      
   3.63094056913534719504162275157425940      
   3.57765087640104586048892537082033781      
   3.52462896149190223610200675497627384      
   3.47183923968649436740244155934841531      
   3.41924525011693370966638136091941495      
   3.36680937643708670280919865401324141      
   3.31449254470431347246430986702444173      
   3.26225389169986293217543925935423337      
   3.21005039561874240925224407019268721      
   3.15783645937576999774915904110199108      
   3.10556343457903561397590618093450702      
   3.05317907134706479116903721450734068      
   3.00062687535930597573989374514596768      
   2.94784534850461907876654890601484528      
   2.89476708276697210795149367661590010      
   2.84131766789557286667627040562613742      
   2.78741436098226645158083029413497639      
   2.73296444887777083190824206034937073      
   2.67786321027608039874098237242256835      
   2.62199134999677432331996683279957533      
   2.56521172838819612409398994153853553      
   2.50736513572968514455355123613902149      
   2.44826475180138387690019643837168418      
   2.38768876230978736414133574460284502      
   2.32537033863766502780339417959807948      
   2.26098375790471138543267754988981481      
   2.19412472202963657995957088892710815      
   2.12428168705573538301634692911071907      
   2.05079274920220744694618545094157476      
   1.97277829597246555287880804697476322      
   1.88903075755550624573046627815249935      
   1.79782309765793329398614628538493627      
   1.69654919590134329441100632807759095      
   1.58097288126354142721669359804761758      
   1.44340315660961252707456069659585691      
   1.26708710790340098773587115208139685      
  0.999169984971768456874505624000597581      
   2.10565164597712303445981737512806605      
   8.87976498957419938605959409686338512      
   14.5822045929878055858907650320221358      
   19.9192335839579746854731005497738198      
   25.0682187539677177042108658276850221      
   30.1141358560513563331529087384218104      
   35.1111635559137823937064239599956873      
   40.1009551765409300961767906381373715      
   45.1183516583822962387419215033663873      
   50.1910579174196296253410193451427349      
   55.3359543199312263994578026579928242      
   60.5544191132370782738260051585474469      
   65.8285366146117864110979443413389827      
   71.1182792845640826279860649975613866      
   76.3564110423693656399119752364752331      
   81.4248980930655273196487903018149643      
   86.0497358044930282670154995112612873      
   90.5355479533273802152026276386335203      
