   235.280614361362568539609003427063999      
   235.267398252924457508319097038920699      
   235.245344475392036775967365251597087      
   235.214438641348821901575936853156088      
   235.174671146490473063279982400802136      
   235.126038882337278137808917139350699      
   235.068545610200869424487290725889527      
   235.002197500463623514892899349491054      
   234.926988277986100421839513637143155      
   234.842870379550575728729137793532952      
   234.749712555023765902723233265418502      
   234.647247061358022609173265481894332      
   234.535012769682588677724099798909613      
   234.412305485818779091878045313192440      
   234.278149673379076472553120753211928      
   234.131302373627519677036844717077843      
   233.970291262243632831422606062674104      
   233.793479188048598766385983312137876      
   233.599141503055494046210285369746449      
   233.385541531419743416009277347423602      
   233.150992597543265257004770634787813      
   232.893900049136261072231983952583603      
   232.612781736683613780754980659921820      
   232.306269264760943006886105785815426      
   231.973094575456540873012595930122667      
   231.612067196780822715454558764537410      
   231.222047162630998573500926530074541      
   230.801917658223871337184470986653948      
   230.350560233557156080412380018655053      
   229.866834256485749450570475553112977      
   229.349561287188790016063109246845363      
   228.797514316513879316372192357892243      
   228.209411330536137410441067334654452      
   227.583912388064590163756416971626813      
   226.919619297295156675473007321333321      
   226.215076985493696086289919478398459      
   225.468775733974830288976273130366598      
   224.679153569669803359320686128781811      
   223.844598225917342729387206769720256      
   222.963448212940770353664199948755853      
   222.033992640875032766881135447973368      
   221.054469531640928545206589054942792      
   220.023062421419137110698117314137127      
   218.937895104564140523795209669991839      
   217.797024398730140786677151121607703      
   216.598430819393182419157845067292912      
   215.340007049381865308595635345746349      
   214.019544061609967342902578613266011      
   212.634714721281887812122812995526497      
   211.183054632635881005361012077344482      
   209.661939930620142582320328352806278      
   208.068561617356632234156352262253664      
   206.399895932002202416702458982335011      
   204.652670092353562428630401702859567      
   202.823322556101288481240260793759950      
   200.907956714492803515139712283420566      
   198.902286620725883673800114408664339      
   196.801572953966778706699803324677161      
   194.600546896283559190163393512962926      
   192.293318893942580302574230881217727      
   189.873268334463045412596290828788687      
   187.332908873770528691378121699459656      
   184.663722366227429447885317988723389      
   181.855951833905629282917049680282896      
   178.898340328207582673769134979066729      
   175.777797335373682212302097839633940      
   172.478966685907840944134320670706467      
   168.983658346471658927404870963358273      
   165.270088629585707605252544393434090      
   161.311845248180515686167046378650852      
   157.076448170604942336194426244182481      
   152.523301514799326111572832349409860      
   147.600701419834029952524808949044454      
   142.241331488557826032474536094982311      
   136.355238170707960742765711677773989      
   129.818392880110967476294404062906600      
   122.452974722805207103926202509915302      
   113.990441535887258785940752917875887      
   103.992934658185832598064418521654956      
   91.6508684180827543537491334319160220      
   75.0920715682382063439874204056813359      
   47.0249679954766803847868254873317376      
   1.39585456774859330446937149056996795E-0004
   1.29863594763421512904526005461835919E-0004
   1.18384622070130596882100633468620769E-0004
   1.06363570729710483595215811612209623E-0004
