   4.42484800815019093485458397552916390      
   4.37103207866648795124660557523140071      
   4.31840849179196983751345749608853528      
   4.26691363711100735332139141453745750      
   4.21648759950400830755982001728869954      
   4.16707379520895588428972721069801775      
   4.11861864561579092181755504788480163      
   4.07107128438039890354233533677941278      
   4.02438329391864277378173241643298138      
   3.97850846775825049364246718230550709      
   3.93340259559506561107713566479075202      
   3.88902326822592955759460556111518100      
   3.84532969981870625981949389617791977      
   3.80228256523426856792304074984187962      
   3.75984385033919039465857079978850166      
   3.71797671344375470454473357623461688      
   3.67664535617007259596229410580881659      
   3.63581490220118851750098057157058704      
   3.59545128248549156243206380847404039      
   3.55552112557262078724147977542505359      
   3.51599165183778802372750735467303922      
   3.47683057041188246645489436811128319      
   3.43800597767436586460487022969966131      
   3.39948625618505046666834603827605407      
   3.36123997292756808292905256974011323      
   3.32323577571183619288603552435241479      
   3.28544228653123020948420414422167992      
   3.24782799059137345368810006493556757      
   3.21036111961664466359984340777024430      
   3.17300952789293321612258455441068463      
   3.13574055931489231942221743129589337      
   3.09852090346348856496810609804600617      
   3.06131643843519560088739174243182039      
   3.02409205776274692164930421237283830      
   2.98681147829096599071189853502832549      
   2.94943702527573358201196612589986482      
   2.91192939022805749934256625484462521      
   2.87424735608690670249745202430405066      
   2.83634748311990841081933868177741195      
   2.79818374744454710638075711778597648      
   2.75970712213730818439778606207362660      
   2.72086508841735816134741249970035354      
   2.68160106117058628893245706260330295      
   2.64185370886094138212950044295164722      
   2.60155614229755842148441755487145228      
   2.56063493927435040724836554956138148      
   2.51900896203213961995021083427538284      
   2.47658791073035810085396341782069545      
   2.43327053704784424814853955185077097      
   2.38894241523300939748888564406786472      
   2.34347312965682303876530566063242234      
   2.29671268231629127566312725452835241      
   2.24848684135374137006036657237343608      
   2.19859102692866857524714629283040259      
   2.14678213727866625685655729945114977      
   2.09276740920792604593769812670148001      
   2.03618889931149942467288008633507040      
   1.97660130530391635306819913115907339      
   1.91343930336052127355263221352740158      
   1.84596769003529226031154372821080582      
   1.77320188920280866259915667607358407      
   1.69377418664171204371324548304789252      
   1.60569270920626129279085588701260836      
   1.50586652583196084782136884788291822      
   1.38904801308270360449429553673004276      
   1.24500986386643174314208530345998753      
   1.04828375104238737612025119821037719      
  0.676928770650544845323888456066717064      
   4.36027840985020920498082852815154053      
   9.13582487064827699081708607589244096      
   13.4686494131463747145091989474103362      
   17.5751625016214467687538511613662102      
   21.5349693034407024901741775316853424      
   25.3881432756785082219771416513221393      
   29.1581688318269389227489787710912739      
   32.8601917310887605996451351891619836      
   36.5046671953410437903605942349039923      
   40.0991708637225711148321296259639734      
   43.6493513037789195773770348119323677      
   47.1594359454969884654486071470436180      
   50.6324888519811692540227677681162764      
