 0.10370080972338E-01
 0.10432416445608E-01
 0.10497344087850E-01
 0.10564916016903E-01
 0.10635190810621E-01
 0.10708234454617E-01
 0.10784121396466E-01
 0.10862935729506E-01
 0.10944772534038E-01
 0.11029739409549E-01
 0.11117958238962E-01
 0.11209567235436E-01
 0.11304723334354E-01
 0.11403605008959E-01
 0.11506415608652E-01
 0.11613387346085E-01
 0.11724786095180E-01
 0.11840917210551E-01
 0.11962132644349E-01
 0.12088839726497E-01
 0.12221512099343E-01
 0.12360703473869E-01
 0.12507065126457E-01
 0.12661368421295E-01
 0.12824534184926E-01
 0.12997671576210E-01
 0.13182130353661E-01
 0.13379572428942E-01
 0.13592071816124E-01
 0.13822257467425E-01
 0.14073522790375E-01
 0.14350342378291E-01
 0.14658768024725E-01
 0.15007238916029E-01
 0.15407974831894E-01
 0.15879532096533E-01
 0.16451907030493E-01
 0.17177977205113E-01
 0.18163814230119E-01
 0.19673107004280E-01
 0.22727823397107E-01
 0.21021489063173E+01
 0.96934423823631E+01
 0.15980556669404E+02
 0.21817965140759E+02
 0.27418465141267E+02
 0.32887657929094E+02
 0.38295790234483E+02
 0.43697774061030E+02
 0.49137608050691E+02
 0.54645534345579E+02
 0.60232444605297E+02
 0.65885136071734E+02
 0.71563850970649E+02
 0.77200291579494E+02
 0.82689371946190E+02
 0.87838326500028E+02
 0.92314411440744E+02
 0.96699817457814E+02
 0.10103958414483E+03
 0.10533139641239E+03
 0.10957357094869E+03
 0.11376495105113E+03
 0.11790480815777E+03
 0.12199275405178E+03
 0.12602866533431E+03
 0.13001262023387E+03
 0.13394484692599E+03
 0.13782568208580E+03
 0.14165553823366E+03
