   1.68651868084807542465224201541800560      
   1.67564277393910064976094179431656018      
   1.66457939130195540899218277299379439      
   1.65334938549297472362975119332652861      
   1.64197330730812327619664244928106301      
   1.63047135152425654383068702164276231      
   1.61886331391401171784409956657803246      
   1.60716855882903462614875927224588832      
   1.59540599676441358424700718687998968      
   1.58359407144924071593300252452382718      
   1.57175075615685459053406923523133448      
   1.55989355909590055966292553747765531      
   1.54803953793681659205796490253755523      
   1.53620532375546861025425781324477569      
   1.52440715494957255694680042157797240      
   1.51266092202053289136663872458169636      
   1.50098222453912427199143564342896153      
   1.48938644216101014609187518360401674      
   1.47788882227861204083348554624432324      
   1.46650458785978487582876454822739734      
   1.45524907033825742523706753102229657      
   1.44413787424435842894776937126907165      
   1.43318708284024944439853558893656391      
   1.42241351772937404597802755063207708      
   1.41183507084697438963110525792541696      
   1.40147113538519793634744427179042691      
   1.39134317469836204772089705258506774      
   1.38147548787967699670839150576355977      
   1.37189626248050658625253044344517208      
   1.36263905789311259177203075675697477      
   1.35374495465922175699602238624961002      
   1.34526577006670121839580671612748938      
   1.33726905125667966958967392530424114      
   1.32984617347263118017767491864563239      
   1.32312616947305756245032847860293320      
   1.31730085819092116739628785425558839      
   1.31267416379264078520449910434016257      
   1.30976930111359382832113409761665913      
   1.30959930915647401397613584933296687      
   1.31454323862979193460103545039854783      
   1.33300343379870925868444237862442413      
   1.22350532131306072451122816670626762      
   1.13419156610551646764442033423789896      
   1.09487050466813906777133535937835331      
   1.06493054660342587393634456062075737      
   1.03922199877824172977217040379119283      
   1.01598081000501919659044240469657167      
  0.994403911517645497748861374563697192      
  0.974078860508241654701599509756741812      
  0.954794968803995743930686968224164944      
  0.936472410434394648601580169399786824      
  0.919134542513186607259266299730669166      
  0.902895089746791436926154738265506266      
  0.887951307455946216430870118774710238      
  0.874588949224142242696061930293187598      
  0.863229961380218003304381227363565976      
  0.854723545366288443839131058592276102      
  0.850507334998063110073719401134597317      
  0.846686574042684983150819217554949743      
  0.842966982214528290745029349015782312      
  0.839347917300385670756192613387740885      
  0.835828649446955562336618572299935283      
  0.832408368404221700982457517630050636      
  0.829086190356496787443599798091724503      
  0.825861164359816896540719426782741913      
  0.822732278404380559562672941118631235      
  0.819698465120582442004393179658759112      
  0.816758607144147630245657877672628526      
  0.813911542160849339286475431440033461      
  0.811156067642090007006394576850918655      
