 0.26859175772073E-03
 0.26859428185392E-03
 0.26859851268248E-03
 0.26860447292238E-03
 0.26861218849509E-03
 0.26862168750638E-03
 0.26863299919131E-03
 0.26864615284928E-03
 0.26866117681746E-03
 0.26867809754063E-03
 0.26869693882283E-03
 0.26871772142771E-03
 0.26874046333238E-03
 0.26876518109956E-03
 0.26879189294469E-03
 0.26882062408476E-03
 0.26885141482584E-03
 0.26888433157038E-03
 0.26891948053554E-03
 0.26895702354593E-03
 0.26899719488673E-03
 0.26904031796407E-03
 0.26908682045645E-03
 0.26913724675924E-03
 0.26919226678104E-03
 0.26925268049491E-03
 0.26931941801542E-03
 0.26939353531587E-03
 0.26947620598702E-03
 0.26956870964646E-03
 0.26967241773845E-03
 0.26978877751761E-03
 0.26991929500378E-03
 0.27006551763885E-03
 0.27022901729068E-03
 0.27041137413988E-03
 0.27061416187292E-03
 0.27083893448860E-03
 0.27108721492161E-03
 0.27136048558923E-03
 0.27166018088967E-03
 0.27198768161275E-03
 0.27234431117534E-03
 0.27273133355563E-03
 0.27314995277743E-03
 0.27360131378212E-03
 0.27408650452153E-03
 0.27460655910820E-03
 0.27516246186705E-03
 0.27575515214703E-03
 0.27638552976310E-03
 0.27705446096041E-03
 0.27776278480524E-03
 0.27851131993108E-03
 0.27930087158009E-03
 0.28013223890330E-03
 0.28100622249531E-03
 0.28192363215830E-03
 0.28288529490381E-03
 0.28389206321657E-03
 0.28494482361953E-03
 0.28604450559367E-03
 0.28719209092090E-03
 0.28838862353525E-03
 0.28963521998392E-03
 0.29093308061837E-03
 0.29228350165832E-03
 0.29368788829429E-03
 0.29514776902441E-03
 0.29666481145520E-03
 0.29824083983662E-03
 0.29987785465012E-03
 0.30157805463261E-03
 0.30334386168725E-03
 0.30517794923025E-03
 0.30708327463107E-03
 0.30906311655091E-03
 0.31112111815962E-03
 0.31326133744293E-03
 0.31548830610064E-03
 0.31780709891227E-03
 0.32022341593242E-03
 0.32274368051376E-03
 0.32537515699582E-03
 0.32812609301578E-03
 0.33100589290689E-03
 0.33402533069885E-03
 0.33719681407269E-03
 0.34053471457050E-03
 0.34405578496832E-03
 0.34777969278355E-03
 0.35172971069163E-03
 0.35593362222454E-03
 0.36042492791092E-03
 0.36524447871898E-03
 0.37044273026544E-03
 0.37608292070300E-03
 0.38224566099078E-03
 0.38903575361045E-03
 0.39659265808243E-03
 0.40510718771258E-03
 0.41484942212652E-03
 0.42621814434856E-03
 0.43983508388462E-03
 0.45674292008565E-03
 0.47888138051321E-03
 0.51048702601909E-03
 0.56389191307483E-03
 0.71662388581189E-03
 0.50947577532005E+01
 0.10951720268282E+02
 0.16247113314116E+02
 0.21295950385706E+02
 0.26213289514584E+02
 0.31061647767006E+02
 0.35884296234584E+02
 0.40716577496370E+02
 0.45589192092864E+02
 0.50526884935538E+02
 0.55544384703282E+02
 0.60641653132238E+02
 0.65800096122603E+02
 0.70979572762694E+02
 0.76112239466299E+02
 0.81068394902900E+02
 0.85638319086926E+02
 0.90141611227961E+02
 0.94594747018618E+02
 0.98996700101998E+02
 0.10334691482935E+03
 0.10764519493201E+03
 0.11189161030255E+03
 0.11608642124232E+03
 0.12023001841467E+03
 0.12432287629233E+03
 0.12836551783634E+03
 0.13235848830175E+03
 0.13630233632039E+03
 0.14019760069344E+03
 0.14404480159918E+03
