   76.7398319756034798134547517765641648      
   76.4063637414653118345447004451796353      
   76.0582090004926308456407313357908008      
   75.6953007352274215581427079422271481      
   75.3175856006181657333164948332896467      
   74.9250212818370960923546345167516534      
   74.5175738610961057821838590421076310      
   74.0952152013745488490786768017435730      
   73.6579203504464181605035903052084726      
   73.2056649644564441464129089384854671      
   72.7384227464798699709519068509082633      
   72.2561628919775179326287522115272091      
   71.7588475296948070102344391991209156      
   71.2464291433112028355942785622374367      
   70.7188479559009097288436106126675515      
   70.1760292559043733230127894154193033      
   69.6178806397305004087095908079887323      
   69.0442891421581302881180814150825624      
   68.4551182212157788481793686195693647      
   67.8502045590283945781723168256063509      
   67.2293546339712554767652113952631626      
   66.5923410121058882138674562004985266      
   65.9388982969508653257444016432174912      
   65.2687186657137703485029651553678167      
   64.5814469066446749103195215206095918      
   63.8766748554546494522328100625129183      
   63.1539351078419946069678574493858831      
   62.4126938588838663218672007046831591      
   61.6523426867632379409651321010616743      
   60.8721890558345638961506342743087076      
   60.0714452594952046957172058359392397      
   59.2492154526610607630469385252028590      
   58.4044803313700917488692366884142303      
   57.5360788953688373269650772350040798      
   56.6426865675474124392085591097854172      
   55.7227887260991769827177893759407415      
   54.7746484084952135560169526976272472      
   53.7962665372144096333021704687539298      
   52.7853324453829316756030206680393042      
   51.7391616693786602682146138558374939      
   50.6546168060711627900823811209540059      
   49.5280055158353160765391825503149805      
   48.3549471823547556188926628617613710      
   47.1301958058833679118681817261422013      
   45.8474005321316478487423205418599459      
   44.4987752507589818377079635328840191      
   43.0746320723096765852060341020633025      
   41.5627046904974113691787826154397601      
   39.9471354357232425244120657137562966      
   38.2068999118614082151984284624515898      
   36.3132386013600547538443917560286439      
   34.2252096796913953304170039287888279      
   31.8813512836657527736897413002985280      
   29.1822490718643045818605148152497443      
   25.9479160968514851340205480258899662      
   21.7845545464807097926342199179854710      
   15.4004129140775261975337610378359083      
   8.54247110988987447687728122762558608E-0004
   1.53486925727077578907085496089707327E-0004
   1.17445203494086741434556637092615570E-0004
   1.04233926610950071165543853099503599E-0004
   9.42281705088838277269166367863263254E-0005
   8.50063520713079454979833469463994941E-0005
   7.73454004720058882650223576579228824E-0005
   8.96045073701063093157038021860375396E-0005
   1.01572414127584599980149678211770984E-0004
   7.55997867643689088595688869338360159E-0005
   6.68596826824842648308221218002775686E-0005
   6.03226296075045516116414169683943681E-0005
   5.57167559276118675253556919520037777E-0005
