   76.6378626937506589725295175555738185      
   76.2977322065632494623730612736256062      
   75.9428011761220016410003867244946187      
   75.5730129329102372347326501732028280      
   75.1883237954158497625849183690629024      
   74.7887003669518164065521045927278846      
   74.3741168480514745099649709100427464      
   73.9445523710625478711703091058292234      
   73.4999883590401650100057735216979516      
   73.0404059069119496014999082924238529      
   72.5657831790743647972419442259199956      
   72.0760928140333810287908883211631228      
   71.5712993233180136849603019362069370      
   71.0513564685946773993243454610931153      
   70.5162045975760322955241927382868129      
   69.9657679158521966546910654421594393      
   69.3999516680252740839394228772869425      
   68.8186391973649014006614360994101806      
   68.2216888484533814032142879560270431      
   67.6089306717292695501093400859754390      
   66.9801628822552095367770301372726514      
   66.3351480170941485776101010526567948      
   65.6736087260242094330125662973468833      
   64.9952231184727297185832842248836480      
   64.2996195748934050238913144263326402      
   63.5863709125669657636427182768977049      
   62.8549877729404712218258167981429300      
   62.1049110687742579069903773465319426      
   61.3355032927314964094256366047869538      
   60.5460384421824315670218286961686428      
   59.7356902545840664165473107945931886      
   58.9035183692982983687650021372496985      
   58.0484519287830054919080902074902323      
   57.1692699958816320387539896695339181      
   56.2645779818029275897283519791990387      
   55.3327790331684228391559757671011011      
   54.3720389896363328793412403158311220      
   53.3802430567344886444694148775683820      
   52.3549416822262207861530506326802698      
   51.2932821874905474787069307282519601      
   50.1919213451783279290605668726540741      
   49.0469120824253434478825193766690370      
   47.8535544504671693597519455554870015      
   46.6061963055452933719678102959144045      
   45.2979616957925424376366585151891185      
   43.9203727709414250045900391175101819      
   42.4628104259142696307427679435523824      
   40.9117225778282211268130042010782272      
   39.2494218017578387943378769898146423      
   37.4521822094305589623085519800230373      
   35.4870670342199034386222702393169674      
   33.3062738526383829533382838311496057      
   30.8361075166638122913114489156456104      
   27.9526091853700841975033582999423897      
   24.4167758959521806001308756969853488      
   19.6396453854403871055216771890704121      
   10.7715287211587746118931492320879997      
   2.78374339269238744121525023182305659E-0004
   1.31545648982200405590950112939010515E-0004
   1.10769684247016682060349029452731174E-0004
   9.94516290195281724667983046620967380E-0005
   8.98032279869741974331579349216437422E-0005
   8.04649118413760684263635510526951182E-0005
   8.29481903111296137703576885142269379E-0005
   9.47214889661230135257234929784549924E-0005
   8.54711621172162031905746175507819490E-0005
   7.19325636205826535314495226401960892E-0005
   6.41269454546941940350954847099458020E-0005
   5.84795674390030725295382712748138965E-0005
   5.38739847342154429792296666801450166E-0005
