   221.395754659588794823177389549169557      
   220.660906655525650119573058744069957      
   219.897249629156994362415687391229248      
   219.104120064607997692925562955608242      
   218.280836249876453870211624116057194      
   217.426694604628887818768379145925873      
   216.540965926146965368417736278579129      
   215.622891533235531730177059904513100      
   214.671679281984015002859455905101936      
   213.686499421510109044516909172497785      
   212.666480252012121216225155466031958      
   211.610703541475006037373492806384531      
   210.518199650979234216774069489285604      
   209.387942311543749860388465999579001      
   208.218842987520826993028255012517497      
   207.009744752468984990512273463038965      
   205.759415592793519018263645157161301      
   204.466541041847929422078400906973752      
   203.129716032148502587260963093536460      
   201.747435835208226947199992925331775      
   200.318085936530133099516008325362353      
   198.839930666506657149624240210100084      
   197.311100375155535162876285207759439      
   195.729576898223660180047092493382160      
   194.093177012184356741278348994955976      
   192.399533513439652249531535961282089      
   190.646073479178457122855024713655103      
   188.829993169290721004465697569804903      
   186.948228904452408741930281339889490      
   184.997423096817237800572199473265678      
   182.973884405591908268319029566641179      
   180.873540724946416036289043860554570      
   178.691883365079706860700342170293418      
   176.423900329262604731301049791312295      
   174.063995978208725700554725473459834      
   171.605893547714448784138221612789160      
   169.042515857787046141374950583576419      
   166.365837990657424486138048684205449      
   163.566703523927735145706106626249012      
   160.634592781451301929588460654686402      
   157.557327035278768059559261755148858      
   154.320685901233138932250308262868701      
   150.907905079963799755621464276440892      
   147.299006021075948365441262112956058      
   143.469884414185095985535217918587311      
   139.391044140603916562859734377724317      
   135.025795292062603827509304303918121      
   130.327615209394876404208678483585421      
   125.236150625569334475431374407789965      
   119.670906629489569072005640216080381      
   113.520757909983237373083103643529038      
   106.625317991581081648056044500484919      
   98.7387601713062042970083240310896785      
   89.4502544442145576915646847930800675      
   77.9736836878167160897541892275700678      
   62.3902057297894224369958436703995579      
   33.5642748197139530835703720440724810      
   9.43224201915854703307414678484299285E-0004
   4.55097926608234366672004498989323435E-0004
   3.88828691544929767147567383633935839E-0004
   3.53400467538408805753903172860462085E-0004
   3.22657386130864558240531182048496287E-0004
   2.92090862924117483297435344867480587E-0004
   3.04046839332379537520712887383411071E-0004
   3.50440257717706256718142954633166017E-0004
   3.19045602644680693944442049495060420E-0004
   2.70815178850625999159363790650244071E-0004
   2.43415145224153071730155846100823485E-0004
   2.23719166871669396095399382666201824E-0004
   2.07624070501489775303081958690633880E-0004
