   1.21813763243709485564767768763105499E-0002
   1.22029310302502281252856125210278429E-0002
   1.22252511132057173712553183808358088E-0002
   1.22483617716591361108172303332154753E-0002
   1.22722900148975613006495375296189267E-0002
   1.22970648620742824582776392189304898E-0002
   1.23227175546949399745453181623431877E-0002
   1.23492817835779916928002982370619501E-0002
   1.23767939317141903227434477557789844E-0002
   1.24052933349198115756460154980126256E-0002
   1.24348225626897744929476646875382429E-0002
   1.24654277222158844190143507728733619E-0002
   1.24971587891522924959792741986978987E-0002
   1.25300699694022401900406207404996181E-0002
   1.25642200969840107805350724782872079E-0002
   1.25996730739371946796321833393919270E-0002
   1.26364983592813258211729149517131565E-0002
   1.26747715152793055869782660110650098E-0002
   1.27145748207327929521137334013672590E-0002
   1.27559979628094340703841882890658097E-0002
   1.27991388210459347073238672547574071E-0002
   1.28441043597871545660075611884020545E-0002
   1.28910116485280313436121167471670119E-0002
   1.29399890335877287214886741162166947E-0002
   1.29911774894648942778386254602447534E-0002
   1.30447321843748841853527492769638374E-0002
   1.31008243022037872008457201930780904E-0002
   1.31596431729151854443239776525725578E-0002
   1.32213987759301656177776417801313238E-0002
   1.32863246970475864235406082456419369E-0002
   1.33546816402313424267544175822512693E-0002
   1.34267616226949538924120804101649336E-0002
   1.35028930173934335584551948210026534E-0002
   1.35834466544683127284351047911076695E-0002
   1.36688432568855305108405164847819673E-0002
   1.37595625719862078205694523369218410E-0002
   1.38561546794723948460429060961369139E-0002
   1.39592541216653397116743358057384700E-0002
   1.40695977351239967751058323854522083E-0002
   1.41880473968390655563460632624400462E-0002
   1.43156193848451292243745932475089674E-0002
   1.44535227748742675714953741023552650E-0002
   1.46032103870165049858580442404294902E-0002
   1.47664474869732480067824339013824344E-0002
   1.49454061294949163713882453115701016E-0002
   1.51427974116173236632958338071703071E-0002
   1.53620612868166268275985042346682486E-0002
   1.56076465047514130391221920680393395E-0002
   1.58854368094020120345976174355487420E-0002
   1.62034247438482303668804763534329764E-0002
   1.65728264530772723127899408289198178E-0002
   1.70100321557605114093269640667205485E-0002
   1.75402678344003653920632846171706465E-0002
   1.82051296571673693816372046723074286E-0002
   1.90801484465444490884342267911656088E-0002
   2.03239153923830988613429625883095089E-0002
   2.23635516406870964050692284349149236E-0002
   2.72513956570761212972531279255060676E-0002
   3.33429381487720546755919065016076076      
   8.99826558132585013778479915833119147      
   13.9282016099707604945141690022183782      
   18.5093426153238525997759468812069515      
   22.8641418284380812258988846560090990      
   27.0519731601918214637402696854740023      
   31.1073598753769160717926522165929160      
   35.0526638203241668062076718730061289      
   38.9034570780845245719510889668876189      
   42.6711369559139332427562144872748720      
   46.3643133072991270336611686971784134      
   49.9895836205394850835213281484554951      
   53.5519772801836352996287794137769709      
   57.0552095544741712840020791375184606      
   60.5018181651515907512871053876547227      
   63.8932160771354788037710830367375502      
   67.2296596125101996984821705852825749      
   70.5100626194720026412247128410026805      
   73.7311718921684371781117870285789687      
   76.8873281421018029154401430548358361      
   79.9808584969055711695939280494859232      
   83.0140323489240810182385166299430850      
   85.9890066927897416263092864808369562      
