   66.1349193267011887759830334324627691      
   65.2424673398800721303340328690306148      
   64.3256203356162226250390246777321343      
   63.3841622302955390154554536980856274      
   62.4177582551168919630707891013324652      
   61.4259359876389073710415515723982041      
   60.4080631891363423209308195243827470      
   59.3633215655293630760018909375009581      
   58.2906752910631814909696212905350515      
   57.1888327498581246625179616200025554      
   56.0561994138290950562584600496530195      
   54.8908190146613452849174860199523381      
   53.6902990716902773311152034734927510      
   52.4517152319281568646758289144887351      
   51.1714864819181969746620386422829074      
   49.8452096415551503075680793057895931      
   48.4674358696994475619522942382638014      
   47.0313628578383817260320883031797361      
   45.5284015777961571687952615283579832      
   43.9475515156844650484840701388683468      
   42.2744749597394602888124794405514835      
   40.4900825209226113436203712017191818      
   38.5682930585906172153101985504781541      
   36.4723261670801109381772467083478261      
   34.1481825053531125566654980881505263      
   31.5120348564913533262914329067691224      
   28.4217372977100497923109988738306487      
   24.5959840723636377546015630079939975      
   19.2933095798440396900016744283222532      
   7.48826215773090278488948034062742827      
   1.48893959188655195775727652601886141E-0004
   9.66220402392037177062379596195572055E-0005
   7.95861694640283127573709565093370642E-0005
   6.57855985690280403725190183762478217E-0005
   5.63341441576565549324817719989318555E-0005
   6.22660644873469668771924629014170394E-0005
   7.12997614398806699917085433733910539E-0005
   7.44186578758076523341199250545774953E-0005
   7.97338446468399266322306626717313202E-0005
   9.33215114664292209175202931519311918E-0005
   7.26502562452340058250825710735132948E-0005
   6.18307883954482243490091151498764513E-0005
   5.56012249269110371950914916148546691E-0005
   4.99718809817544704264877674110384357E-0005
   4.10058068310234575034272812715342130E-0005
   1.55511991531254317554383391258553547E-0005
   1.55459630434351282814259267005308834E-0005
   1.55416537883696844296793308476726611E-0005
   1.55380823568417602593887180089564743E-0005
   1.55351023751110189166595588655247755E-0005
   1.55325997251018971925892535492513367E-0005
   1.55304848472598960426614134200522676E-0005
   1.55286870023033305065608279755348339E-0005
   1.55271499643236442562774097854296854E-0005
   1.55258287677823542205276434946732855E-0005
   1.55246872357772414877556877971766792E-0005
   1.55236960910718316038031628831485601E-0005
   1.55228315043391074069150279499624224E-0005
   1.55220739722350824775745787692584314E-0005
   1.55214074456247325527387980995355492E-0005
   1.55208186485256724952373160094129875E-0005
   1.55202965432085438854773696775857463E-0005
   1.55198319078784971730306901731052976E-0005
   1.55194170015156152213534805515186800E-0005
   1.55190452965324935732769609314143408E-0005
   1.55187112644621024153485657025759728E-0005
   1.55184102033176564550830610176294880E-0005
   1.55181380978578036494352478865973206E-0005
   1.55178915059590059665752320160530201E-0005
   1.55176674657986806404907284645538666E-0005
