   6.28801607246854104160732675819403813      
   6.32119405826178672653754179161554602      
   6.35507232546974140367265858328723248      
   6.38961124155261843426737095693205834      
   6.42477000239553121085993330771529961      
   6.46050649968005206459805625131543584      
   6.49677714975004362503710419028093638      
   6.53353667539610399318678394123870202      
   6.57073782862365152478829169664543694      
   6.60833103791883699056624327418011963      
   6.64626395722035582265317445030408277      
   6.68448088487260179626965594715295500      
   6.72292200790228360914936712151665851      
   6.76152240780577508782592667491069080      
   6.80021073496534712194405494848296953      
   6.83890741350502044447804959681727129      
   6.87752216563433980493036112637664792      
   6.91595052365901281905416025067515492      
   6.95406878917049633713831732340519954      
   6.99172652253094862680170102570036798      
   7.02873493220785998299051361517718239      
   7.06484810345628406994602741407777582      
   7.09973096078520762118362412314311436      
   7.13290094640033509602575842606919084      
   7.16361362360801130175010257001139975      
   7.19061832485478437730854798481703785      
   7.21157615070263659349902805036499784      
   7.22138025274798210425048915656585377      
   7.20480932115144214669502729592883048      
   7.01110317119451060137836129687161953      
   7.77126157417515755563576693346583977      
   7.93389752514989547937103289747062681      
   8.06100197202417188089047894888534750      
   8.17658612568216567526870226136671523      
   8.28847758735010170547162852920665495      
   8.40026184754349499157038539494655315      
   8.51369403144038717157700187830276885      
   8.62936695021187042198631230927876223      
   8.74682846919019862817737671027628592      
   8.86453146827185074114553992178951879      
   8.97981051865277756879493648196183401      
   9.08893603892439803896837219596846194      
   9.18715722565549825516135394789667924      
   9.26844540446193505239821215317506562      
   9.32357019585355730583146904319526200      
   9.33260819408759892405079265204921108      
   9.33268453785140683429939748237122709      
   9.33274693438215358377531426753180158      
   9.33278238028937681112353164355278030      
   9.33277894539770491059520038846741911      
   9.33272571147153218445835656401145431      
   9.33261271395172519098901798084638953      
   9.33243088653274557834916516367672290      
   9.33217200846451007522198862135949797      
   9.33182865443550267943709293322273472      
   9.33139414692057595178369580683806675      
   9.33086251088438713632484785856424035      
   9.33022843072522501290321109071504124      
   9.32948720936103358416103389147303301      
   9.32863472936668348576793463770637640      
   9.32766741606552358999705414855548785      
   9.32658220249486926957505663222233925      
   9.32537649615883662339062163423545939      
   9.32404814750780157905940026976309557      
   9.32259542000750351230279354709829350      
   9.32101696183814089167048559742583575      
   9.31931177904334274117081546649657971      
   9.31747921012572338620070114634304202      
   9.31551890200630967561340560057684328      
   9.31343078728981792739898032046832597      
