 0.11033565831429E-01
 0.11138042129027E-01
 0.11247156552830E-01
 0.11361124618245E-01
 0.11480193077335E-01
 0.11604645430509E-01
 0.11734808649523E-01
 0.11871061451986E-01
 0.12013844582687E-01
 0.12163673719190E-01
 0.12321155850717E-01
 0.12487010315601E-01
 0.12662096179381E-01
 0.12847448383859E-01
 0.13044326248526E-01
 0.13254279718482E-01
 0.13479241682514E-01
 0.13721659557803E-01
 0.13984687709112E-01
 0.14272477186800E-01
 0.14590626981339E-01
 0.14946915059901E-01
 0.15352539368494E-01
 0.15824348836691E-01
 0.16389162563179E-01
 0.17093042701037E-01
 0.18024543299088E-01
 0.19388869542461E-01
 0.21866655470585E-01
 0.34623992254309E-01
 0.96111408511331E+01
 0.17289169959134E+02
 0.24205343080838E+02
 0.30729243369976E+02
 0.37040491569303E+02
 0.43264144019625E+02
 0.49503586078632E+02
 0.55842906827355E+02
 0.62334540846831E+02
 0.68984992458202E+02
 0.75748567061767E+02
 0.82529678723693E+02
 0.89186686686277E+02
 0.95525328774981E+02
 0.10123884821350E+03
 0.10565450863534E+03
 0.10978170287907E+03
 0.11387721561334E+03
 0.11793644853568E+03
 0.12195562291804E+03
 0.12593171278090E+03
 0.12986236110354E+03
 0.13374578976712E+03
 0.13758071069012E+03
 0.14136624288257E+03
 0.14510183802570E+03
 0.14878721565845E+03
 0.15242230803175E+03
 0.15600721406751E+03
 0.15954216152129E+03
 0.16302747630703E+03
 0.16646355792783E+03
 0.16985086001599E+03
 0.17318987508466E+03
 0.17648112270611E+03
 0.17972514045043E+03
 0.18292247702260E+03
 0.18607368713666E+03
 0.18917932774915E+03
 0.19223995534654E+03
