   4.09924191547665561104722498975009052      
   4.02034273530787067685604186498086762      
   3.94206309879888591911603909612488172      
   3.86432336862231042082800680606912320      
   3.78704165541511043014999256548560691      
   3.71013269349600290990056304014617823      
   3.63350658866618788354799439226130163      
   3.55706739096343563190041219870178477      
   3.48071143173621958251060443453771108      
   3.40432534548920794264129642403344525      
   3.32778367020989956768536605393345327      
   3.25094588161949950262469480638350463      
   3.17365266124053687342087632422937456      
   3.09572111620206413721847692499161769      
   3.01693854548574582261472668909012621      
   2.93705415831685192808791200843167369      
   2.85576785390901463795478973677257060      
   2.77271469496753211637271295688154392      
   2.68744291929570413789342291843794151      
   2.59938199080906939411975110704073340      
   2.50779482111733248867447903719651026      
   2.41170393338178255162116932775023316      
   2.30977288788200012800926735224167373      
   2.20010664072019244897967341099724957      
   2.07989327126661044552302377945633434      
   1.94469591156021180613998518659781684      
   1.78682141322303498734076290186903878      
   1.59060082598009329200470792653827623      
   1.31296541071382025723220843915168414      
  0.623682028546194664242540629770256037      
   9.61114085205027149584045976485588456      
   17.2891699595263814020533275808498874      
   24.2053430811067228912952189641652895      
   30.7292433701612348483190038266299289      
   37.0404915694405655696808987550649300      
   43.2641440197947068826590116099030011      
   49.5035860788571479553761348009215942      
   55.8429068276049780377100354051855827      
   62.3345408471250683039680055728595005      
   68.9849924586184405264998975245953098      
   75.7485670620294259448565317691108177      
   82.5296787238909858557723188960301260      
   89.1866866864429611745456996824597195      
   95.5253287751200281556938808680804010      
   101.238848213599032005666379923249511      
   105.654508635351339507348175159829747      
   109.781702879086807958288897999551482      
   113.877215613356570292061424829026675      
   117.936448535689479322077558113097427      
   121.955622918057314399332765373236601      
   125.931712780910690122401074943762651      
   129.862361103556957203822150433385901      
   133.745789767138139989348615918059728      
   137.580710690138076585027179753954302      
   141.366242882579037867131040768519997      
   145.101838025718154257464995194714695      
   148.787215658460564531809617545398441      
   152.422308031758726270804819326916222      
   156.007214067527526434696486008101564      
   159.542161521304285237468711347696089      
   163.027476307041976508843093795505288      
   166.463557927845992649719739014759247      
   169.850860016004748960421384415303576      
   173.189875084675045525459791383474287      
   176.481122706119141158320326438540658      
   179.725140450440066927122120971346549      
   182.922477022610187141396813467757407      
   186.073687136673021032938605512295188      
   189.179327749165003486329906246967855      
   192.239955346549066804926352088889099      
