 0.85241612091311E-05
 0.85242358010851E-05
 0.85243607661343E-05
 0.85245367376281E-05
 0.85247644351056E-05
 0.85250446399460E-05
 0.85253781714614E-05
 0.85257658633421E-05
 0.85262085410084E-05
 0.85267070005750E-05
 0.85272619900604E-05
 0.85278741933937E-05
 0.85285442179460E-05
 0.85292725870825E-05
 0.85300597411339E-05
 0.85309060531061E-05
 0.85318118689165E-05
 0.85327775842657E-05
 0.85338037701421E-05
 0.85348913553516E-05
 0.85360418679031E-05
 0.85372577289571E-05
 0.85385425851864E-05
 0.85399016594994E-05
 0.85413420969606E-05
 0.85428732828195E-05
 0.85445071122166E-05
 0.85462581957660E-05
 0.85481439909196E-05
 0.85501848548421E-05
 0.85524040200659E-05
 0.85548274987535E-05
 0.85574839249200E-05
 0.85604043463217E-05
 0.85636219789164E-05
 0.85671719370793E-05
 0.85710909522229E-05
 0.85754170913743E-05
 0.85801894857237E-05
 0.85854480775254E-05
 0.85912333918651E-05
 0.85975863381631E-05
 0.86045480446311E-05
 0.86121597275528E-05
 0.86204625960087E-05
