   72.4479686713211523636435429302469931      
   72.4427898225568931458862647503594020      
   72.4341425365726917311253079085307282      
   72.4220180478594774550506561046745085      
   72.4064090238219369466511205158334879      
   72.3873103895388022917277894520855784      
   72.3647200133366972128807630239540091      
   72.3386392326648343044284836408320904      
   72.3090732071642616431974432855393859      
   72.2760310942603443052696748044685593      
   72.2395260388232366620653204744406056      
   72.1995749497090789495693180468359543      
   72.1561980124453789915649140055880150      
   72.1094178734155757708060763702929796      
   72.0592584364080841642580953346157862      
   72.0057432410776528653318156085694153      
   71.9488934430894383836911888116698220      
   71.8887254798146184220339664608504307      
   71.8252485704680013376594240769036247      
   71.7584622505160781022632990100595196      
   71.6883541643095847432378933966509045      
   71.6148983304618913306884445734355215      
   71.5380540525635297332099528302006070      
   71.4577655816148027952730885854432110      
   71.3739625587215349232952737500699260      
   71.2865611905844628957636794607225037      
   71.1954660471960774566156037879489691      
   71.1005723277768935436331240066970631      
   71.0017684195556741344888848688891598      
   70.8989385728873749192061563790988947      
   70.7919655312524308922824549636305886      
   70.6807329806263215629982291154362496      
   70.5651277143291789725188515582910096      
   70.4450414423292096798113886549924493      
   70.3203722048075418230042275675605124      
   70.1910253765129807202380784126595225      
   70.0569142700234694468550791498833425      
   69.9179603622706518176581651125795799      
   69.7740931799152213645059455482498997      
   69.6252498860361410656932263785864231      
   69.4713746139096693206414201750688928      
   69.3124175941968546392363458323208208      
   69.1483341203630405395563492144492623      
   68.9790833942355743953878325869088595      
   68.8046272897702676610300621716610130      
   68.6249290687271275484941194889075075      
   68.4399520773492513976190408258054258      
   68.2496584485004282391744140685240886      
   68.0540078292019457023007401389818199      
   67.8529561492212075664435510633872729      
   67.6464544423697445114119176019193754      
   67.4344477285124102496761514381640553      
   67.2168739609974527501241374008486007      
   66.9936630412938168216567495505170423      
   66.7647359000675226128056521164760106      
   66.5300036417316911907343248261405196      
   66.2893667476384637024107975709829795      
   66.0427143315272632619148898086401741      
   65.7899234395616214336359404574893730      
   65.5308583862484711126891126108642326      
   65.2653701166945480109442116270920747      
   64.9932955849800905688789726890052677      
   64.7144571378729901148726671207427991      
   64.4286618926339391693576505854864714      
   64.1357010972241322947354694421216489      
   63.8353494607910861068349107148155234      
   63.5273644418248459820370670032916741      
   63.2114854808122325564489979171038518      
   62.8874331635244509830908062841473417      
   62.5549083002096997275107052466673774      
   62.2135909048812182920636464264223469      
   61.8631390575376882792641950432511708      
   61.5031876304677403248708974096051806      
   61.1333468577059082825820183019789980      
   60.7532007241373474751863095932947184      
   60.3623051475975188898037591294317713      
   59.9601859234567724861692240195472278      
   59.5463363964674890606549218233852349      
   59.1202148188971082287669590246598985      
   58.6812413469348661001636354987222474      
   58.2287946187430009589624235961045493      
   57.7622078469429495742112419293351883      
   57.2807643452860762783539979140154772      
   56.7836923931200817009062528552819434      
   56.2701593211917606583621785241119956      
   55.7392646772263191014422420219764948      
   55.1900322981457051433659249584604808      
   54.6214010757924879818752482258297806      
   54.0322141520027208738865055926680892      
   53.4212062132749699919669093270249862      
   52.7869884702353844186151812039907741      
   52.1280307958350884266904017281779166      
   51.4426403492305610059748158880927931      
   50.7289358160646607178961357921886713      
   49.9848161308863446772273946893084870      
   49.2079221851849794618443678621265301      
   48.3955895225214554609553886687472267      
   47.5447893162641974582867206732369125      
   46.6520539163052260734452309393277404      
   45.7133817824176425427731228191349921      
   44.7241144409492901804026906443740079      
   43.6787747890976521419161276403349796      
   42.5708509102574018106462125697824928      
   41.3925012869308988250394914578133561      
   40.1341435734121641546826143142048811      
   38.7838654407402163593984683069530891      
   37.3265533816287619764798731532076301      
   35.7425543693712328753729038968230356      
   34.0055213631847921872362943777667640      
   32.0787356696591588130033108327025739      
   29.9083392764118529061442686371565522      
   27.4095728852514782465988698751759448      
   24.4345746076894405550739689112399348      
   20.6786971547399219605607627701776272      
   15.2680055628004324638825436708764644      
   1.11322475541756367178309561753462001E-0004
   1.07052640524501096280465764508837327E-0004
   1.03042248055466096836640108115517513E-0004
   9.90074702230392044414129879034374803E-0005
   9.50025115749631621095885496900055782E-0005
