 0.13585207522281E-01
 0.13933940440990E-01
 0.14327375393075E-01
 0.14780600121166E-01
 0.15319418262307E-01
 0.15993789585010E-01
 0.16915737208343E-01
 0.18346132675098E-01
 0.21221170546611E-01
 0.53737854138428E+01
 0.21455831861943E+02
 0.33292259398313E+02
 0.43622894146376E+02
 0.53259665674110E+02
 0.62693253517434E+02
 0.72356147439939E+02
 0.82741842087688E+02
 0.94462659192205E+02
 0.10816888342949E+03
 0.12426140392590E+03
 0.14261338845922E+03
 0.16249938153819E+03
 0.18257993841018E+03
 0.20087084066418E+03
 0.21465733909771E+03
 0.21892214176222E+03
 0.21893850718277E+03
 0.21920424581177E+03
 0.21968633894131E+03
 0.22035500427523E+03
 0.22118359922526E+03
 0.22214848320462E+03
 0.22322883980072E+03
 0.22440646675889E+03
 0.22566554492586E+03
 0.22699239773457E+03
 0.22837525153098E+03
 0.22980400492405E+03
 0.23127001299012E+03
 0.23276588996308E+03
 0.23428533218823E+03
 0.23582296168270E+03
 0.23737418962277E+03
 0.23893509841454E+03
 0.24050234063048E+03
 0.24207305293637E+03
 0.24364478312715E+03
 0.24521542848083E+03
 0.24678318378850E+03
 0.24834649759253E+03
 0.24990403534789E+03
 0.25145464839708E+03
 0.25299734781249E+03
 0.25453128230617E+03
 0.25605571953490E+03
 0.25757003023883E+03
 0.25907367474701E+03
 0.26056619146022E+03
 0.26204718699105E+03
 0.26351632769324E+03
 0.26497333236046E+03
 0.26641796591051E+03
 0.26785003390566E+03
 0.26926937777944E+03
 0.27067587066831E+03
 0.27206941375908E+03
 0.27344993307925E+03
 0.27481737666896E+03
 0.27617171208288E+03
 0.27751292417848E+03
