   3.36896727895933594967314734433013890      
   3.24362601808854699636118340604151196      
   3.11215841983385309274514168096634632      
   2.97193341295612280632253083420586978      
   2.81858664406621095899958273920148341      
   2.64402718077587166430109432322270822      
   2.43160111178051086589751795785729342      
   2.15048025175061449438624850589893342      
   1.71782811253452143440361409449170382      
   5.37378542104226123919321867838856270      
   21.4558318624892290130046166906623397      
   33.2922593987496091175594652577910918      
   43.6228941467203110558553524604471159      
   53.2596656743282296581174313337952112      
   62.6932535175622064461652435146191172      
   72.3561474400262129422766467021714065      
   82.7418420877602077799175565751738844      
   94.4626591922642821707658816794939655      
   108.168883429536080936469041407553014      
   124.261403925954263696979459450081521      
   142.613388459290896925777669297091081      
   162.499381538261589969330293020781375      
   182.579938410254483228789486643683488      
   200.870840664252620581534592515143257      
   214.657339097780673777148268112843093      
   218.922141762232372850966649714628321      
   218.938507182779460404789586238972324      
   219.204245811782947528840525022462708      
   219.686338941315149995384433131237619      
   220.355004275237813291469537769644526      
   221.183599225272393780021281892643653      
   222.148483204626931390087032935362240      
   223.228839800732852473720535769578581      
   224.406466758898776028704113044297911      
   225.665544925874418812285738974853753      
   226.992397734579041955952138917396168      
   228.375251530995061309249137099695996      
   229.804004924066684227317102054388531      
   231.270012990136807821172682924340510      
   232.765889963094074719965948282833157      
   234.285332188240970195552780829053337      
   235.822961682711227297896886840207962      
   237.374189622777798506847126282847758      
   238.935098414552396983219940666197104      
   240.502340630488469903903647252063340      
   242.073052936386849384896516546702837      
   243.644783127162803062575379746012194      
   245.215428480844806716310464611884532      
   246.783183788510093000783993349415974      
   248.346497592540773495635558251391127      
   249.904035347907206855562130578023082      
   251.454648397087463447755870462721257      
   252.997347812498570239605472483207057      
   254.531282306186263432874946461625453      
   256.055719534909701883439671213037899      
   257.570030238837199233985113218861321      
   259.073674747020578977576354277197207      
   260.566191460234022751783983265544021      
   262.047186991064751865725095801141512      
   263.516327693253223765457380550418418      
   264.973332360471261236192749695504036      
   266.417965910522313598881459464621737      
   267.850033905673437170201344874950093      
   269.269377779455816874433666266474750      
   270.675870668322812973144286284099205      
   272.069413759092967281181108546855656      
   273.449933079263097075168828579032743      
   274.817376668966586091428951405344444      
   276.171712082894450145254697573473031      
   277.512924178490540182347879839303233      
