   1.18810729699922355504350777452844238      
   1.16201631389193923848645627194836587      
   1.13621017775277835590274533076750640      
   1.11079683823171830231880805828621531      
   1.08592214648962483579325908451770294      
   1.06179991711003193292554617538193439      
   1.03884494697415109301009317410219461      
   1.01876725419812397003011777035613953      
   1.00772643138071826061494136034426291      
  0.910657536153638735404878138150448792      
  0.859618120482937352384043236999142611      
  0.833187727393357026070894143415271885      
  0.805563516223689392669921450617968375      
  0.773194085142482902650299261949119375      
  0.735319666832563279845371139319738342      
  0.692004459021191517874461991793760407      
  0.643651172567985429851915631473445937      
  0.591033274582347256231220684429207425      
  0.535625221245386681987919294846293318      
  0.479830149198089040022974630094177906      
  0.426703082710113371909692042066251823      
  0.379312476449479175857554508190701409      
  0.340219778183765876047454127330328673      
  0.311391769276584137114183551348085979      
  0.294757934236521275700937423729532136      
  0.295809315725517145616723136882164924      
  0.304335926455789265810811764844085787      
  0.312730706177705880560300617098958634      
  0.320995141379949942768252533595435956      
  0.329130741601988193172254681000320814      
  0.337139034902318893829213033760765313      
  0.345021563960127126040823701819352230      
  0.352779882731082438266730066425692683      
  0.360415553585341408253211694500460511      
  0.367930144863869274586246784176549270      
  0.375325228795287451714484472529518375      
  0.382602379722603939095174447553910005      
  0.389763172594164174369679454423506042      
  0.396809181678912153930049411467857993      
  0.403741979471132124067722037549539278      
  0.410563135752962952957963387587470602      
  0.417274216789030433687811037715098566      
  0.423876784628929274974173784223740532      
  0.430372396498014937643790025908891321      
  0.436762604259235903578427524780024968      
  0.443048953931297134823974347737572250      
  0.449232985250831006770651992418922213      
  0.455316231268566542116610597380637469      
  0.461300217970319382646477779056246196      
  0.467186463916515662870430061869229622      
  0.472976479894086882701343043455460321      
  0.478671768576814803755362643213888707      
  0.484273824190179697857543502997988519      
  0.489784132178668054167598472010470196      
  0.495204168873231091771217296753284781      
  0.500535401158912557661211618204801738      
  0.505779286139104290039633453965357793      
  0.510937270801772106651238231265063292      
  0.516010791680731792568545113105988002      
  0.521001274518410986766487248468678689      
  0.525910133927111539314058446775915182      
  0.530738773054056603420237022223036447      
  0.535488583241329537884735846545684822      
  0.540160943696836091142446519665896868      
  0.544757221163908914909321126280422269      
  0.549278769597279320638490339604014070      
  0.553726929845539482473889282064729148      
  0.558103029340653829510711387147205642      
  0.562408381795794927436551988596828762      
  0.566644286912918904597274242936705789      
