   8.11658608977245564551095997037892380E-0002
   3.13496486916868415841430095540058579      
   3.26324635038406641095801795405514189      
   3.39678583466199059618570209395408516      
   3.53580212005606672337504862628666637      
   3.68052284334617024043406280062087867      
   3.83118486140723137050904062677881931      
   3.98803464785009420379936853916895018      
   4.15132870565012308719027753103121054      
   4.32133399650798188955589084470896741      
   4.49832838771708593726566526512015245      
   4.68260111734368797948008077097905585      
   4.87445327855844892917730230950022622      
   5.07419832399268395881586327279483987      
   5.28216259102827083953382086424309623      
   5.49868584896744957791578077070160586      
   5.72412186906740196802883987621197756      
   5.95883901846452814836322748220307533      
   6.20322087905466294049933200385085096      
   6.45766689243799860893638136976183513      
   6.72259303208107116410595258328653737      
   6.99843250389265407776391275826500997      
   7.28563647645556960624332800478902218      
   7.58467484220200186043968817609986460      
   7.89603701086553950744781395832265901      
   8.22023273658847340575167814002230667      
   8.55779298010731644912615461663632766      
   8.90927080748248012311835875182498587      
   9.27524232687878464378889070932709480      
   9.65630766494109425266451507737186269      
   10.0530919843427670964145671141269568      
   10.4662465441124933908571152509333839      
   10.8964498043659071317925157034235908      
   11.3444085770802451532714034226040572      
   11.8108592245510866554749158706795197      
   12.2965689071572179126736088504743207      
   12.8023368820298248499219575956270488      
   13.3289958541718427497822549104765702      
   13.8774133814980367105688401045086572      
   14.4484933351611087897345127214186623      
   15.0431774163877617651860537086613977      
   15.6624467308640395340652857268881070      
   16.3073234214730062380866085749177390      
   16.9788723598899495735748204316886876      
   17.6782028971692749694455098530117869      
   18.4064706729992576050272196480506845      
   19.1648794827399666176140961442737913      
   19.9546832006771047907746845825872021      
   20.7771877570983086201991088952176458      
   21.6337531658030044562602417674902602      
   22.5257955974623205705429463510147287      
   23.4547894928170683486114267322496586      
   24.4222697079989900881670198803489798      
   25.4298336822364672122099324971990379      
   26.4791436158064420404105513705078592      
   27.5719286432567496046508026430902226      
   28.7099869835752530062359352688750858      
   29.8951880450413020547660942715363227      
   31.1294744578665470586515012035940483      
   32.4148640023086472707385643673279863      
   33.7534513936021160551361082891540539      
   35.1474098776610143215147683839772975      
   36.5989925829213924036102425827395720      
   38.1105335637502014453248526063578794      
   39.6844484593898308424974667351701283      
   41.3232346792753956160069580059671418      
   43.0294710106151323117503917379167243      
   44.8058165272611315718921364787845120      
   46.6550086600842562245995408113210589      
   48.5798602683763517987554544499963728      
   50.5832555294633443793522134215553713      
   52.6681444401652217811348148556209291      
   54.8375356996936871498240005285031319      
   57.0944877200603783895712895066810128      
   59.4420974884250703741827068390766672      
   61.8834869876451350946198216931417993      
   64.4217868682485063408279511857297421      
   67.0601170584405214033706271921433213      
   69.8015639988101490457392199765862817      
   72.6491541932265951154658881859815056      
   75.6058237714859502088986478153224091      
   78.6743837515708661029610003358231778      
   81.8574806514676265815186148484798906      
   85.1575520048936078235731467666346172      
   88.5767761454168429491502198676838103      
   92.1170152963401813168027349577348901      
   95.7797504983365401350248980665999985      
   99.5660062016784672023228657339665192      
   103.476261476033539757247149508140607      
   107.510343887919764281774201113923634      
   111.667301498224509969993525423896612      
   115.945248774832421825527137396606667      
   120.341184504292927895945097352904125      
   124.850785273252757050438448318556184      
   129.468187673725827645507357311928284      
   134.185785308365863930763007350097977      
   138.994078878718544635089770257594412      
   143.881621465668663795904726447284589      
   148.835088737705549487274666490288054      
   153.839474536739949698406988383652026      
