   6.83967228823494642906611602147822944E-0004
   1.45745134163480894175970313006452002E-0002
   1.51949157963191571779930675176915723E-0002
   1.58401597748321755313791208420692378E-0002
   1.65112853147399092466808648018195769E-0002
   1.72093749470870752534254963586089334E-0002
   1.79355555557435593998975331221317430E-0002
   1.86910002372040499238277465079052471E-0002
   1.94769302389021483201063992370294266E-0002
   2.02946169795710393109856839986609925E-0002
   2.11453841553658523839503912974865593E-0002
   2.20306099356477546544761902311877129E-0002
   2.29517292525188680162946909713760565E-0002
   2.39102361883921772085239217555661302E-0002
   2.49076864660832434613441142385158819E-0002
   2.59457000461220662263241878010898164E-0002
   2.70259638362049552189402560480645862E-0002
   2.81502345179387469511742704091917989E-0002
   2.93203414962739634923757500002063440E-0002
   3.05381899772803067488713425824594947E-0002
   3.18057641801878649439891373641835230E-0002
   3.31251306899011584811911036853893502E-0002
   3.44984419564911748517514206353842037E-0002
   3.59279399484832636995066530334198388E-0002
   3.74159599670865239106231257541459393E-0002
   3.89649346288533538250447445156252520E-0002
   4.05773980246162709967913600755346741E-0002
   4.22559900629229086048588254380623431E-0002
   4.40034610065790462956862821351626287E-0002
   4.58226762113132002325629075898063414E-0002
   4.77166210759939481418911698705054327E-0002
   4.96884062142617601910767194243428822E-0002
   5.17412728578791422410326028186389934E-0002
   5.38785985025543913698542412439509506E-0002
   5.61039028074525833068905410130429078E-0002
   5.84208537600691696262924900950775754E-0002
   6.08332741186024426965176327367450153E-0002
   6.33451481444156932325544870343932443E-0002
   6.59606286376213509747213274555601398E-0002
   6.86840442892393529466252338524706836E-0002
   7.15199073637700677398418215221687698E-0002
   7.44729217263656136609757364720596394E-0002
   7.75479912290669717112315109879818423E-0002
   8.07502284707788610492600453451152281E-0002
   8.40849639457578342345248038141008006E-0002
   8.75577555953633888490614261310439752E-0002
   9.11743987776351348332021485994693844E-0002
   9.49409366688717014335226498099979129E-0002
   9.88636711107528506854928768260894103E-0002
  0.102949173915610150908477032431479514      
  0.107204298641148459417395671545304263      
  0.111636192844174048672774475859830335      
  0.116252310820605726219800601651817459      
  0.121060426836128180166448345896225534      
  0.126068648848170441595783182482093827      
  0.131285432715315997761186039161129281      
  0.136719596884613023223176479652323334      
  0.142380337540368560447784190868528166      
  0.148277244189670554464032805638599860      
  0.154420315649853271527726766485915067      
  0.160819976391150044020784074901870070      
  0.167487093173591391808674996240147353      
  0.174432991900531012005343327754240957      
  0.181669474591757914054848429853848720      
  0.189208836356771465484463539277113981      
  0.197063882223352460171483905802067390      
  0.205247943648135757828844915764269353      
  0.213774894504854644474571956637941923      
  0.222659166313115289361390755506255350      
  0.231915762437467430628495716324029810      
  0.241560270955587285361409010191410683      
  0.251608875869235789646519204064143630      
  0.262078366317510861616047328695524144      
  0.272986143455820590246281056894726080      
  0.284350224694964012946026987993013832      
  0.296189245063457325083699252197953331      
  0.308522455574454643389270787515688224      
  0.321369718657117806669097383171748839      
  0.334751500957963060254394593233748946      
  0.348688864128580523928719814279639703      
  0.363203454574501980134650352953446329      
  0.378317493503886544535317092520790713      
  0.394053768908522326401421132978568291      
  0.410435631216772959975871508440129928      
  0.427486994119680225447437760515945061      
  0.445232341299074922376296235469719202      
  0.463696738300965568910221346946163241      
  0.482905846512565039474160355030971315      
  0.502885933284079356729331536617003184      
  0.523663869385085853294374952061228161      
  0.545267103865022338911936039630278488      
  0.567723610194389803440468327096067322      
  0.591061811460980187289443279374072307      
  0.615310523066135080139330493552338431      
  0.640499004295739238786674408430529621      
  0.666657283383612909143086732838053568      
  0.693816996658642061387061027308990590      
  0.722013025608530893034254368199234460      
  0.751286188907490336445550238028739301      
  0.781687146240097407962966254429820855      
