   72.4479686713211523634115126439277605      
   72.4427898221931648827133660475979425      
   72.4341420034263505429233207564001047      
   72.4219952049654310062948507268655533      
   72.4061762599304424060103370437159530      
   72.3861665579478899167623274760198766      
   72.3610371963760086104375509923701117      
   72.3295669616325961864580113370206923      
   72.2904122202380294419343078193178071      
   72.2422198207746631760884792377405121      
   72.1836544012583591677935050736127321      
   72.1133766482350505075013859686098127      
   72.0300355903270600426732130832689772      
   71.9323186487374083641993185513260381      
   71.8190601674650062023813556263619804      
   71.6893748329577958214139516111824971      
   71.5427725917067449633621606120757086      
   71.3792226678160607483413220461596223      
   71.1991541035832661632395739458260790      
   71.0033984644825336964239551777912508      
   70.7930916637166541898214487355970919      
   70.5695555518968242058755910511202437      
   70.3341778915156359354194345787231864      
   70.0883042890933014713154621814424523      
   69.8331499074806279046628690058438373      
   69.5697337942249659216901164098679081      
   69.2988350712692474059254226055809060      
   69.0209680785157435478087574271769885      
   68.7363725812630093918301359214558199      
   68.4450149765753259499103200108612464      
   68.1465967328823598006952240859381799      
   67.8405668170415998568291901345655957      
   67.5261354354089041176267447801598031      
   67.2022869414852368322793176804976131      
   66.8677901922621710343088356519208124      
   66.5212049476990225744360828850536644      
   66.1608830967962981308101261322948259      
   65.7849635577393032064891048794522631      
   65.3913596337195203783477541618852412      
   64.9777373962297283416622970944250705      
   64.5414832842542215559580510961373873      
   64.0796584969698672372240593434671771      
   63.5889368274578086658221513857893858      
   63.0655211821446190692702539794314920      
   62.5050318990649064695983179306025547      
   61.9023566835929928573305260321934956      
   61.2514467721507620289366718699447934      
   60.5450354795127854515133635035003369      
   59.7742411507078853321372395432008906      
   58.9279921627970833710256014472099999      
   57.9921682765365947851346123521458813      
   56.9482736366861508769250248700911736      
   55.7713124187245964917086138578308753      
   54.4262952463360756705419867582185084      
   52.8625838823144242197404523459009242      
   51.0066341121956906496076941803356656      
   48.7659087187871530735234549871746924      
   46.0692434270677934009976814023754081      
   42.7985008978898947868937969066614267      
   38.5929062443262423725488355291184434      
   32.6354496474423817844242964224728875      
   22.3316394271098989211030031691725051      
   1.28755579595453457473668521285550206E-0004
