   72.4479686713211523636435429302469931      
   72.4427898225568931458862647503594020      
   72.4341425365726917311253078475751996      
   72.4220180478594774548819992620589683      
   72.4064090238219358458051112748130725      
   72.3873103895384080762028219360593852      
   72.3647200133099818406742662179009185      
   72.3386392320270882207402976319868242      
   72.3090731995805026860663550899985511      
   72.2760310388998898937448665925202869      
   72.2395257552798366793537842799098793      
   72.1995738356315880784129579917983995      
   72.1561944412581144849522884948155297      
   72.1094081199403239806985473560795719      
   72.0592350202683342857792108764142285      
   72.0056926767248826172485983762022386      
   71.9487935238565798846926868588115841      
   71.8885423622964358802629602942271605      
   71.8249340188926209050839441895277121      
   71.7579514172520765446297549398702019      
   71.6875642178858058391203110520685249      
   71.6137281172708249306769710252027038      
   71.5363848271084762385982214877761422      
   71.4554626972139618009656417489227568      
   71.3708779012351656393577653740334402      
   71.2825360743982711866400798177379345      
   71.1903342760147933586893878657695802      
   71.0941631451409559697336039081970040      
   70.9939091235791626596580545846763946      
   70.8894566339300207845673364578489741      
   70.7806901189875793266118046380061986      
   70.6674958698372920634903518251481767      
   70.5497635913242796162196944559641869      
   70.4273876734159841734038485082458785      
   70.3002681542829974485901145156472950      
   70.1683113751358671225935099763998378      
   70.0314303378884302122270391633026396      
   69.8895447847949923659929474656771615      
   69.7425810247172935887193003128375915      
   69.5904715340788414850389864084768909      
   69.4331543622992304227598345383569830      
   69.2705723719634537343636613976776230      
   69.1026723434857073964050349430853267      
   68.9294039728200287240373655678198448      
   68.7507187890333949816032875689597989      
   68.5665690164316317315695837311760479      
   68.3769064035141421769745926702811663      
   68.1816810384199312292434707970009679      
   67.9808401677848989538357166100302168      
   67.7743270331225177064711532117119721      
   67.5620797360338744808258168683510618      
   67.3440301407959152039538371911599603      
   67.1201028202234448603127112862043102      
   66.8902140481910457763315171104711912      
   66.6542708398684003110045492653315129      
   66.4121700385867733341500450752509874      
   66.1637974463339635454697515961366794      
   65.9090269931641032789935643174924433      
   65.6477199393077264408851749647017088      
   65.3797241024543289143391985013600018      
   65.1048731015387431318897399811902299      
   64.8229856073560021631319911231872571      
   64.5338645894333957556381167350257223      
   64.2372965477593848977494034065027653      
   63.9330507171677356926283961465698424      
   63.6208782313624787277624730547012970      
   63.3005112326939337984135913458402071      
   62.9716619128158475914955176536697261      
   62.6340214682112649578139277321620869      
   62.2872589532192057956682175302978023      
   61.9310200115559567351240431027195975      
   61.5649254653398233806980507238743023      
   61.1885697382063946597935383738974772      
   60.8015190861503621896571043235340162      
   60.4033096061275151792227911183743582      
   59.9934449880558361777305486482842043      
   59.5713939704864891083836230147126549      
   59.1365874536553550439143695688784110      
   58.6884152155889555022916610706970284      
   58.2262221670731710093389601564385920      
   57.7493040691404720070504289533715359      
   57.2569026217023774773504280754639666      
   56.7481998132873610203649808072927496      
   56.2223113985312144437795819468985576      
   55.6782793407940334812292015150671862      
   55.1150630202739679250062963085443223      
   54.5315289608976501135945121200048900      
   53.9264387688828431131537502525811507      
   53.2984348978058636478705764116423806      
   52.6460237532055869483923521386501802      
   51.9675555157304011388381590148781709      
   51.2611998835737999752666163447879304      
   50.5249166952166826452032773228953967      
   49.7564200671957774182808638014667996      
   48.9531342316555491288462343059932065      
   48.1121386289830098078593729886698306      
   47.2300989163167746528630102731290973      
   46.3031792592368928340787310242715208      
   45.3269293669882869200565616777156688      
   44.2961368586566321223124456187185134      
   43.2046311124715579009171138952437728      
   42.0450177107308443412208531404974487      
   40.8083110590367490477212020693410513      
   39.4834131571100985445946887744795992      
   38.0563517382736535075162820546122823      
   36.5091261989223269996649597129720733      
   34.8178815944578657205265591113238057      
   32.9498588463675558102819608026881997      
   30.8579383841583216741801819285750842      
   28.4699579124377953465559189238493571      
   25.6650442732244643297917308244991053      
   22.2105600679699308463954713482459811      
   17.5307366198030050073053509230996200      
   8.65933663721732765624709656584745978      
   1.09167002847828141355070624921989375E-0004
   1.05235186094768460047376568380767118E-0004
   1.01186081922557773306017774681405770E-0004
   9.71689291675183907970695490489257922E-0005
