   51.9704116336645228703075546252522793      
   50.2444454016654597618031084032553896      
   48.4164275943323989609853262576623373      
   46.4645871565203827810916096683005535      
   44.3568920560410226606016841731616326      
   42.0435349266637780130882398634997228      
   39.4412629006674286570410098675210901      
   36.3989201739770117822769545792516636      
   32.6340913212188249416021594986079194      
   27.6491443392110967715277280546777527      
   19.7935964321459342590984315209513349      
   2.09577864977019901938819283012188485E-0004
   1.16646382579696914321623273344387170E-0004
   1.13619098094523555570078632253071202E-0004
   1.05736306980798008452453277015833799E-0004
   9.30156877444473414825981445641971676E-0005
   8.10411470236168985435863709086208184E-0005
   8.16319377079913851407602379553994379E-0005
   9.00475944264647982233986646636127658E-0005
   8.89785797571817740293297142742831458E-0005
   8.73159788216068624347965313282909574E-0005
   8.76204457722763835167598174189811973E-0005
   9.57805585913588337803533878167860210E-0005
   7.80825309710592976914961907099115820E-0005
   6.59373109838730371920478077522794035E-0005
   5.62238570849277977017016659762312783E-0005
   4.43546569310435636794650462071560869E-0005
   1.55207421811463075959528960176452686E-0005
   1.55204477938086707841646215125723203E-0005
   1.55201549608572898922342204600711273E-0005
   1.55198673228954118440814668707324268E-0005
   1.55195876843056117078655062869123142E-0005
   1.55193180992282411563286180190430712E-0005
   1.55190599754084013462579426611927227E-0005
   1.55188141832491983086482110382400921E-0005
   1.55185811609783059426924101643356724E-0005
   1.55183610102027938312025127981771817E-0005
   1.55181535788975156116122926026886568E-0005
   1.55179585309155234195263555560177359E-0005
   1.55177754024639530200570038605868442E-0005
   1.55176036467783791237633588926427685E-0005
   1.55174426685994577622646870134554998E-0005
   1.55172918501440065765097275557765527E-0005
   1.55171505701788519075735593784556188E-0005
   1.55170182176308587106078116538227382E-0005
   1.55168942009554008560393436161069365E-0005
   1.55167779542720569623003299274670124E-0005
   1.55166689410794394484557789695691765E-0005
   1.55165666561895515754381296935832240E-0005
   1.55164706263783177875339009521694876E-0005
   1.55163804101318983211291077775452344E-0005
   1.55162955967750920179722773193104976E-0005
