   1.28767716899526119763699889478580037E-0002
   1.29590931728119973339906176358190774E-0002
   1.30507112165427549624018016318864183E-0002
   1.31534764242168218622416867056674038E-0002
   1.32698065654736213332263239574807284E-0002
   1.34029353937310892997398242894386391E-0002
   1.35573012747749843842569492081627283E-0002
   1.37391598450486443667833552220907830E-0002
   1.39575265729880853580129587245035526E-0002
   1.42254954303268405372424571436678921E-0002
   1.45619117306918878989940247998582509E-0002
   1.49951731001906565102709370617699248E-0002
   1.55773093893045157635621972045091287E-0002
   1.64235437573126738893853431345098469E-0002
   1.78434923990506793392381710089654887E-0002
   2.11820669261284902306153267536082884E-0002
   6.90930395607249674061190013858072196      
   18.8618167919939566411338966216080301      
   27.2670496972081064632756665476225912      
   34.2092933102650436210593057540022602      
   40.2737134459842471932429788644434485      
   45.7344810123440021466199216983174528      
   50.7478845812099953671926785369309629      
   55.4131121847745383445180151259783068      
   59.7975858374196168708873690395599818      
   63.9494523309163906951250587049731186      
   67.9044193538884146159381658977818092      
   71.6897185405998918373677583358086903      
   75.3264391814510636708060823095846359      
   78.8308172865591319113630926273158750      
   82.2146803549704123284933392871551474      
   85.4848383538386457631156228672750070      
   88.6401551882936213272019450119597947      
   91.6584026640799811089786564407118831      
   94.4475157755491066023519706839378171      
   97.1422007620401127264137112910993553      
   99.7729852273765558693161757198673034      
   102.342910087965000511515299104297561      
   104.854799865224031870712079798380271      
   107.311281355907697821638798431693833      
   109.714800459300491612461308490862520      
   112.067637408842055955016612735073938      
   114.371920601581538923550448147943705      
   116.629639179390613342075152594334584      
   118.842654487747356267312466630315552      
   121.012710517906432920895050860854780      
   123.141443423945173348306802044176859      
   125.230390195706699202327418941589064      
   127.280996560698791376104117380908535      
   129.294624181629348371342965870095453      
   131.272557210891215989880296327362816      
   133.216008258586114007129564961790890      
   135.126123826346153870704387161391104      
   137.003989255195286467991757435009368      
   138.850633231888035305450487312475279      
   140.667031894567000307213921536809351      
   142.454112575175183073593426030388639      
   144.212757212847120264679729000147152      
   145.943805469485689183214097637850943      
   147.648057575914892122956256100177400      
