   235.280623255560065767173916372200344      
   235.267416041613366799044398618009633      
   235.245371159244097756232513493127752      
   235.214474221392287767577437663266161      
   235.174715626896190096914537459034708      
   235.126092373654685862108430751262768      
   235.068609559850965592468384524639578      
   235.002281523853763263099522385144759      
   234.927132598290213594815997925602299      
   234.843197483082772232390422985705362      
   234.750521250262693265050022232331599      
   234.649158959438750735021665674188840      
   234.539174772870411643806356295751326      
   234.420640323332620549564343138921071      
   234.293631944544989172375357240751540      
   234.158226299024482129490907453274758      
   234.014494012275444604070879142161811      
   233.862491180827959348427111812100551      
   233.702249017692131110344802761720624      
   233.533762317247562224162450890242486      
   233.356977738076284713675108480748473      
   233.171783028490330049344121112907845      
   232.977998236698212127575100935188063      
   232.775369693781736652825992866423165      
   232.563567208804194583411802270450750      
   232.342184546693041920576416317721426      
   232.110742939551570072730960882040883      
   231.868697142828516906728936580847635      
   231.615443409290411733999809796371696      
   231.350328704269435349447547004990309      
   231.072660511177106529398810418656499      
   230.781716653251866770439341985009423      
   230.476754663441984745107833261347926      
   230.157020350653700066648489148122060      
   229.821755325130777908630443783825556      
   229.470203346246140529804914957167893      
   229.101615441424119390217620957546752      
   228.715253810678607146882199859301540      
   228.310394579509907542565062591451037      
   227.886329495117404596805826165999086      
   227.442366680053938722826986378503843      
   226.977830565569728588824635928480922      
   226.492061127167320663940447496234334      
   225.984412540115457460534572151306720      
   225.454251362631635258486665697602737      
   224.900954343681815538449346770280312      
   224.323905939501234813293291689058099      
   223.722495609635461997150464649947314      
   223.096114951109459980225891818410133      
   222.444154716201136094673799558426399      
   221.766001749273268308560449251120782      
   221.061035866441567245808273692802530      
   220.328626693226415833751807204327450      
   219.568130466601568136770152722486682      
   218.778886800575343890398661682687917      
   217.960215407413325969663271609492083      
   217.111412760737109735751623422967216      
   216.231748681375109647969070703445799      
   215.320462821544731865401144961410845      
   214.376761018371124271795710142888025      
   213.399811482787041333180839699991368      
   212.388740785570085163245248860820440      
   211.342629596342995771626755300741928      
   210.260508127102773765403273810288167      
   209.141351224474522525950242788665693      
   207.984073048492784113449404716348005      
   206.787521267562800237412899056634184      
   205.550470688544322599724295981082277      
   204.271616230519062600447370851513588      
   202.949565135681373859761834283995291      
   201.582828294003756446835811953964386      
   200.169810538348365860605921575110206      
   198.708799740425039737306436138346228      
   197.197954508189963465970098689393139      
   195.635290246583191908447487663912651      
   194.018663296863022224349500465946288      
   192.345752812086484028260518169340521      
   190.614039952177636163663655341323512      
   188.820783892189920166454652384356994      
   186.962994020525484143974249123917544      
   185.037397556840924826027933123625925      
   183.040401630837134487357011096974199      
   180.968048617360157947545850971579038      
   178.815963204978606645248272939985464      
   176.579289253790941742802687456106060      
   174.252613938582380972563687569137741      
   171.829875919928596623645285715275628      
   169.304253260319022331391115985010568      
   166.668025388571130925911230915114864      
   163.912401439434262099870498843718824      
   161.027304490071374439185403415701053      
   158.001097169411670971591072006735064      
   154.820228171779999716723418408360886      
   151.468770296327321393539623329107408      
   147.927806976940315503625063730940784      
   144.174602797955509257583246506989348      
   140.181458760980293152536407318634440      
   135.914095001429639050801530887949637      
   131.329302754561006186894981542664934      
   126.371423829528033234035018371699639      
   120.966862968344290346162553841428949      
   115.015112106557290047670059842204729      
   108.373137294339379680711491286620583      
   100.825911729798697105586516182562956      
   92.0241867926409878551723201620519858      
   81.3298463111884865125495157748388085      
   67.3172240868173203069527912234371060      
   44.9763787460249038918728649555197692      
   4.12124901501523553008039327815894194E-0004
   4.04037946365519491630505299905175195E-0004
   3.85655588400005256958883091122273734E-0004
   3.60420576932453040574542336537771453E-0004
   3.34140367764830467375303249587052483E-0004
   3.07185164518694681619523683093262856E-0004
   2.91573632951506983656656523795100674E-0004
   3.43797455159143748059211876670468067E-0004
   3.28608227302389810841761174738098183E-0004
   2.74929705519956846579509850118186911E-0004
   2.47723567496818370175126792337760927E-0004
   2.26419684695633009920409124642885507E-0004
   2.11204037072037052676627877190466348E-0004
   1.95086221667249001858650058991180270E-0004
   1.78411684238519902823958844295941666E-0004
   1.48385916410342134483928913822289636E-0004
   6.05068121008829874155254530272397432E-0005
   6.07446804244041827630981990781189232E-0005
   6.09785232922379773310739094889709531E-0005
   6.12082976436755538330199377862699028E-0005
   6.14339642824553491716035436192549925E-0005
   6.16554878818860328087715914531359731E-0005
   6.18728369814605589141013636318294090E-0005
   6.20859839749397510838925455584069489E-0005
   6.22949050903205717064445768531211812E-0005
   6.24995803617798389591726318889697679E-0005
   6.26999935938031732503571679786464409E-0005
   6.28961323178930619385558917116633821E-0005
   6.30879877420581136808027308473907961E-0005
   6.32755546934752914527675188519972039E-0005
   6.34588315546391477999376460223879495E-0005
   6.36378201933713160402919039671369115E-0005
