   1.84051563690825564413742632622864020      
   1.84058440985859409243923708297876856      
   1.84069894884014998488319721505386681      
   1.84085908418645912689887302271001788      
   1.84106457652272392600370485043946797      
   1.84131511651725287113119984115383195      
   1.84161032747238911221716926666153767      
   1.84194977081357588918134929066951183      
   1.84233295397193947422754451962306105      
   1.84275933957881564453342445635576185      
   1.84322835391974564742887889078941688      
   1.84373939077953456399984062961296075      
   1.84429180501582297712386937739671905      
   1.84488488931147804470095501154100713      
   1.84551782864766366378935396132147778      
   1.84618962948862386066359467644163366      
   1.84689902382607502856821013609097223      
   1.84764435121343590548144603426733665      
   1.84842342441554879526053005985289119      
   1.84923338625660475259115378290871628      
   1.85007056654867496392009401835300268      
   1.85093034867556926477042040672528458      
   1.85180705513610240393327957354870540      
   1.85269386050893214400139711927781446      
   1.85358273849165759635527938115181299      
   1.85446444751653974987960391147936990      
   1.85532855685013503845360932833489997      
   1.85616351269261768025641262617826148      
   1.85695674144961935682748723513807624      
   1.85769478551077436699240523984093612      
   1.85836346558536492445987992168063938      
   1.85894806272979945583251549591879375      
   1.85943351301055863064730914461057006      
   1.85980460779969387472504119964902191      
   1.86004619323122567802862711905137725      
   1.86014336307817794836711586131040224      
   1.86008164024700142196259640782469241      
   1.85984714304498766779292238202262502      
   1.85942673339488371354776059155192545      
   1.85880814512722075394091583485681516      
   1.85798009135147896680829879735212196      
   1.85693235066702855533099141323084659      
   1.85565583262338662707655294149026160      
   1.85414262332674842741770891799013823      
   1.85238601253668347438667841789148291      
   1.85038050380765585306864709850190862      
   1.84812180946495516370488958319039640      
   1.84560683227190471020369803870622528      
   1.84283363566723460532398743087065707      
   1.83980140441430684491372785948537324      
   1.83651039745940319508566242849792969      
   1.83296189461942864466906755381214558      
