   81.7400452933505755287497682900338412      
   81.7369829321399900591098209162179846      
   81.7318659887511253099038684042366426      
   81.7246850311351119602602138459503695      
   81.7154304786394975193956106545633697      
   81.7040932305831171573371842506504355      
   81.6906652512612827904580303803288585      
   81.6751400938676395453888436185135177      
   81.6575133320850702939492060097884041      
   81.6377828239003564536615511830147965      
   81.6159486289772673429069272049919412      
   81.5920122677519502172638792354933526      
   81.5659749356306438295983275707206226      
   81.5378343345997191149977503380820362      
   81.5075799493767864531320581365175783      
   81.4751868292194311056173346063913811      
   81.4406081802373785918467180302865703      
   81.4037672798880063452475448435582017      
   81.3645493592716270008688752102888246      
   81.3227941413725673571834608423677646      
   81.2782896751626241704298100518693317      
   81.2307679802362181556983542844382942      
   81.1799028428265256072936129998880503      
   81.1253099079811157155513262335234731      
   81.0665490253315785512553983126124730      
   81.0031286450638155609648322422914747      
   80.9345119423575461587852796102774710      
   80.8601242746240349537124930834133962      
   80.7793615457964925102155796099314969      
   80.6915990582606078647137289171285583      
   80.5962004670269881902915521496038439      
   80.4925265025114553045143351447121872      
   80.3799431905630113838670960623565600      
   80.2578293622842712696150857474171842      
   80.1255833085202787362850461577554918      
   79.9826284899135996129347699568637784      
   79.8284182618511117368209896268243827      
   79.6624396133928703999351490081038767      
   79.4842159509630237293920018041981011      
   79.2933089806413071530016114292883578      
   79.0893197597813398208212708269415302      
   78.8718889986818375753657298321092163      
   78.6406966990327972713326132414982792      
   78.3954612166029190564236710633780069      
   78.1359378347814340243175776308484296      
   77.8619169308781835241038560338630805      
   77.5732218117907707365741974340279125      
   77.2697062887947413290692245242625428      
   76.9512520536139935710491736074618628      
   76.6177659103044208806346442447465980      
   76.2691769094108200298947709073399532      
   75.9054334235734405518501985225518407      
   75.5265001960604171729138720687375690      
   75.1323553870249096214138341241065353      
   74.7229876357594792504840815258679490      
   74.2983931516328257691207027886201890      
   73.8585728401222186573252895333441194      
   73.4035294668825297608419883500205873      
   72.9332648566631397447443549347752460      
   72.4477771211682600488961863209139158      
   71.9470579047949781301822217888050060      
   71.4310896349268837847158971556235730      
   70.8998427586004801361965576867113229      
   70.3532729445711758511613708226951603      
   69.7913182258059585136888131681209454      
   69.2138960535071258390933688386959736      
   68.6209002290891105928757109489102928      
   68.0121976758705337086451111070901250      
   67.3876250056540631848818962300936536      
   66.7469848289532307118790360740792208      
   66.0900417486479719066363769126129794      
   65.4165179663367777738157263083714199      
   64.7260884182174954056020261664274272      
   64.0183753411378773597323110580209046      
   63.2929421492887603936309817791302931      
   62.5492864777854465413415516169192896      
   61.7868322167991638723821372851686801      
   61.0049203203092896964649272673883959      
   60.2027981214591734424644859052742253      
   59.3796068194565472759313092536497924      
   58.5343667159227257287241941723714765      
   57.6659596635294411231611351884990855      
   56.7731080366945790108235681069689439      
   55.8543493294968545123760159691333217      
   54.9080052068367167351007062719522091      
   53.9321434513752234474269341540555736      
   52.9245307154471364841395822680979402      
   51.8825732302822947377014340308788585      
   50.8032415403185164680777545814597814      
   49.6829737414525445143568705863702782      
   48.5175493352071275472241094246689016      
   47.3019222016180726496875173236736182      
   46.0299955620265420232629736293267754      
   44.6943127634689151113481117283630391      
   43.2856227460342428179082098743850956      
   41.7922533329367435969387370428266639      
   40.1991793182931322224891243901467148      
   38.4865850102769623928255433666498294      
   36.6275447345840238792643610032905286      
   34.5840597322154745580780483849010598      
   32.2997584444566504569736647725505944      
   29.6850024515159146033113441126967077      
   26.5817458007935960187450933530677383      
   22.6599732029260325054565853897373962      
   16.9548482491161291039753034562366058      
   1.22821594492267570737442476570854379E-0004
   1.17193461811940908025241205997089667E-0004
   1.09541664636051435701798585276787819E-0004
   1.00779770185994039412107476717614355E-0004
   9.17678686430071484450755564396827543E-0005
   8.24957035949593859623625651626113013E-0005
   7.34559787833257628493108961207312654E-0005
   8.21161395610163904255374595778682428E-0005
   1.02497953999727706961220690550926256E-0004
   8.03529533296244778156543688043834438E-0005
   6.90221240405000748649443316531778591E-0005
   6.16155485990759824267100872998353753E-0005
   5.65601003396057105841247701267197959E-0005
   5.18441973832820886341380660270546948E-0005
   4.71555003087490049842052037071711308E-0005
   4.10727734491021223446573085487407703E-0005
   1.54466978251858812329589367925154203E-0005
   1.54466978176911580703783636024554734E-0005
   1.54466978118952148310643369493319401E-0005
   1.54466978073490065624731969242161401E-0005
   1.54466978037368078939745615237363190E-0005
   1.54466978008327962609383481192514290E-0005
   1.54466977984728972600443688196391100E-0005
   1.54466977965361668043303812213342570E-0005
   1.54466977949322573220029541860049424E-0005
   1.54466977935928395869576006877526858E-0005
   1.54466977924656416065373194683986444E-0005
   1.54466977915102470980724752124178355E-0005
   1.54466977906950948670852175367028527E-0005
   1.54466977899953092932483269358274665E-0005
   1.54466977893911135420840742536916261E-0005
   1.54466977888666563680074637547984459E-0005
   1.54466977884091358489840566663138847E-0005
   1.54466977880081386104778950557071976E-0005
   1.54466977876551370325547325217253339E-0005
