   1.84051559052455421330919815460376769      
   1.84058431708064881109685065965488251      
   1.84069880964711241734922311226838209      
   1.84085889854699104924446347544681825      
   1.84106434439496620949666837065884371      
   1.84131483784784863851955010069029158      
   1.84161000219665222993375197610365750      
   1.84194939880018383090559850189354552      
   1.84233253443824751506084127724622801      
   1.84275886763510754948695156153440038      
   1.84322780724599388944410763504933682      
   1.84373869267630376756021236812969033      
   1.84429074436179183002245793437292595      
   1.84488297712106436258228541339951587      
   1.84551407577407147257751727311919602      
   1.84618223898649134349852045670641168      
   1.84688500178756630538410798936719472      
   1.84761904960845958957781605966199494      
   1.84838003763387610149038904322587998      
   1.84916242919724784078396792356569362      
   1.84995936595027501411294560639018718      
   1.85076258046863986001995016376422213      
   1.85156235895208853979241458319370587      
   1.85234755795648398076797844750507766      
   1.85310567521532482935147090117801269      
   1.85382297095925573132504609930980828      
   1.85448463318595731835380804229996462      
   1.85507497821799763462961457681247533      
   1.85557767671593451270288796815685424      
   1.85597599500192450557770564263335706      
   1.85625304195584235577149474241429132      
   1.85639201267484236549470670639902426      
   1.85637642138675999078703085731054385      
   1.85619031755998862489001339031009157      
   1.85581848067123299417550273685964168      
   1.85524659053918364064513684531142204      
   1.85446137145208370861621719094551991      
   1.85345070945950164056546233880361602      
   1.85220374315747805878693603747885457      
   1.85071092903890455435698489365110011      
   1.84896408305870745853418151852353823      
   1.84695640044811189881762101256215727      
   1.84468245607461727155347116502663737      
   1.84213818774980941931863105370521657      
   1.83932086493177681896644883798607151      
   1.83622904519569617001707289632448546      
   1.83286252074327760634216284972929517      
   1.82922225706676864993859350747074140      
   1.82531032570027720055967536626522398      
   1.82112983280151801639805583913505186      
   1.81668484510205113887128727941684416      
   1.81198031457738887705372179312230259      
   1.80702200299035381137401134593094428      
   1.80181640728997645983987848870310423      
   1.79637068668258983578334883768462934      
   1.79069259205268377456127774954123308      
   1.78479039825708852011828961914304115      
   1.77867283973867815899896827148887239      
   1.77234904976380792231022773439396929      
   1.76582850354010329790482240587256064      
   1.75912096536676483776290811738654767      
   1.75223643994885310383509744930021957      
   1.74518512792838709551800998383653747      
   1.73797738567220081907924883804617544      
   1.73062368932669157606876668989365038      
   1.72313460313910975966419173882508407      
   1.71552075203621044992425342401115109      
   1.70779279846882767483141555788483800      
   1.69996142353030368108127949398030620      
   1.69203731240030298077728479718159243      
   1.68403114419117693718628029371733105      
   1.67595358632093249054013900702723651      
   1.66781529361083492655412147102692283      
   1.65962691237928298724371390383954829      
   1.65139908989804648360902991150250479      
   1.64314248972619070747615540888223527      
   1.63486781357553636618654800026151795      
   1.62658583058925822673384800537970001      
   1.61830741517487236298589024157465664      
   1.61004359487869711870785546043742036      
   1.60180561025378340547161994704578010      
   1.59360498927593795985510611137924442      
   1.58545363966721730249190751914834451      
   1.57736396360471761144129139910517452      
   1.56934900079967489511495637814377120      
   1.56142260804516178304878527853174155      
   1.55359968635608300875799188246843137      
   1.54589647111459976287224518064674689      
   1.53833090700805849195949805090213501      
   1.53092313900996203445457892206557206      
   1.52369616519446333929970279032277530      
   1.51667671989195834908408276038420941      
   1.50989649235570513468914908547826226      
   1.50339384691905777541690275760205179      
   1.49721631516516355925618285567039774      
   1.49142431754162555505286275808160559      
   1.48609692142319008695413171327552767      
   1.48134113199558253204882371017358315      
   1.47730765994293364608669804171461505      
   1.47421939393776005652506478077906102      
   1.47242703049602081941939145458772499      
   1.47252985692327423816072246818451122      
   1.47568129190024681823002214166442719      
   1.48457863515181013699134956760043052      
   1.50867473190352044351579647696691181      
   1.39392749960112979347230670912290280      
   1.28861649668179415365627940849590552      
   1.24480095185093875614073883161051647      
   1.21186851131180917406715760235083227      
   1.18385996547635074087040153933065894      
   1.15878139222875049590443186434764061      
   1.13573506279561902249182115514895095      
   1.11425151838127401110690860328653675      
   1.09406548807519263148888179554884626      
   1.07502700491529772166763296295462198      
   1.05706448693248400474351845047613231      
   1.04016972270369706467038693036798916      
   1.02439239314209980041296777647595503      
   1.00984212989864207598538751232700772      
  0.996708955913005132214748932471539308      
  0.985363494081909090466765642255835704      
  0.976980020927154086705002944602609165      
  0.969694173686021161467186686249451362      
  0.962612241791464460452593070321090347      
  0.955730330527181531972923478125663018      
  0.949044576696859066205409149631136126      
  0.942551150548773417034742620373074100      
  0.936246257554462466985628893696779919      
  0.930126140046070287845640687018474983      
  0.924187078729400373365916997729654843      
  0.918425394058748012999307365450434592      
  0.912837447499568444095127861679394275      
  0.907419642672575590202367851441704497      
  0.902168426389388022086823949146134145      
  0.897080289583161779975766825999241275      
  0.892151768140285253901755911725432807      
  0.887379443637668468910436347395592879      
  0.882759943989930758664518187996287707      
  0.878289944012652553122363614793544892      
  0.873966165903360823255701345501215788      
