   6.63847175894965869587827824590633434      
   6.68949630293136819772316715842355433      
   6.74162673294721531667164278844691631      
   6.79481114601667969044980649654165853      
   6.84899152796812889325630604795644598      
   6.90410200447326335775033512190702018      
   6.96006643336914230999140192612906146      
   7.01679501811439772199211445441497077      
   7.07417942357201838022955084889781716      
   7.13208551684383481650588484005912299      
   7.19034216565097188568511445681686389      
   7.24872308263330752715887359102756251      
   7.30691534827890307153851044400421505      
   7.36445941384080504968315986052849109      
   7.42061905400986216211318052911970293      
   7.47405558111096568198462234284129972      
   7.52193079007954519848519588316992146      
   7.55727559098515837246903781524966149      
   7.55567595756425777159052421019726942      
   7.96265603558887418064813540453683251      
   8.24937054591501942429762150933405517      
   8.40930332465469704855163585545350299      
   8.55373488993583676341598850926852426      
   8.70238504453983302835817540032733184      
   8.86353903667771905893675751403371744      
   9.04154524181629532801331447835857215      
   9.23868787884587196473120087428840266      
   9.45524894773505936441119287693272290      
   9.68871913041084598607137148454063159      
   9.93298631561675557707829370732364206      
   10.1780917210543842601865703251238217      
   10.4105947465982298872389269128132845      
   10.6141562247699585220697356763395508      
   10.7693843641464881701607106140925452      
   10.8478365447669718465619395295300001      
   10.8125497832203340319426674833677591      
   10.7704562718859347235332936907115576      
   10.7296706930005277891916566197582979      
   10.6901257773739762254068289060949814      
   10.6517587527062682284110230000501876      
   10.6145109936971879937771498827650429      
   10.5783277023374133927909563973284415      
   10.5431576154970155156791566636134187      
   10.5089527372312917880115001306690994      
   10.4756680934978698990678104520748845      
   10.4432615072313687066352233774009289      
   10.4116933919224370854493677645445368      
   10.3809265620455276710070784408250705      
   10.3509260588180678153794772104759546      
   10.3216589900350788477447142103282610      
   10.2930943825814081309705211252356171      
   10.2652030467238993414746544788804274      
   10.2379574510587089579429639063637261      
   10.2113316072522441067139798216895766      
   10.1853009637481193028373293870075913      
   10.1598423076985672496263440640305508      
   10.1349336744337454057625507507336615      
   10.1105542638543207801903603386388824      
   10.0866843631831404251812276810268722      
   10.0633052755542649147785504385820372      
   10.0403992539747151192379357735627397      
   10.0179494402248633308449687966471521      
   9.99593980829933397011938465053238446      
   9.97435511202785807026843841529243389      
   9.95318083655996447165907657654513663      
   9.93240315337612124139309776906026809      
   9.91200887858104617670627176142833060      
   9.89198543420243687362754450964941234      
   9.87232081225248641916952793767624275      
   9.85300354138852014653845631292142288      
