   197.596824429290816895577533334819614      
   195.007594942662731129739728517378111      
   192.250938499065112723943946525384295      
   189.311068866473747403982918220948104      
   186.169378984143944352610355218496965      
   182.803665186499671636297719858294968      
   179.187063250036934244192122729673349      
   175.286555709856009050393161961917416      
   171.060822891217876190969643878645830      
   166.457056766192440704598954403938012      
   161.406076686422448037031521306750866      
   155.814556296411006372126854457327401      
   149.552139430967603465906768399038483      
   142.429189626747463735302834865101076      
   134.156973526972688568366451074814881      
   124.274098190068884076940061779868929      
   111.993607829497148891161631065589716      
   95.7228938435703827099895317432887903      
   70.6267183843928955464877171540111951      
   2.45971291842105987177824551680458670E-0003
   4.86271522979884373725203653923006596E-0004
   4.00396408853749327536409843368354544E-0004
   3.45177897473091673800657555943158075E-0004
   2.97622300605103957635582822513962502E-0004
   2.74732644567640867281401622850635835E-0004
   3.35957610432892121078231567427493808E-0004
   3.61653771619800547592687265524634766E-0004
   3.74564095676106624218327387066747549E-0004
   3.92017197492378192296740908943366465E-0004
   4.50631246309447142355663261698241581E-0004
   4.05340231336414493638850417691072530E-0004
   3.54999594984747723916514461744690947E-0004
   3.15160685174946531713420619162631277E-0004
   2.78507782913633159509308570384225163E-0004
   2.01699238163532672514834561712203849E-0004
   8.39691629407116790687159117413664244E-0005
   8.36328933414850961931561442555308769E-0005
   8.33079585854108261776904969247470058E-0005
   8.29936862199297932956847948542017763E-0005
   8.26894557511559990300322723704217955E-0005
   8.23946948641927037920990801074912330E-0005
   8.21088756552442998794313106181832947E-0005
   8.18315109598110066595148953773369285E-0005
   8.15621508446745923724491121923890461E-0005
   8.13003793113116018839188202846738925E-0005
   8.10458112391636880654176103529901650E-0005
   8.07980895808309237331903230183073054E-0005
   8.05568828088709322336866812381189492E-0005
   8.03218826049346996145885823515709842E-0005
   8.00928017773065600769710581324156582E-0005
   7.98693723877519972857083673783776232E-0005
   7.96513440703324032994124586484513671E-0005
   7.94384825223057441764849475074232299E-0005
   7.92305681493743664624368060919903193E-0005
   7.90273948484345559215436322432967299E-0005
   7.88287689125642643826795947476853451E-0005
   7.86345080444452643289816720400211418E-0005
   7.84444404660203902973725619890479686E-0005
   7.82584041135744546495311855441686122E-0005
   7.80762459086702171974695010971711221E-0005
   7.78978210966286703389996110226001168E-0005
   7.77229926451943717341718430682093715E-0005
   7.75516306969227075390408675219546768E-0005
   7.73836120696460211914643600724743228E-0005
   7.72188198001694238123729486256910160E-0005
   7.70571427265619380064956069612857239E-0005
   7.68984751054507083630590357004785463E-0005
   7.67427162607429176183186279358739201E-0005
   7.65897702606900651510855133247430458E-0005
   7.64395456210107528209293103937519237E-0005
