   1.66530876348996540584188238743882121      
   1.65358064760139631955241879437588754      
   1.64168009609029748782073347271613470      
   1.62962951675074250750178416751226163      
   1.61745089574667906410313029400835549      
   1.60516575073451335112574990591059308      
   1.59279509593734875804042725257507401      
   1.58035941847652605256399220614717520      
   1.56787866542864281983902356614955231      
   1.55537224125736005219908951169333868      
   1.54285901547386964229167620614728654      
   1.53035734061510185218433446460463473      
   1.51788508090661700646334300364118450      
   1.50545965231299482136669209797008963      
   1.49309807509606025653720597038306211      
   1.48081704053270882154379905158123983      
   1.46863299413586369691240397135060620      
   1.45656223864212249898650299075007601      
   1.44462106127736280528343032905129916      
   1.43282589153595399864543384905341065      
   1.42119349813741079936782774212670142      
   1.40974123730956862908320264460428093      
   1.39848736965074009224649946109442697      
   1.38745147045640144771347002781845844      
   1.37665497008203370371705413593460649      
   1.36612187926286919230296548369454126      
   1.35587978395121955131159223271816618      
   1.34596124363719035170320456735220831      
   1.33640581243234555312780168365190733      
   1.32726305548486525688119190404599760      
   1.31859722137110078533375161056804779      
   1.31049480086348953446134740547328340      
   1.30307739781289328071547519788130662      
   1.29652502866404343003382708081201884      
   1.29112159252913717398189106681997902      
   1.28735274801140036740634610094217696      
   1.28614888161789908454263589929968009      
   1.28964976820009519832391359182821005      
   1.30502884261896117380984339822174675      
   1.22706993658899757273355992609112094      
   1.11596519789955589514098224451027109      
   1.07575772348614679652896991031171632      
   1.04558828107894557134391336768919356      
   1.01977402347704174330418632716388988      
  0.996435621254477803938741031790494890      
  0.974730802546315778443617021549768939      
  0.954232994949844203629042879291153147      
  0.934730193793046039402303041891438758      
  0.916150790905146736984337932178427194      
  0.898534797018639374370307851634068206      
  0.882019656018185318852606554367718258      
  0.866831186009083836526375136163532565      
  0.853285949305127439944936565967929504      
  0.841836101595811169775982232548943950      
  0.833340315075422005468701129290795635      
  0.829501294467938733973851313704597254      
  0.826232918192384945103395337321915554      
  0.823050219720260686415046754599660056      
  0.819953014903824680330814046024626547      
  0.816941016406123935976420428580469219      
  0.814013841566903747941186515795362888      
  0.811171019831740431970685546296551500      
  0.808411999764845643416184219937711553      
  0.805736155663737483764577934131157139      
  0.803142793794606834764290227313761053      
  0.800631158265518702240087463212277460      
  0.798200436554214752527772545627689407      
  0.795849764710827221229924830211794513      
  0.793578232245202513505203607493904528      
  0.791384886719182372236819083339142114      
