   72.4479686713211523636435429302469931      
   72.4427898225568931458862647503594020      
   72.4341425365726917311253079085307282      
   72.4220180478594774550574588827032176      
   72.4064090238219370349386281695844564      
   72.3873103895388532178530317171119388      
   72.3647200133416202909159682032734479      
   72.3386392328199654344490714198241538      
   72.3090732094728872269094636444339403      
   72.2760311145498670101148699336573918      
   72.2395261603208676853923773861779110      
   72.1995754952086493125745909339591565      
   72.1561999742526834993080350130694499      
   72.1094237953340110272839925561700916      
   72.0592739560929474032899892639594086      
   72.0057794443121224944240677097727226      
   71.9489700461776318455539929030837221      
   71.8888746687346445031366127997864619      
   71.8255191400963967352369805039455456      
   71.7589235633448779967803785386677292      
   71.6890994241481527342098338144606791      
   71.6160467473500717840428077601298273      
   71.5397516346845559812982785400065287      
   71.4601844859099368725326754171810044      
   71.3772991208151674695568306792301293      
   71.2910329036444561469351999419062002      
   71.2013078509294720422977279999572966      
   71.1080326000491327420275034159661598      
   71.0111050421585489916024007576303380      
   70.9104153838870305980470429397070687      
   70.8058493950408397063777486822089654      
   70.6972916179167890348292946961809479      
   70.5846283494854016185044309580793759      
   70.4677502525325850711003950460947345      
   70.3465544990342036196905472977466868      
   70.2209463935281506155580786676479595      
   70.0908404628131114214084935903729040      
   69.9561610292897933510296482904587844      
   69.8168423082492110115097233210128883      
   69.6728280848233465338219694577479664      
   69.5240710350942901903358820318014811      
   69.3705317591851431944498328987272010      
   69.2121775932730618576396864517666596      
   69.0489812635311939237656219260829788      
   68.8809194390398306775022956549800346      
   68.7079712335472887345166042200291806      
   68.5301166982730063198892973888124227      
   68.3473353402185789634038212481637740      
   68.1596046930429296721960535196956693      
   67.9668989606979272406803344497715634      
   67.7691877478470897395631833199324820      
   67.5664348856758037784014321669665232      
   67.3585973570564211761526359167735875      
   67.1456243211375370381637596932469817      
   66.9274562342376929355803142894543019      
   66.7040240613731957611812826261840517      
   66.4752485707691570749302615202726021      
   66.2410397022187176753612618245032814      
   66.0012959990863247008326658909755887      
   65.7559040930306270793749270400266784      
   65.5047382300776886484680017511139319      
   65.2476598264429943058391281389644016      
   64.9845170424211380451320683833865748      
   64.7151443626848223578014290655979853      
   64.4393621714065956444846592750506240      
   64.1569763107011051286141512217758843      
   63.8677776109341476756330085969465436      
   63.5715413814326363395951761029360084      
   63.2680268500120868079823143755241172      
   62.9569765394927389626966829984068219      
   62.6381155689605078728686775150432328      
   62.3111508669222425101530093265925990      
   61.9757702826590678321645983491115590      
   61.6316415809655072599500729077874105      
   61.2784113040246825826657734785816262      
   60.9157034823567278452264965483177978      
   60.5431181745245410524951697872730597      
   60.1602298125035300157891445141364509      
   59.7665853262213895901450582356683531      
   59.3617020166264510028206546962570285      
   58.9450651415880269688447521255469813      
   58.5161251727745737054889448884082386      
   58.0742946741428315320632226091279370      
   57.6189447434831018511534522667955921      
   57.1494009471905422093774314817497380      
   56.6649386645403221055014457066901436      
   56.1647777405457032569800841509053283      
   55.6480763250712200230022392909167573      
   55.1139237490701643262447363887973102      
   54.5613322550416298970024847209304359      
   53.9892273559424016486373554540250981      
   53.3964365419949353468600578192581809      
   52.7816759842112596089404101144047411      
   52.1435347916399134865262657663709693      
   51.4804562588715638137835585435780569      
   50.7907153806650366663290236306825853      
   50.0723916966268618378736411948048682      
   49.3233362388875878111709379484389484      
   48.5411309575882342118046012008083113      
   47.7230384447584699900460844657052799      
   46.8659389937877066158762384963781442      
   45.9662509056719843480289973281108405      
   45.0198283042673344778663003884988157      
   44.0218282572820708530054057118767017      
   42.9665352261217537765675696263598068      
   41.8471249368338098400674549522346147      
   40.6553401568502884642727130127669041      
   39.3810347476196918007948284938065806      
   38.0115142211997192621926878123465936      
   36.5305495064887165060130882440819871      
   34.9168408924029989925810689628225677      
   33.1415027053673473625259037758636311      
   31.1636758121600086164851455296245385      
   28.9222217364104424369203833263108581      
   26.3181643377865066327179003789377710      
   23.1711739111003200092701579231567905      
   19.0798697970995828775596770316551506      
   12.6388513022635101023867043979411263      
   1.08998079179510239568716387877951905E-0004
   1.04867739372461252962766391914564032E-0004
