 0.40798235867982E-02
 0.18591570738418E-02
 0.18229235827556E-02
 0.17875496213758E-02
 0.17530066306916E-02
 0.17192662885184E-02
 0.16863008632935E-02
 0.16540834357516E-02
 0.16225880680590E-02
 0.15917899126893E-02
 0.15616652622012E-02
 0.15321915792863E-02
 0.15033474852878E-02
 0.14751127373354E-02
 0.14474681904554E-02
 0.14203957472704E-02
 0.13938783037156E-02
 0.13678996910372E-02
 0.13424446200197E-02
 0.13174986172955E-02
 0.12930479734446E-02
 0.12690796852979E-02
 0.12455814053943E-02
 0.12225413927084E-02
 0.11999484666131E-02
 0.11777919641014E-02
 0.11560617006159E-02
 0.11347479333238E-02
 0.11138413280063E-02
 0.10933329281067E-02
 0.10732141273145E-02
 0.10534766428079E-02
 0.10341124934881E-02
 0.10151139778150E-02
 0.99647365499929E-03
 0.97818432725446E-03
 0.96023902449757E-03
 0.94263098974639E-03
 0.92535366600393E-03
 0.90840068464559E-03
 0.89176585465056E-03
 0.87544315309869E-03
 0.85942671595397E-03
 0.84371083033641E-03
 0.82828992701466E-03
 0.81315857370581E-03
 0.79831146884079E-03
 0.78374343594095E-03
 0.76944941819016E-03
 0.75542447354720E-03
 0.74166377004657E-03
 0.72816258145601E-03
 0.71491628299814E-03
 0.70192034732898E-03
 0.68917034059685E-03
 0.67666191858378E-03
 0.66439082292127E-03
 0.65235287724585E-03
 0.64054398334912E-03
 0.62896011721648E-03
 0.61759732488768E-03
 0.60645171803847E-03
 0.59551946915993E-03
 0.58479680621629E-03
 0.57428000653375E-03
 0.56396538983535E-03
 0.55384931022832E-03
 0.54392814709798E-03
 0.53419829503317E-03
 0.52465615306660E-03
 0.51529811383334E-03
 0.50612055350973E-03
 0.49711982361719E-03
 0.48829224590109E-03
 0.47963411130561E-03
 0.47114168370457E-03
 0.46281120827346E-03
 0.45463892347098E-03
 0.44662107456702E-03
 0.43875392583146E-03
 0.43103376821089E-03
 0.42345691974244E-03
 0.41601971735374E-03
 0.40871850080759E-03
 0.40154959204374E-03
 0.39450927530612E-03
 0.38759378457977E-03
 0.38079930453886E-03
 0.37412198951764E-03
 0.36755800243124E-03
 0.36110357296725E-03
 0.35475507241650E-03
 0.34850910169666E-03
 0.34236258949476E-03
 0.33631289873568E-03
 0.33035794144595E-03
 0.32449630412131E-03
 0.31872738773514E-03
 0.31305156841808E-03
 0.30747038661494E-03
