   63.8427578332170580010896947230669079      
   63.3893128965812278832924655523407991      
   62.9122059937438783308948619880166190      
   62.4095627288472752668156385152142424      
   61.8793022601387776389970814266152937      
   61.3191024706474017447266849587500545      
   60.7263586716875808298187362828763361      
   60.0981343085923955469241007553809479      
   59.4311016542009974356183329890436892      
   58.7214698274471766845496871342111764      
   57.9648965991649571907259298386725267      
   57.1563792570032333507558562688599566      
   56.2901181723624302986249134167501071      
   55.3593444685855052938726355531169799      
   54.3561000715328047312078214545184313      
   53.2709540197319001991748155091130799      
   52.0926324782552216066591716763969543      
   50.8075298563479280335614222662058327      
   49.3990509423285070603141181835437557      
   47.8466992243348830664923964078240835      
   46.1247499368335163300710528498612324      
   44.2001709252075142473776179760564589      
   42.0290627608654360578569944905916189      
   39.5500497961338779456813779487934847      
   36.6711766676405131438939069035698842      
   33.2417117915997019271633325831392900      
   28.9813323465989500530102977515541070      
   23.2402100810694531580099797176180174      
   13.3166781481292739130710233827425013      
   1.62243975802681231910162835412810476E-0004
   9.14910800011957352602930164422426026E-0005
   8.71516026704362229212160641227965274E-0005
   9.50653169615838893933030331403758708E-0005
   9.64174002436531788099122637051573759E-0005
   9.59275809752632079593322259530112458E-0005
   9.77897944209134193802944339828376019E-0005
   9.95326172320232192150897417424878364E-0005
   1.00495852342087932967074233103746488E-0004
   1.00583025510009839041904865443972127E-0004
   9.99536292390887568731055037369853772E-0005
   1.02513935955783084500141474693821907E-0004
   1.03392386346335447614576755449956789E-0004
   1.03875052533811160014541068364490767E-0004
   9.72515396224243783516053720645951752E-0005
   5.74459764181502952788349766293480602E-0005
   1.02308143672055901671367391199394209E-0005
   1.02165749939377860332664171766547935E-0005
   1.02049098807192456634944950377930369E-0005
   1.01952494039365595166578189140430443E-0005
   1.01871704160140982063664780791310304E-0005
