   3.46058239499377435326388177601179760      
   3.34426573438049202805216276117412367      
   3.22415648512928566766282172246668753      
   3.09884996028434049798907738769456930      
   2.96628787715770578402114758339361023      
   2.82324398208940996952152025373727439      
   2.66421025224074803720095189232283881      
   2.47886641085093521162451554780046493      
   2.24754430676214567146905718948469745      
   1.93126787099445071471372799037007316      
   1.34805818929289384891663041906067588      
   12.3489686716341028068888847607151007      
   25.3620394063629748566952234156209011      
   36.0407051952242673609907086190356172      
   45.6920397934177270937155139338133791      
   54.8895471594289831820217517286217196      
   64.0348569196781308078173088237561537      
   73.5225487384166698671189701526450332      
   83.8338011725451559746260339441666894      
   95.5238562021785285964666332423075744      
   109.019518535963560536380742912414647      
   124.360592517036858131727485189674384      
   141.107519396550309667239521088994624      
   158.368474706273076068959131772827391      
   174.824304557044934917227181902983504      
   188.723525053307083749290850138461987      
   197.501163310077265095633469449061652      
   198.749231362076937730802579176551271      
   199.869210636205459944734304862688929      
   201.143084631539678035843852612139841      
   202.548026762024008952518169368007969      
   204.063411151834995248614538872312701      
   205.670810686013752155415168357633411      
   207.353935004684671107915336022884544      
   209.098519552026290621646347589945187      
   210.892179213457361526346724169466546      
   212.724240073047927907209566016916332      
   214.585561289152560795764450288471182      
   216.468356780138281680185436209153882      
   218.366023894797848155146350875383471      
   220.272983877629531574918826498748507      
   222.184536927789260497705411395917282      
   224.096733069596850055067013882702082      
   226.006258898356082475744885779713888      
   227.910339487541443000429241409654324      
   229.806654271352770296820819827508008      
   231.693265475056862505820481949699708      
   233.568557588838306502529679088661022      
   235.431186412162943239028807519587895      
   237.280036293330257531227749160427437      
   239.114184321454092938355947221550080      
   240.932870374331041183010726671771065      
   242.735472071825982823005364537565485      
   244.521483821816261293159049486237171      
   246.290499272411293651561096134834535      
   248.042196590761524744603815855936307      
   249.776326090030771290192947299563457      
   251.492699802571794092132500757258849      
   253.191182669381872522281264786800142      
   254.871685072560444573230519963455670      
   256.534156485668690235307786365848720      
   258.178580056609280145713850848101482      
   259.804967969997480245953925056657395      
   261.413357464226805162261241561649694      
   263.003807397929846908112466063790186      
   264.576395281432362991192156021000258      
   266.131214701756278410988895150587609      
   267.668373082383705456746477381226723      
   269.187989728974820895349784938607670      
   270.690194120219313439708685777012608      
