   1.22258459124957735206940597625615620      
   1.19726515726720424665616150300589601      
   1.17214899409102084852087276375957966      
   1.14731019273522972361452447809369090      
   1.12284056697238452351836500591422238      
   1.09886157997199535186640410783759067      
   1.07554822043499444175101099764882866      
   1.05320112771353274324382525240631923      
   1.03264370380272098401004444953536407      
   1.01677645247940121298116608767405964      
   1.01885386437939235081519006527792172      
  0.882176081814576182328342755156513949      
  0.847588547996981333090974731362503181      
  0.820330409393525268376897010912841388      
  0.790892759449872910124586640171884635      
  0.757184597598089081946061151652524162      
  0.718799607380969103521680285653856572      
  0.675906487071413742575410835524831937      
  0.629015009516603061916367259713344184      
  0.579124163243184857267931534004407632      
  0.527968407762626528795245012983006662      
  0.477981294406925666338425950534840719      
  0.431876619483483177001984286545925631      
  0.392148821470796397046693112069516454      
  0.360821872591818483060589300174320507      
  0.339625160778999832249152832176496842      
  0.331297748188777862801123480712787152      
  0.338582858048694100035862676142436537      
  0.346344312211026469043145852697359674      
  0.353979047476859902247514498698587928      
  0.361489042635502407125942208991500371      
  0.368876261342689057180505977939250276      
  0.376142649750067234553010596262546700      
  0.383290134642181097597522694852051015      
  0.390320622009391339646235278666510165      
  0.397235995991510100811644149856533946      
  0.404038118134905914192455526292020154      
  0.410728826912483074482804983620244144      
  0.417309937461598814279900461087925495      
  0.423783241500459603680591710163091093      
  0.430150507388772030806988437369951625      
  0.436413480302782321235318010498633002      
  0.442573882498675755195372389060785040      
  0.448633413642186794131552062074174825      
  0.454593751185864227461450277779666571      
  0.460456550777076993310494620267043283      
  0.466223446684372882823267151803013183      
  0.471896052230061548269101525032905067      
  0.477475960220490735448274229791155040      
  0.482964743366366118666376213312641946      
  0.488363954687282563652809793948940472      
  0.493675127896005618175649286646847554      
  0.498899777759021897161735453714916484      
  0.504039400432795171463645580242280755      
  0.509095473767911209724692905663791188      
  0.514069457592604039520722260663026136      
  0.518962793961269838301340598214259653      
  0.523776907378431209690145280567205969      
  0.528513204994851580732978099146850812      
  0.533173076777704686945830547516892116      
  0.537757895656092259120706213381590225      
  0.542269017643370625965768920793301165      
  0.546707781939349689389643184574949944      
  0.551075511009873405680300103373400079      
  0.555373510652417965230295966291031876      
  0.559603070043857960452012194301638116      
  0.563765461774733930455307679678821271      
  0.567861941871780582396814977080221433      
  0.571893749810155895556935159563339907      
  0.575862108517297524563326671626469502      
