   76.4032499025334755503464739073602587      
   76.0480056699342994487757892665144393      
   75.6777092992581915217952811509537426      
   75.2923267602021513248923269522950344      
   74.8918354192299102825892325248961754      
   74.4762212028683877720628068217158338      
   74.0454757899436164522337319256736860      
   73.5995938364726818087378189170128336      
   73.1385702324222316706318576290163780      
   72.6623973854204733999589408446133420      
   72.1710625226698004837262945405704403      
   71.6645449987091706172718426781207247      
   71.1428135931810191696552570097775558      
   70.6058237792959253137902867535520226      
   70.0535149401232720643203593383035762      
   69.4858075060395076437483962007257097      
   68.9025999824970246653106387693760800      
   68.3037658325490969049075410544604097      
   67.6891501730895726015541659529181874      
   67.0585662372835709131195580483862345      
   66.4117915478970205370814355971389699      
   65.7485637367783142731143229456301377      
   65.0685759341849622796029770730868411      
   64.3714716373269329006489356220760391      
   63.6568389497089424741521728019502734      
   62.9242040605484427164419445702011019      
   62.1730238054253943585749269980446589      
   61.4026771136185410353118723467331435      
   60.6124551019353137595773179631675353      
   59.8015495160334779304480787494111232      
   58.9690391438583350840098567757673974      
   58.1138737257695842637190558107799157      
   57.2348547536192768824448473933452807      
   56.3306123743143248126165599893113991      
   55.3995773747180010406042649455906011      
   54.4399468985938739478742170461337434      
   53.4496420948303533153941957732122676      
   52.4262552624732959903145593361052827      
   51.3669831548966987067868753989822004      
   50.2685417964063441231698595735960620      
   49.1270562320171108148532762649462730      
   47.9379157190900042137007681354462086      
   46.6955803799322083863918332044563312      
   45.3933182317880861467455570618814028      
   44.0228399385636522180419945622139987      
   42.5737791220991597289756616286108244      
   41.0329318505203536136078498701152847      
   39.3831059563095950699667005223610219      
   37.6013080638301476099812542181172370      
   35.6557390151708375447088488950320930      
   33.5004789290352291165210737848803930      
   31.0652289454738957257418728974336513      
   28.2329653755151670627846171059807719      
   24.7818377654178773293712501309221140      
   20.1828978378199173643753515449902130      
   12.1848105835840080608936575937312715      
   3.33964844002930266946300191261717616E-0004
   1.34205649192125303786100061789627010E-0004
   1.10849026845929250117663297524622783E-0004
   9.90152541923988699972432934748372564E-0005
   8.90239378392164631058522612478472306E-0005
   7.94105048794331981491776417462424652E-0005
   7.78113662916058438070714436473013369E-0005
   9.01176173269178523372331710021115611E-0005
   9.16013305679696540051783865631907084E-0005
   7.35291747299742505165127692085153907E-0005
   6.50387862949425406572080700694655796E-0005
   5.89215705179651435218046323908579233E-0005
   5.42921798733761719529698955895770080E-0005
   4.96015118085139386235117140934404011E-0005
