   1.21685189601590924839148272605118466E-0002
   1.21891745175065305230258250276441083E-0002
   1.22105406106205676484482309240917940E-0002
   1.22326385820141151456271954474514635E-0002
   1.22554913447507684122268711268425617E-0002
   1.22791235522865979123510107245677840E-0002
   1.23035617772749801382125812609756446E-0002
   1.23288347001299524966369851825744325E-0002
   1.23549733084772996668316626363951513E-0002
   1.23820111089752669188056856940546131E-0002
   1.24099843533647862506157255540064629E-0002
   1.24389322810130983305039113900990799E-0002
   1.24688973806546809598065740756655265E-0002
   1.24999256745181970424503705583306056E-0002
   1.25320670285695779300532063324832873E-0002
   1.25653754932178424800272207289104744E-0002
   1.25999096795381451505669665733456845E-0002
   1.26357331768927614020436860732449588E-0002
   1.26729150188041365948308791127187894E-0002
   1.27115302050901988279082329261998633E-0002
   1.27516602896594710713290385409414325E-0002
   1.27933940450364173950334625702307200E-0002
   1.28368282167171428237602928703604264E-0002
   1.28820683829398553669666926158207431E-0002
   1.29292299384970496121692080253518476E-0002
   1.29784392249804005646750466950720880E-0002
   1.30298348345199827467642885372142931E-0002
   1.30835691199132997210699371230626113E-0002
   1.31398099513667239519057735073345454E-0002
   1.31987427693420048693864353515375641E-0002
   1.32605729947976482452150702137387152E-0002
   1.33255288732387321823445709269889423E-0002
   1.33938648485315296573549407922579760E-0002
   1.34658655878925811330316219252831436E-0002
   1.35418508129027596772416897274014221E-0002
   1.36221811357492326572306230946674674E-0002
   1.37072651593080865407897563887510149E-0002
   1.37975681801241858105317553664220729E-0002
   1.38936229435403329975251149650934551E-0002
   1.39960430530856560997662048694533723E-0002
   1.41055398511776365301302283073600574E-0002
   1.42229438949531356911689268803497683E-0002
   1.43492325960078683145845437778478656E-0002
   1.44855662498294493072765940279163382E-0002
   1.46333356700891085949456309066870111E-0002
   1.47942261656881297766210840176669738E-0002
   1.49703049998917620262289229685193777E-0002
   1.51641433633870542567560368450664425E-0002
   1.53789904016055668247994427270396506E-0002
   1.56190281131683668248715340814006508E-0002
   1.58897562927614977770586263868499212E-0002
   1.61985952446046196108609067520947091E-0002
   1.65558712731875640009258373371894306E-0002
   1.69765158194485629504289399833189047E-0002
   1.74831962408141990972571342069684345E-0002
   1.81126008508619156955670631568752208E-0002
   1.89295977390117012666945234995186755E-0002
   2.00648476542499341690331868087249968E-0002
   2.18445967998827914339111357402120125E-0002
   2.55432941558485336557901836623904142E-0002
   1.60301790531468418327464753656901094      
   7.47925648541493081630364208698406937      
   12.3954731483691133833922293647961432      
   16.9371549035019904682616560304527792      
   21.2493333499475173212636652785915108      
   25.3974201252021438798941014207474700      
   29.4179112407242344138939613156219298      
   33.3337784905042542902641405891615226      
   37.1606849781253041963445019379742348      
   40.9099222119273223645157399369633031      
   44.5899344819017646529819813807728415      
   48.2071538226782200402264233427166107      
   51.7664684778927613859928356768936101      
   55.2714845796978572745141181353794913      
   58.7246651064440382064511815812672519      
   62.1273893736358128907434364447437382      
   65.4799472570669402126239346401306202      
   68.7814451677390660478130523027256832      
   72.0294889007891731540315985079947895      
   75.2186650369558383267381091625480723      
   78.3454539068597190554409638817179229      
