   64.1602273250373474354285382675912641      
   63.7283076967090638586878866543157516      
   63.2749272993099434296914719534187507      
   62.7985033286436677496986704761471981      
   62.2972910834976968060129502401905458      
   61.7693580384458632476884340986936326      
   61.2125535292580529774271281933707331      
   60.6244731116166610160429320167607194      
   60.0024163683756029557687817408663125      
   59.3433365646009144405402057580151106      
   58.6437800494051529426915723928030127      
   57.8998126317350076162358950266492976      
   57.1069292465976353392872883598888237      
   56.2599419823151903655424260342600542      
   55.3528398172805909798919966273493026      
   54.3786110030317161486758595480001384      
   53.3290155862881686937644308333223316      
   52.1942904885628255075555787893826058      
   50.9627616964234267482222773408362303      
   49.6203249718775619068281345848093961      
   48.1497323816894712212221662030580792      
   46.5295735996699935500961829190359045      
   44.7327381779333844689981390805010055      
   42.7239226763446280050551714217300366      
   40.4552682391380620755039521603119314      
   37.8581627337162706862427740507154340      
   34.8266446697321573925855897693493896      
   31.1798444393480796264266286532783965      
   26.5582006805091479272111966731132445      
   20.0006243629342404087288153990185400      
   1.43067465080786326471492372892462321E-0002
   1.14345645221718723660047688941327094E-0004
   8.89600912001260529952790315350608054E-0005
   9.23863753398731112916811259812040590E-0005
   9.57858486681538409249903435489302161E-0005
   9.41262896084710114137519516024529879E-0005
   9.42658934783350851368742364164630170E-0005
   9.54310532393391233378526087638598069E-0005
   9.68586992362124145513110260791298069E-0005
   9.77132257876665906133338621764286224E-0005
   9.77857310667964810729757445156066025E-0005
   9.83857635104745798270626462247093604E-0005
   1.01337690261879259175953905115445289E-0004
   1.03020218623495123456044744813150921E-0004
   9.99321552085818913731077222400369165E-0005
   8.48748660909913036754859325288962397E-0005
   1.02468781572593417254966768379369329E-0005
   1.02296125161778635657516317658562981E-0005
   1.02156132310472715114571430552685166E-0005
   1.02041271861496874688956095408539184E-0005
   1.01946024153860627296590163980933282E-0005
   1.01866278027974634919895770081905432E-0005
   1.01798926395723542947227471463455085E-0005
   1.01741589654628665395933052120542035E-0005
   1.01692423152320770972860041060920785E-0005
   1.01649980972026682574036950109966644E-0005
   1.01613118122428104101473033224203745E-0005
   1.01580919338121620817103591435370196E-0005
   1.01552646593253304506598510974634946E-0005
   1.01527699955727840592984239691673640E-0005
   1.01505588073129038971956873586201319E-0005
   1.01485905694979927774780594200895061E-0005
   1.01468316392044113736351579398685963E-0005
   1.01452539153711437827020513612507081E-0005
   1.01438337907149846012018696162510035E-0005
   1.01425513257630581551103200939526600E-0005
   1.01413895931768251158669791480562776E-0005
   1.01403341536779438283341143985536840E-0005
   1.01393726344432543544073253220922359E-0005
   1.01384943878533464625332923306914840E-0005
   1.01376902136766708312601009453101988E-0005
   1.01369521316526737514197511326663521E-0005
   1.01362731943589363432941091240684552E-0005
   1.01356473324622952540613611239584388E-0005
   1.01350692261457267906903738040725036E-0005
   1.01345341978029065583678787470770515E-0005
   1.01340381220984525490531585244853817E-0005
   1.01335773502748926792500365445717706E-0005
   1.01331486462004421130728840476176588E-0005
   1.01327491321342989827197919375284464E-0005
   1.01323762425681341638619449810290256E-0005
