   1.24843821193233575639982587043897967E-0002
   1.25266172279870309502065946044075628E-0002
   1.25714152687628153114350440717186496E-0002
   1.26190119993676228180073549693005293E-0002
   1.26696733733193899230578007784857277E-0002
   1.27237010361014452431604861503536219E-0002
   1.27814389976231409904029372046277056E-0002
   1.28432817916042366848977516210485966E-0002
   1.29096845353764587910423571728948555E-0002
   1.29811754456153234505232745814522238E-0002
   1.30583715640652153608671235829637484E-0002
   1.31419987286436476594658207611996159E-0002
   1.32329172296125239381535710462315180E-0002
   1.33321551805079320298361089201347552E-0002
   1.34409525091130402833806161628026261E-0002
   1.35608197979684243289544098774643448E-0002
   1.36936182511827257618420877691300527E-0002
   1.38416703141197953766586915576429270E-0002
   1.40079158037906741831095552646921663E-0002
   1.41961375241242397073173083337528381E-0002
   1.44112967547502487073163035175180482E-0002
   1.46600504102375986054215187790139608E-0002
   1.49515858384123479188559098458351602E-0002
   1.52990491483217320771151280741374876E-0002
   1.57221688979924263823417944020490130E-0002
   1.62525021866556588969482067553494200E-0002
   1.69451018110910271795504324301332727E-0002
   1.79086573854239588129169544762909946E-0002
   1.94044204345959310809933990078639480E-0002
   2.23603307538251913499694541374542998E-0002
  0.836053816937556731973468372536718543      
   11.5576330448892442251078843085997552      
   19.0402729936438934325907473082733458      
   25.4172680863736481219574644143903731      
   31.1267078796054458707103153038089858      
   36.3668580967276473954542705200483309      
   41.2503272611066824515742651306763415      
   45.8491594539655152390197688275628198      
   50.2128984788244737584943355979219800      
   54.3772588050665596047131640364814918      
   58.3687951291927343046409760291557060      
   62.2075998816308209832257505540134237      
   65.9088982979995623731408110405289405      
   69.4839167682984226274299971646385419      
   72.9400771209664040902109903031604493      
   76.2799360040100112970853743384594111      
   79.4908192081232673157662875037483725      
   82.5731173571545493210062276700930464      
   85.5739563483479692565108575816462823      
   88.4984263784979077245830648972958864      
   91.3510696697790254566615256697315759      
   94.1359609135779315832635889002748068      
   96.8567728012975143772704417342526409      
   99.5168300197847533657594547231127048      
   102.119154188565218667713256470394373      
   104.666501586924598191800984866141695      
   107.161395071606822500786418137232343      
   109.606151262707540811606211228329892      
   112.002903838059016840754716386432005      
   114.353623599626610673623388014472363      
   116.660135841859151518592607534079075      
   118.924135449625835677637890562041406      
   121.147200074051746600861418986585248      
   123.330801672366865250188397887883019      
   125.476316648539870208009639221961459      
   127.585034791992518794947547016743522      
   129.658167179778769825930591067567383      
   131.696853181642543012943834896176584      
   133.702166686017121214381235081034005      
   135.675121647447525662726697490473323      
   137.616677041308537042098235605352330      
   139.527741299364429027676940798221689      
   141.409176289337133343901604588001076      
   143.261800893531453243315715118025117      
   145.086394233374129646002461317613605      
   146.883698581130136124917676273474639      
   148.654421994453572864747227646603901      
   150.399240704901643317342974447628084      
   152.118801287623014304258472543855127      
   153.813722636050721797265780286834227      
   155.484597762508669927105364036458393      
