   4.23142069923272528188721748806270804      
   4.16762577687354501813007181561291121      
   4.10435292772129248680388716795331583      
   4.04147460392662463660970891489964260      
   3.97886069010065346600682557161090388      
   3.91637700938109642639935749093802601      
   3.85388367065690547198946720136608358      
   3.79123320849718119165351255638888877      
   3.72826845384744987382724345700282128      
   3.66482005549520087336596704279619578      
   3.60070354790969465865146450248927976      
   3.53571582781844153118875517094019816      
   3.46963085616489078782710035339326725      
   3.40219433857646641562541561276663256      
   3.33311704818962128258699134446207579      
   3.26206632729839843239265826303398303      
   3.18865511869695220467405505110913325      
   3.11242759868105065221234019676998438      
   3.03284004437093001427371835186493099      
   2.94923482879115112056042130477927614      
   2.86080408795890311529859004627617727      
   2.76653693581620734294949055955977953      
   2.66513850555983940652457194594679784      
   2.55489702594358386178545281407816433      
   2.43344883368166200667562344080464911      
   2.29733167419302967344283235674186709      
   2.14106447235677005055683738175733795      
   1.95501097606511975440487033104959668      
   1.71927643822119449286671058218808479      
   1.37768861063167641754697427849934880      
  0.836062124020128578079492406422397762      
   11.5576330453441083376823610850491120      
   19.0402729938978409742577198730102505      
   25.4172680866313229750841378740305802      
   31.1267078798690532473664908278711365      
   36.3668580969718674810103910090873452      
   41.2503272613431569891571916132753912      
   45.8491594542006861439632654137007680      
   50.2128984790605597828042982560860471      
   54.3772588053015619423389894186314538      
   58.3687951294236427053798155488070913      
   62.2075998818607634031748845611148846      
   65.9088982982400586478737959223242015      
   69.4839167685438779825394919308541245      
   72.9400771211947725044156302749418190      
   76.2799360041729974783741470221375099      
   79.4908192081256160593679753416711177      
   82.5731173571568608202945965100271679      
   85.5739563483502475325993722302214809      
   88.4984263785001560654517781017050050      
   91.3510696697812465777934419423897110      
   94.1359609135801277458573517148993659      
   96.8567728012996874772483066994017300      
   99.5168300197869050021223997924905116      
   102.119154188567350195930927981774989      
   104.666501586926710766118189348175438      
   107.161395071608917108159788607440879      
   109.606151262709618299210802900191094      
   112.002903838061077938475788843506415      
   114.353623599628656012585423706794019      
   116.660135841861181646520958155671699      
   118.924135449627851071663605866973429      
   121.147200074053747678244330206948140      
   123.330801672368852377332590249366658      
   125.476316648541843708069115476239101      
   127.585034791994478954261366257249234      
   129.658167179780716899481351451281157      
   131.696853181644477228997726342103427      
   133.702166686019042778439637620591988      
   135.675121647449434760896704711156125      
   137.616677041310433843971266480705087      
   139.527741299366313688789814712918243      
   141.409176289339006007842369920413479      
   143.261800893533314043526582881075179      
   145.086394233375978707323997141885495      
   146.883698581131973564911591321097726      
   148.654421994455398794829435289232324      
   150.399240704903457843753833061794075      
   152.118801287624817528893150613192402      
   153.813722636052513818384325361261790      
   155.484597762510450839939224639963978      
