   2.17581998813885780212393930913408944      
   6.91706207151336926362905816172568580E-0003
   6.00020916592886906791886918072214252E-0003
   5.21053868433638781678160054434261956E-0003
   4.52866489883643463242177022325131266E-0003
   3.93867686882638017107593262103395224E-0003
   3.42738068204408235547400654865004910E-0003
   2.98373603600459582575872309525590393E-0003
   2.59843330028733805540178336939564537E-0003
   2.26357050511845669761230798132007327E-0003
   1.97240446781150148982666921408593649E-0003
   1.71915502793280778428128437163721008E-0003
   1.49885005305561621077465562321524676E-0003
   1.30720073517092349234578848607892998E-0003
   1.14049973511804206749766796801197737E-0003
   9.95537430113173251902075198084792169E-0004
   8.69532469103249216876695826642235542E-0004
   7.60072197177962575641034133888470513E-0004
   6.65063845734951931472907634918780034E-0004
   5.82690731098194188065392137226880304E-0004
   5.11376297874253766446948897155413524E-0004
   4.49752290470502083858346409825462426E-0004
   3.96630102166595518954906414686641844E-0004
   3.50976173007539166102526998645813923E-0004
   3.11888933663517446841547301756872436E-0004
   2.78579474814647678198339234517426251E-0004
   2.50352896142633377517306390460760642E-0004
   2.26590567362297223751589851154900275E-0004
   2.06737911724793544412531796740274464E-0004
   1.90290702771041858320687205219202865E-0004
   1.76787859492463827623680176841906842E-0004
   1.65805953854263358055596655214092630E-0004
   1.56958377449782783575264133270482405E-0004
   1.49894397636564023476648390497408331E-0004
   1.44302534855571141185012568303401582E-0004
   1.39908196132954895449635570876395838E-0004
   1.36478333560142147650559689044312130E-0004
   1.33816551192143763329150746144108760E-0004
   1.31759564138318011306017347111452259E-0004
   1.30176516267940525850430986154929128E-0004
   1.28960827311307850608876856601208368E-0004
   1.28030286286082398907846480003406157E-0004
   1.27317982033166498525072050385067695E-0004
   1.26774600162795604321792213770662949E-0004
   1.26358663645227787564840163047401639E-0004
   1.26040174060570145692796094810850246E-0004
   1.25796923846076273503382056034045130E-0004
   1.25610218007389420703742128316767737E-0004
   1.25467134678549504369038315836388161E-0004
   1.25356233539507805633815021064766243E-0004
   1.25268532864772043619738352005865862E-0004
   1.25200262873231082088132997245934401E-0004
   1.25145950553221173412127490629516882E-0004
   1.25101307312711789362014645033273452E-0004
   1.25064187817912985497805604872853160E-0004
   1.25033548305376366487553434464184859E-0004
   1.25004919493427447185565988631025781E-0004
   1.24979753745162572633219287832620737E-0004
   1.24955145822465784766380150217155407E-0004
   1.24931828386657704658565697101990131E-0004
   1.24909210713052015218359356725311704E-0004
   1.24884689209411393928530490827994765E-0004
   1.24859952556504573704552562057798402E-0004
   1.24834424959967438191426599755640681E-0004
   1.24806780147761306576265698526118517E-0004
   1.24777520740061862789025246203439184E-0004
   1.24744964595342929255753896403357800E-0004
   1.24710811535301988971533525462998875E-0004
   1.24672881221721259214419690499283067E-0004
   1.24632368011853949726558022064785899E-0004
   1.24588224315284143973282229268617609E-0004
   1.24540885014936862846518703890886696E-0004
   1.24488640792644951138553922388076137E-0004
   1.24431641002016514754063390470465679E-0004
   1.24370282774568407407013915828377745E-0004
   1.24303291463909931010432714183354569E-0004
   1.24230523339224510730754815255458431E-0004
   1.24152327581729779649426591132324991E-0004
   1.24067065248138442348269603607328713E-0004
   1.23974616676188694717902041293278872E-0004
   1.23876139396737871094758273584313484E-0004
   1.23764876798155680674364204847101737E-0004
   1.23644079267711571683265528205706673E-0004
   1.23513875169921462532270570893592645E-0004
   1.23372912192040432863327033975717821E-0004
   1.23221612058513414119167709447340111E-0004
   1.23058034718322643618654665354558314E-0004
   1.22882716445851407988510985292493329E-0004
   1.22694112601524683971063375156023681E-0004
   1.22492297003164924186484107082496707E-0004
   1.22277009351905377093676247862596797E-0004
   1.22047438996575102768158245318053846E-0004
   1.21804010071970099801116122000447718E-0004
   1.21546609924144598171098762173926878E-0004
   1.21275329442651827787470754767670531E-0004
   1.20991593759820849673753287711686374E-0004
   1.20699569628315194974454051562321459E-0004
   1.20411705294649946265523620974864933E-0004
   1.20168843223945561629214261065510131E-0004
   1.20115384832496579173866692932678416E-0004
