 0.56565492073505E-03
 0.29283556923013E-01
 0.31398136499040E-01
 0.33664822222109E-01
 0.36094581410291E-01
 0.38699168861252E-01
 0.41491189842550E-01
 0.44484153340784E-01
 0.47692547857335E-01
 0.51131905146473E-01
 0.54818874646447E-01
 0.58771311812276E-01
 0.63008359089636E-01
 0.67550538636519E-01
 0.72419859352385E-01
 0.77639917509057E-01
 0.83236014023574E-01
 0.89235277553003E-01
 0.95666801551138E-01
 0.10256177877149E+00
 0.10995366075352E+00
 0.11787831517754E+00
 0.12637421231151E+00
 0.13548260003642E+00
 0.14524771698576E+00
 0.15571700546085E+00
 0.16694134484420E+00
 0.17897530330754E+00
 0.19187740695956E+00
 0.20571042458632E+00
 0.22054168430717E+00
 0.23644340149170E+00
 0.25349303547722E+00
 0.27177367852726E+00
 0.29137446331698E+00
 0.31239100922111E+00
 0.33492589339034E+00
 0.35908916809812E+00
 0.38499890594044E+00
 0.41278179076016E+00
 0.44257375441240E+00
 0.47452065407469E+00
 0.50877901064478E+00
 0.54551679315688E+00
 0.58491426857696E+00
 0.62716491207163E+00
 0.67247638888253E+00
 0.72107160756258E+00
 0.77318985634177E+00
 0.82908802306154E+00
 0.88904191237196E+00
 0.95334765690067E+00
 0.10223232439423E+01
 0.10963101533565E+01
 0.11756751274030E+01
 0.12608120709458E+01
 0.13521441033107E+01
 0.14501257678017E+01
 0.15552454128070E+01
 0.16680277583236E+01
 0.17890366640419E+01
 0.19188781126958E+01
 0.20582034294175E+01
 0.22077127536312E+01
 0.23681587838437E+01
 0.25403508199952E+01
 0.27251591268671E+01
 0.29235196399029E+01
 0.31364390529528E+01
 0.33650003054062E+01
 0.36103685113275E+01
 0.38737973667253E+01
 0.41566360698269E+01
 0.44603368028946E+01
 0.47864628212519E+01
 0.51366972084137E+01
 0.55128523419118E+01
 0.59168801592058E+01
 0.63508832776282E+01
 0.68171270673920E+01
 0.73180527708181E+01
 0.78562917907652E+01
 0.84346812805603E+01
 0.90562812063963E+01
 0.97243930898259E+01
 0.10442580674360E+02
 0.11214692848275E+02
 0.12044889221322E+02
 0.12937668882326E+02
 0.13897903027824E+02
 0.14930872364018E+02
 0.16042310499524E+02
 0.17238454969585E+02
 0.18526108141307E+02
 0.19912711117255E+02
 0.21406435005228E+02
 0.23016295755514E+02
 0.24752301448822E+02
 0.26625644867232E+02
 0.28648959898529E+02
