   5.75680180862328832789351820630922628      
   5.75669425692911330990581491903630008      
   5.75651514762669859219178455454666339      
   5.75626492095687144166349782256549645      
   5.75594698234923716810708707147599348      
   5.75557981472842558914595446980764069      
   5.75521638257048464427608392427373968      
   5.75495477539076325907588471970227884      
   5.75493226030599227632021066207287455      
   5.75530909458918559682829319178180671      
   5.75625165190035052049086289481559234      
   5.75792076922076514190244187526001777      
   5.76046697214293487010226706058777436      
   5.76403134884814331249446959107935069      
   5.76874944931023309405900963785342915      
   5.77475549356784809473812748415270768      
   5.78218497942446017996234853349688805      
   5.79117492409612144135489002534929072      
   5.80186196299253595673268770977883045      
   5.81437910634763621867842851678443066      
   5.82885210404157363999905584586539507      
   5.84539621574999800526294457631667053      
   5.86411388967834241979488494416179426      
   5.88509354916418771197055516678577560      
   5.90840944852719885091559183142799299      
   5.93412241286424473237423872311468180      
   5.96228121401607217170909333290537777      
   5.99292433304322444775267054837412199      
   6.02608189394364770288114185776450018      
   6.06177760257495153942008334762410739      
   6.10003057538294644168938435108298638      
   6.14085698630660074215032414053888625      
   6.18427149418297445586205196186720298      
   6.23028843662479567274687110468939252      
   6.27892279071518512539122287374574663      
   6.33019090725453802435257088946963800      
   6.38411102562496048482434572615691562      
   6.44070357054046389282951748700728105      
   6.49999122107341004408051484102597303      
   6.56199872487567410036155207324688241      
   6.62675240458555965542741827084662591      
   6.69427926463091209065584310173878197      
   6.76460554797758150627139011259051982      
   6.83775450064870301098957525848224606      
   6.91374295524301735964789526586692206      
   6.99257610349179301470320205067553228      
   7.07423942157597140514022489671090730      
   7.15868601338223947562977739772330969      
   7.24581643221026969118149042236652069      
   7.33544606934929813440047079544913235      
   7.42725291978923180972640534176832994      
   7.52070400774011702687333877990892473      
   7.61505248179584938341336412204989068      
   7.70992148279541222625517270879462896      
   7.78547134987066409764113575049125936      
   7.75012627550584444533991234361681293      
   8.32932828700118532445070574854036660      
   8.44142424662382659611894719978445252      
