   1.84051563690825564413742632668960826      
   1.84058440985856871092391088731167163      
   1.84069894822418492758274424619378253      
   1.84085898324179898740104121617669008      
   1.84106235422773870055976975619164138      
   1.84129725672847304491020164947956385      
   1.84152981367157983560331405772421191      
   1.84169724100664315946698757235762494      
   1.84171165161957203478142245926390715      
   1.84147048390542445484259948095871310      
   1.84086747018487444515295679876573432      
   1.83980035635920170476384864143384414      
   1.83817428341772281823998505274090250      
   1.83590159633643123979280636060579222      
   1.83289975822433049441120744402868960      
   1.82908911987356811475181701618438336      
   1.82439177398445089123014438160581335      
   1.81873197226359476583005988135891231      
   1.81203792883725644052574046531186412      
   1.80424444863960930918342728827391348      
   1.79529572038229997326491910561983182      
   1.78514772015799142181125563542987685      
   1.77376987628673928086602427326123607      
   1.76114586017515808162728533947087483      
   1.74727353845535840610148780432070447      
   1.73216422931200730458124883353786773      
   1.71584145387896062256082707173848828      
   1.69833937717449118669454664388468749      
   1.67970110898951785847177626359245147      
   1.65997699867425558409814447274120168      
   1.63922301897432475195596848097328451      
   1.61749929935943840982737086460128858      
   1.59486884130220246015973379894406046      
   1.57139642736502958570093759990941035      
   1.54714772213058959403480051481368861      
   1.52218855492800829667770277991120574      
   1.49658437046304541009474747735449915      
   1.47039983328347355012028145659113139      
   1.44369857428397714529033686974174114      
   1.41654307213620580894979729016866430      
   1.38899466950363023766340447739686745      
   1.36111373385829230280947842863350903      
   1.33295998685813747960596076023075861      
   1.30459304729582359746200415023365311      
   1.27607326495199354099660488330945166      
   1.24746297451664878601753311333798721      
   1.21882838444477808426952787623946088      
   1.19024246064298910882253163936810722      
   1.16178940927418382133575040069692574      
   1.13357174104493841125835353748356470      
   1.10572121275434694823708017218858305      
   1.07841290126374537585332621113289307      
   1.05185594577194129697146286121167491      
   1.02612946221459634899418085846858749      
   1.00631106033397909320655431118895016      
   1.01551071558464685519374925875049795      
  0.879188722900267165830306323336425699      
  0.855993787689098774973519220113526558      
