   48.4435085549890499945814141422277750      
   46.3801390457109711818790900641387444      
   44.1287580426635254155837770820875561      
   41.6169355955637728689982541937784547      
   38.7091188686690005255591029382525053      
   35.1168326169155500162385189215578588      
   30.3015327923013851693698485837034303      
   23.1575837200885744071912533138441939      
   6.88295949076169738618041046018750447E-0004
   1.21828080083994775220653175550134609E-0004
   1.21455611387026680766731659649014544E-0004
   1.20915758565811871476306985018989165E-0004
   1.09978932233580760131934177328940982E-0004
   9.56748320033813644051323986010379451E-0005
   8.82197183879269892768905921226586171E-0005
   8.82423209326765673787914631452960574E-0005
   9.25046037894676394060742278490567985E-0005
   8.86398440364955340868839975513014040E-0005
   8.84913206170435387390228323532605276E-0005
   9.16980215421038975050423613115337243E-0005
   9.14156970991852259829660725900368836E-0005
   7.25902523517081727376286915562974391E-0005
   6.12246434657566788511377008626697104E-0005
   5.11656757901140390859313659071362731E-0005
   1.55183008923911317804093791777205694E-0005
   1.55182283443623054507095109590307453E-0005
   1.55181414280116956152903728052882804E-0005
   1.55180433363118833777490695524705558E-0005
   1.55179369896564606407659417587242856E-0005
   1.55178249748970697818796925626912138E-0005
   1.55177095183086899610816550288286775E-0005
   1.55175924855040407847067790740595994E-0005
   1.55174754005963384851240238404579790E-0005
   1.55173594774956020005400134289186069E-0005
   1.55172456574623770534523353358005230E-0005
   1.55171346485018220535736827978111081E-0005
   1.55170269635714320794423588770659996E-0005
   1.55169229557446966887429090251342547E-0005
   1.55168228493691645970741097321590252E-0005
   1.55167267668912193738968939324553669E-0005
   1.55166347514325378861719817954321399E-0005
   1.55165467854454511944790070980413078E-0005
   1.55164628058947354585133432223849934E-0005
   1.55163827164522633623295043027993623E-0005
   1.55163063971795697676687109800547417E-0005
   1.55162337121340845100881914639602833E-0005
   1.55161645152825495835093233660280536E-0005
   1.55160986550495296998591632613738448E-0005
   1.55160359777754634056640862640294376E-0005
   1.55159763303103096989531648200946457E-0005
   1.55159195619266961913973336494081620E-0005
   1.55158655257007539227063203808399926E-0005
   1.55158140794791269782052478692642040E-0005
   1.55157650865263247144914810185939426E-0005
   1.55157184159268661937686393405194701E-0005
   1.55156739428008362366079733699709550E-0005
   1.55156315483788183882067616119211969E-0005
   1.55155911199721307755031123669008833E-0005
   1.55155525508663488664721667530399334E-0005
   1.55155157401598046658388629413008339E-0005
   1.55154805925638517820327454945062011E-0005
   1.55154470181777847358688353885256990E-0005
   1.55154149322482730201907540677547948E-0005
   1.55153842549208025242302244380988007E-0005
   1.55153549109887470416262042737879363E-0005
   1.55153268296442559101876595381405625E-0005
   1.55152999442340182278700299907305787E-0005
   1.55152741920220876143548871985205512E-0005
   1.55152495139612810628922083269919699E-0005
   1.55152258544741459686065474268325296E-0005
