   1.16721571171881235463524864086952892      
   1.14070846012218091368806436169741367      
   1.11455932575527881356216356979916714      
   1.08891063247617476058230151551861810      
   1.06396273872301198724007928907669616      
   1.04005081390410198230390504918693002      
   1.01862854908256699400715915460158397      
   1.00560009813620594400854255398573223      
  0.920238989222540057582815360473681330      
  0.862563009275302538714359319607876785      
  0.837040582411327194428532677089368900      
  0.810074332662296748181047570147470692      
  0.777867909608703379520983619769281298      
  0.739622946474008135609476042915296799      
  0.695409068351273316604851745750826117      
  0.645626878027309763948147341318737820      
  0.591008963629506639362205050782957553      
  0.532980077403527298258527106084163351      
  0.473992167960267906624825475397093192      
  0.417313293961618908323974616272912697      
  0.366324024642373655164864541232310322      
  0.323871034527520691574202074335493959      
  0.292086562432437662628223818835442341      
  0.272861544512016286014004905303247246      
  0.271316680297013453305176129455717872      
  0.280268575497938830091151916879774164      
  0.289086939912131988333141301667361520      
  0.297772911443999836136820252485216267      
  0.306327675112848838929458957347843235      
  0.314752457336755271062727086530022238      
  0.323048520902048784476896829040767686      
  0.331217160537722849326652738899485937      
  0.339259699020638609706740146819708861      
  0.347177483746420647933927124880264639      
  0.354971883705922388949456862237628910      
  0.362644286814677776322219691736137722      
  0.370196097548076119055392206607400513      
  0.377628734840119419859048115527035776      
  0.384943630209134722983645671068350283      
  0.392142226077102094271477558615010211      
  0.399225974255017324399020657015182888      
  0.406196334568382779896331634362796782      
  0.413054773601681526917618753061522267      
  0.419802763543374556768621522138319188      
  0.426441781114441471700217859666415041      
  0.432973306568060967881878794307525022      
  0.439398822747646442719006422044186090      
  0.445719814194344876228127389423053206      
  0.451937766295273152294689531278215133      
  0.458054164466311613072508217199798333      
  0.464070493363660831022881099823836372      
  0.469988236120176310126702617118177923      
  0.475808873602434607234018715898941325      
  0.481533883686839506669454105042111049      
  0.487164740551778483683247950458113640      
  0.492702913985725411979260479858313564      
  0.498149868709215714959937970546884429      
  0.503507063709959831918250253078984361      
  0.508775951594523378103243884736617467      
  0.513957977950053067154348130429639446      
  0.519054580723006525952714025541511816      
  0.524067189611573840927713793884034521      
  0.528997225472351126045741685272964167      
  0.533846099744762264896084744776265009      
  0.538615213890773428433641093676208355      
  0.543305958851746865909748348230089003      
  0.547919714523914584882222186707766977      
  0.552457849252032399906056466607185954      
  0.556921719342288554030155898703984071      
  0.561312668595381808210453253110713331      
