   5.77095191394457210097187104515619335      
   5.77702453030247803920314857091537334      
   5.78352115426087976426010785770666159      
   5.79043957686819814023487798235837690      
   5.79777652861100628168853100665756376      
   5.80552775356585535933297756730115210      
   5.81368808096536689352445811266619265      
   5.82225149348850040737289398455645971      
   5.83121119173870125782815684989221778      
   5.84055965450361679603291158940675214      
   5.85028869449742246941609922362018748      
   5.86038950937284152301432727665212398      
   5.87085272785620038631869324434783465      
   5.88166845090623275081732158468379158      
   5.89282628782833774758106973615011896      
   5.90431538729047089586416736468151376      
   5.91612446318602346809535946082129205      
   5.92824181527448053907182665209296692      
   5.94065534450036184365933791688759000      
   5.95335256284627502078231688564162580      
   5.96632059751537854388062144643317680      
   5.97954618915922533461774755968865002      
   5.99301568376839865417568485293025113      
   6.00671501771889467156034147261943204      
   6.02062969531452631392610705281125195      
   6.03474475797455762327268955645568183      
   6.04904474397944860634420162256595538      
   6.06351363738981773732630290971890109      
   6.07813480437956921378015136095738249      
   6.09289091474695416236153573393649923      
   6.10776384575531858661169790513939754      
   6.12273456466180822673460576947180103      
   6.13778298525342111468028478836902834      
   6.15288779233496458164891026672936464      
   6.16802622627314788080029234564933165      
   6.18317381720799922020443799447212621      
   6.19830405512182433462241791617329954      
   6.21338797719523065098726242005472314      
   6.22839364715613549186756108455535215      
   6.24328549167301912690287959676004469      
   6.25802344473236593080955945476773099      
   6.27256182990285530787335349906401282      
   6.28684787833746248520840431582052497      
   6.30081973033649729068847032042023895      
   6.31440368806993189794246513728060391      
   6.32751035444403548075744029060532756      
   6.34002906624049442986499716072042583      
   6.35181962612154126764090546359080094      
   6.36269958730876209299610184467854966      
   6.37242387277718522688983172891208076      
   6.38065043925779028303583361226548993      
   6.38687877733875799222340563297669363      
   6.39033084836324354066451530073475878      
   6.38969529858659395034985224808248385      
   6.38248858244645890288560330279018764      
   6.36301890122563090656047557603425713      
   6.31193070999876902802618756590136690      
   6.57174399876091846323397989852707281      
   6.82961396543359875843096363450609298      
   6.94827550968456893331752214630777416      
   7.04181375885024607736285335091180544      
   7.12446010639493501582054172794097467      
   7.20099771041211936939117732382399459      
   7.27354903591921180681374529683928028      
   7.34318158049644179031449924163029697      
   7.41045066276598875994342487852336044      
   7.47561198885455798808552346426609012      
   7.53870233892757343454146008939513063      
   7.59956169452584288056023014293276462      
   7.65782898301403240278366845404184418      
