 0.98096563481880E-02
 0.98359971820960E-02
 0.98638049254031E-02
 0.98931070013359E-02
 0.99239306986716E-02
 0.99563034543584E-02
 0.99902531434709E-02
 0.10025808377091E-01
 0.10062998809247E-01
 0.10101855454590E-01
 0.10142411019017E-01
 0.10184700246016E-01
 0.10228760282092E-01
 0.10274631065284E-01
 0.10322355741481E-01
 0.10371981114086E-01
 0.10423558133487E-01
 0.10477142433947E-01
 0.10532794926811E-01
 0.10590582460566E-01
 0.10650578560209E-01
 0.10712864260757E-01
 0.10777529052690E-01
 0.10844671960718E-01
 0.10914402781852E-01
 0.10986843514398E-01
 0.11062130016790E-01
 0.11140413944271E-01
 0.11221865023291E-01
 0.11306673738635E-01
 0.11395054528199E-01
 0.11487249606331E-01
 0.11583533571283E-01
 0.11684218998655E-01
 0.11789663285514E-01
 0.11900277095940E-01
 0.12016534878266E-01
 0.12138988092393E-01
 0.12268282025745E-01
 0.12405177425059E-01
 0.12550578686293E-01
 0.12705571121204E-01
 0.12871471014211E-01
 0.13049894068176E-01
 0.13242850892132E-01
 0.13452883286403E-01
 0.13683263906388E-01
 0.13938297778307E-01
 0.14223794133977E-01
 0.14547836898496E-01
 0.14922110042762E-01
 0.15364331111985E-01
 0.15903114285258E-01
 0.16588868793855E-01
 0.17522588224151E-01
 0.18954433268480E-01
 0.21844814241868E-01
 0.17067965983267E+01
 0.83496127170854E+01
 0.13892695166827E+02
 0.19081133406047E+02
 0.24090353263174E+02
 0.29002281398738E+02
 0.33868077881632E+02
 0.38726775459890E+02
 0.43611613673748E+02
 0.48550513896912E+02
 0.53562965393210E+02
 0.58655347887518E+02
 0.63816680781502E+02
