   73.9877083356283277975154544480352781      
   73.4898994764719987850100484053404559      
   72.9749807997655938927786130210169919      
   72.4430730403366140757570794439256500      
   71.8942907969365652082891875844899294      
   71.3287385406195171429047948204782082      
   70.7465066704537116264491715311383188      
   70.1476675913696726334684598024388408      
   69.5322717831342304205244927419075951      
   68.9003438233262895136772713103971021      
   68.2518783205546593750374013119840335      
   67.5868357067480255398535815638081973      
   66.9051378288356923469005708894157423      
   66.2066632701313163007290634649808938      
   65.4912423197504385753677203510661452      
   64.7586514938027525335762937706875083      
   64.0086074941081574776978816412207767      
   63.2407604677658620281263908055028093      
   62.4546864027007774942078741526447258      
   61.6498784585113116206796885383886094      
   60.8257369861633987485032104892808436      
   59.9815579310095151044983866626957699      
   59.1165192368236855763476983016936786      
   58.2296647677722390668954700633601800      
   57.3198851318015306133105492113260322      
   56.3858946104293925157720271171289033      
   55.4262031585409937077065808508962483      
   54.4390821075456945790480968877681441      
   53.4225217475929657135487247521366922      
   52.3741783214872280859374005624662457      
   51.2913070455599220160533094392668557      
   50.1706764420956346696596806361811983      
   49.0084573020872769749984267592587562      
   47.8000766333910483567338133885380282      
   46.5400223787701662321756183806719325      
   45.2215774569887811545782191972304426      
   43.8364499004781604993580871464452513      
   42.3742460148673097906914531627527457      
   40.8216986825949987943530219033362606      
   39.1614989105904320082137875561514397      
   37.3704538083378373477060185830058377      
   35.4164318680053968471220345881946199      
   33.2529520522460093504067484668626449      
   30.8087075252485256417426171030188843      
   27.9646002408678443591260538566810081      
   24.4933933173205825202172214283949453      
   19.8459780868368011826020093037774370      
   11.5698421488476158538794747224688343      
   2.81557384700960143231685710069397349E-0004
   1.21289062211892500622685464588409091E-0004
   9.90873934493872222656364641978271886E-0005
   8.63778188886847434085950245714414452E-0005
   7.49136743271686292081412704636162049E-0005
   6.36903073244837618138655977959528987E-0005
   6.19019342384236419847127151238974981E-0005
   7.82141116473562663299669084013670956E-0005
   9.54506660256742668283467835932763311E-0005
   7.98684780046184009667554900786654905E-0005
   6.69570954475080099112717766388435335E-0005
   5.92224198480840166979662189612283813E-0005
   5.40953482740960753780909286166685621E-0005
   4.90571257093200204341029002160360674E-0005
   4.35291368936882332039841614793562985E-0005
   1.55786664268790031233057891810530017E-0005
   1.55671786414979632397652076643582897E-0005
   1.55582480008075628533591145130132181E-0005
   1.55512123980774933386953476420358789E-0005
   1.55456018292283102905714913847370076E-0005
   1.55410773798993403083197903934621826E-0005
   1.55373910950035235731465705482612910E-0005
