   5.90005982406735917378643652363890881      
   5.91357982663016945855015719667414565      
   5.92758396796250259069226715751983322      
   5.94205613357599495932066203367289754      
   5.95697965256158628352277467096244338      
   5.97233736087292603926521726039112264      
   5.98811165489300213792098460548432668      
   6.00428453581619397533985692590787745      
   6.02083764530177785580570926262123107      
   6.03775229276181690115376535831793440      
   6.05500947453793435415868564607430497      
   6.07258988509744651356653394275447895      
   6.09047392023892678610624447854031375      
   6.10864167213751434247519876253937044      
   6.12707291587661195866045071811377399      
   6.14574708689890865952654525717288116      
   6.16464324855725322486487298933726771      
   6.18374004864234000935611117713499308      
   6.20301566339355765775242183436411052      
   6.22244772704025871659707071127005915      
   6.24201324434227815827703789345118729      
   6.26168848286157808100879972547989101      
   6.28144884074279501491465176793650576      
   6.30126868453202732781766668560176443      
   6.32112114990631480776225412259427665      
   6.34097789595941660468891356270366935      
   6.36080880065728143326648117178289316      
   6.38058158088718230572548334038452654      
   6.40026131465190606767325166413437013      
   6.41980983459252028641924276437602407      
   6.43918494989233025041236818949390858      
   6.45833943568718417435059936760550701      
   6.47721970205203509081111015643522839      
   6.49576401284075842394260384574306554      
   6.51390005839994512494172882271991000      
   6.53154157804877207681771900117835189      
   6.54858354589993695534152189038938792      
   6.56489511464613830634032050257144588      
   6.58030893002761146744622323742308029      
   6.59460431453008667397113591167892382      
   6.60747956179838247613840792880002593      
   6.61850369070202056269031631440101788      
   6.62702646461216311588506400327413158      
   6.63199500084947617025776089231886653      
   6.63153088891685986286119546634631174      
   6.62175039855406925173108762838732710      
   6.59215258236015321070806194588038040      
   6.48326530362619640175871951007924915      
   7.02072569354709745743315885105589563      
   7.17499313435273171593543264050561716      
   7.28265532248732910147960121587258196      
   7.37432419414220113873955696112634467      
   7.45796133844595633576086585888107530      
   7.53678941823310241792590957637908872      
   7.61236669905719650962329343261388866      
   7.68548881319339648612647600876896723      
   7.75651325038639552268357342866712996      
   7.82547452502076936220515373026458195      
   7.89211298586703150267323714485395575      
   7.95586923169033185422015076781313656      
   8.01585554743993827675574311153933642      
   8.07076422031473204598384246199501776      
   8.11850719459721963101170919366223181      
   8.15308407593480673905308931783901248      
   8.17819876061212559466918719277493781      
   8.20285833527317978650516179323135005      
   8.22705741684534533465307726001653498      
   8.25079116734649340976342214097811804      
   8.27405528643451636951711108669828043      
   8.29684600324448955161538236318351100      
