   4.42811861429650897959598430987890546      
   4.36347966883500011964912433598294756      
   4.29969473095539374743561650455684356      
   4.23671098620890599399276717903390197      
   4.17447861977927575444493928315400954      
   4.11295037282517966709683358554032886      
   4.05208113322211116849603851276202179      
   3.99182755562573683754895981801958260      
   3.93214770603849890567466483181502957      
   3.87300072624187694173838890086370436      
   3.81434651355743501056337764734529425      
   3.75614541141762537715500831959714195      
   3.69835790615433213515142791151625732      
   3.64094432523734678766211370365966434      
   3.58386453190031627214356194827711849      
   3.52707761065371777330243153847074946      
   3.47054153757158177266853980859213917      
   3.41421282840802511583723278488314174      
   3.35804615649344656625631139156470254      
   3.30199393089880938945350608368744956      
   3.24600582343517250038551755249714817      
   3.19002823052572870464209168518338484      
   3.13400365265021393860639484654730867      
   3.07786996963195321249207344213121238      
   3.02155958412000418677006762932013924      
   2.96499839764510672940615133306284288      
   2.90810457277564497305063547086640814      
   2.85078701996591124553763855980582895      
   2.79294352687811742911637227170043918      
   2.73445841855421441090101855649965214      
   2.67519959462918892072890645776132728      
   2.61501472822218081758767722227662662      
   2.55372631963340371327403992802529182      
   2.49112515907675370532762844722879401      
   2.42696153690844412908642121298524750      
   2.36093319570059897423293646824691917      
   2.29266845310244316602216292792198140      
   2.22170196278502863036767185248859461      
   2.14743887750295371163446633173596679      
   2.06910001159750242296820521510575561      
   1.98563435369109406678249156501135711      
   1.89557201798157136304409383908100695      
   1.79675983093948022309580782470627718      
   1.68584078806772449064875250115820475      
   1.55709124212764747381857072341893689      
   1.39929331047220212760223462660619475      
   1.18427254352164873229766203583360456      
  0.775710382123199178932248472995540028      
   5.90585072948527022518050338710703499      
   12.1809169117224265363916742962794015      
   17.8524990829632206214420582763424586      
   23.2461940253990657697548844613880075      
   28.4875574070950708209599672075634835      
   33.6480363509742893762169422972372183      
   38.7787111892701952188636484101593869      
   43.9209093322791607523487747945656741      
   49.1078760948056812339009591622645039      
   54.3617565226075041224264073045518545      
   59.6888050989747269112578365336209818      
   65.0752464162272549662121688543942553      
   70.4845458921004610689370168584725530      
   75.8539687100115415235208799165882927      
   81.0814140552367864392188253916371605      
   85.9063981221761619063163367941385144      
   90.3821637684532111145239017192902799      
   94.8108571456760401656568343661619488      
   99.1904264364349271222950164290991641      
   103.519447614666595351715882025126071      
   107.797008460940063293231054125407593      
   112.022603025660330720416853458602911      
