   1.75222243774387976995448014354294018      
   1.74421951170229103134287645296168331      
   1.73598767807037990571662517367904438      
   1.72754181156769571247038887285767811      
   1.71889692404473297621388715570775890      
   1.71006809382489940541761049797845190      
   1.70107040353176670059115611725311221      
   1.69191888600676022298675434740359422      
   1.68262847792738263056785607224053664      
   1.67321398075546292321438139017261710      
   1.66369002867662282113863519027218914      
   1.65407106323502796609756266413023963      
   1.64437131442068020732775710178447665      
   1.63460478803032381922719898801404422      
   1.62478525919854415330394757120575182      
   1.61492627208460272725699163037092947      
   1.60504114580587807999099266803189085      
   1.59514298683505781282521043169014348      
   1.58524470823137502250282384714975296      
   1.57535905626440429478109545689586914      
   1.56549864522442399506113139467920424      
   1.55567600151138277053313302882340902      
   1.54590361847861489492026539396535525      
   1.53619402400823469566670757887536972      
   1.52655986345855565741672777516311398      
   1.51701400151490199469942024876083979      
   1.50756964768884323364489586340244779      
   1.49824051188990642472320203850299623      
   1.48904099885185447058110953482953544      
   1.47998645356395798494101140578874610      
   1.47109347475477423741140120327303881      
   1.46238032073630138862433241985360240      
   1.45386744291125500749347966199542915      
   1.44557819929253174181499036360292997      
   1.43753982751207113280341454233598812      
   1.42978480124585687215365852816744823      
   1.42235276924111652081757346097218407      
   1.41529340836734754251294692111053202      
   1.40867076448784679899172837662061117      
   1.40257012134400638538503816416756427      
   1.39710938771968004370150470989410074      
   1.39245906565848638289835877219267580      
   1.38887978840367747460243888782448055      
   1.38679953513588862248668235164308026      
   1.38699365403411038315375733563206075      
   1.39109392828911309467496114512612024      
   1.40361359408045217882996678711973045      
   1.45115726376125694781341335039194670      
   1.23747962665378742703254259919766784      
   1.18483831019202854621294854207469617      
   1.15006544803510359635025349737169822      
   1.12165065679002197549533631127309107      
   1.09663426713216886611546314737818685      
   1.07381460294241979602354963379801647      
   1.05259830488844765448022035038318822      
   1.03266409755951567336475195105970264      
   1.01383899252833871654571726889269890      
  0.996048999998243004112037383245953072      
  0.979299379937181843733607943295127311      
  0.963666574638475217242646335931761068      
  0.949297425971981534879811226311419379      
  0.936424456863106243729745488820523704      
  0.925443070716871259549648558840231991      
  0.917610186403486356742635897092185610      
  0.911983004769640539872318155139540858      
  0.906508008494534320421054552702438700      
  0.901183042868065341566064970500577856      
  0.896005917265054182415836943215227051      
  0.890974410210866885683687039451607584      
  0.886086274135045712003962476985788449      
