 0.97854782405090E-02
 0.98101131500219E-02
 0.98361679754876E-02
 0.98636710470935E-02
 0.98926503445889E-02
 0.99231337643870E-02
 0.99551493945065E-02
 0.99887257974264E-02
 0.10023892301477E-01
 0.10060679301917E-01
 0.10099118573385E-01
 0.10139243595917E-01
 0.10181089897314E-01
 0.10224695415193E-01
 0.10270100882709E-01
 0.10317350242663E-01
 0.10366491095502E-01
 0.10417575187686E-01
 0.10470658948013E-01
 0.10525804080822E-01
 0.10583078226611E-01
 0.10642555702558E-01
 0.10704318337838E-01
 0.10768456421568E-01
 0.10835069784897E-01
 0.10904269043312E-01
 0.10976177030989E-01
 0.11050930466283E-01
 0.11128681896711E-01
 0.11209601983649E-01
 0.11293882202313E-01
 0.11381738052588E-01
 0.11473412902603E-01
 0.11569182621799E-01
 0.11669361207108E-01
 0.11774307669248E-01
 0.11884434533161E-01
 0.12000218427451E-01
 0.12122213407780E-01
 0.12251067902345E-01
 0.12387546520695E-01
 0.12532558489432E-01
 0.12687195265862E-01
 0.12852781094452E-01
 0.13030942187230E-01
 0.13223703318130E-01
 0.13433625821615E-01
 0.13664009995013E-01
 0.13919201155429E-01
 0.14205069339930E-01
 0.14529794146897E-01
 0.14905218014025E-01
 0.15349338624423E-01
 0.15891309742526E-01
 0.16582710909091E-01
 0.17527563559967E-01
 0.18986554486979E-01
 0.21990053063851E-01
 0.20333061636827E+01
 0.85358067898417E+01
 0.14027773344530E+02
 0.19179685276606E+02
 0.24158926167717E+02
 0.29044704362011E+02
 0.33886874367573E+02
 0.38723722480539E+02
 0.43588042474106E+02
 0.48507527908257E+02
 0.53501628783188E+02
 0.58576848916334E+02
