   1.83830839219855573126901690074395548      
   1.83486940900538713336849768153265264      
   1.83117525001126120431908852828410257      
   1.82722872887868241702816349548608368      
   1.82303351410330840495030081471261248      
   1.81859406574318828244693852466695203      
   1.81391557186160506944232757879648123      
   1.80900388552322339695566030876464498      
   1.80386546305363853117243858357292245      
   1.79850730415410170489960052665662900      
   1.79293689435590820194974484640767503      
   1.78716215020492681191928403865632304      
   1.78119136748422362158831553256362946      
   1.77503317271302993370539719309572691      
   1.76869647810193928409872423891255651      
   1.76219044009755074296806009176247769      
   1.75552442161333146858650318391312643      
   1.74870795801787089290795302501364806      
   1.74175072693563833611761237052428633      
   1.73466252190890699624701348201314078      
   1.72745322997296490007834894698230454      
   1.72013281320957105748741075232722604      
   1.71271129436707548090656638936653995      
   1.70519874667029704048709188699855703      
   1.69760528799048151821899475098166486      
   1.68994107960814788649839763850924320      
   1.68221632988168468491074526069410762      
   1.67444130323727124032039102230585220      
   1.66662633502576724318143175719802599      
   1.65878185295910625691840583785178245      
   1.65091840605166282627243596673746267      
   1.64304670226793152579442252989595140      
   1.63517765643604903790326269219840620      
   1.62732245045820620484721909644858537      
   1.61949260847427316147987850668482475      
   1.61170009047544938705630493808160169      
   1.60395740900610363011696054089963831      
   1.59627777516445671991242617540136199      
   1.58867528230787035543209198567644442      
   1.58116513898115093710478927575451039      
   1.57376396707244872495798276313621370      
   1.56649018778618359668532483188176965      
   1.55936452788074311873756550946500471      
   1.55241069370677415411927956526595302      
   1.54565628424328042498668100414704060      
   1.53913405246170012706458439433218673      
   1.53288368771461372589434033969369693      
   1.52695440085558508451734284062099673      
   1.52140878888541277086567227190754268      
   1.51632882132050146703393197980615578      
   1.51182551227381165435255083162456985      
   1.50805536150653845829634290498276909      
   1.50525010526094625160239241264451798      
   1.50377501521651500902335524003395707      
   1.50425603294917148294017299500170885      
   1.50790359618235009825388147220012684      
   1.51757397063172414574878919721662443      
   1.54350753915922822958838897382194790      
   1.41143249495106919709679493691424909      
   1.31468990374752295637082940126799152      
   1.27081767228678195169703194852923008      
   1.23752130044361870899491741495346119      
   1.20910331426173883664163854696771430      
   1.18361863253159620569739802225899158      
   1.16018394606206941066982729995984885      
   1.13833464477312761945930989694812409      
   1.11780600604387975837355884186378442      
   1.09844537007873805040972517908454992      
   1.08017521245525398502843805151559353      
   1.06297798074986075391840224495697030      
