   1.25072959576206743801622920690916490E-0002
   1.25513313806687271810970645798228413E-0002
   1.25981409599778450392591906240262491E-0002
   1.26479928348915803828496246990069646E-0002
   1.27011912896724267928043078477475378E-0002
   1.27580836352309254572306780431180032E-0002
   1.28190686515058835187147834307351238E-0002
   1.28846070288028368260285987892895147E-0002
   1.29552343992199953358869624331610620E-0002
   1.30315777637173796403529834845956731E-0002
   1.31143764253113159979205192594323572E-0002
   1.32045089786435484294509001987333989E-0002
   1.33030285500405639076387578234425977E-0002
   1.34112094404640850174587554131234410E-0002
   1.35306097764170291852045106110988435E-0002
   1.36631570236845211172253322225241297E-0002
   1.38112667952644733517545481677460613E-0002
   1.39780112638130913503825877180846552E-0002
   1.41673635864874451556632960303405220E-0002
   1.43845631051810650305266062080731206E-0002
   1.46366817992755710047891579633776865E-0002
   1.49335471322214266655206294157125309E-0002
   1.52893432245506424111703483890268028E-0002
   1.57256089020899722042293377452591679E-0002
   1.62773752557208071765995812111825654E-0002
   1.70072181502733904069413416467604938E-0002
   1.80431015756224689332878347738474048E-0002
   1.97117944591551113533701488472335881E-0002
   2.33597785396519818849261922223020587E-0002
   4.05811345753058021076619565386267727      
   13.6623117920709496780220164659100258      
   20.9565516341507975687446157570935225      
   27.2385459287629663251478100298071840      
   32.8842849469854652086819788962925316      
   38.0750906350251155517727130074992463      
   42.9170773105173147510415525431229376      
   47.4792418424618461702127616634213951      
   51.8094790944044408669035212578879069      
   55.9425086614723345464091825227314315      
   59.9042222443694004931982440386046905      
   63.7142142755410084264752321740992583      
   67.3872654042457446437350407805619551      
   70.9340972957387613462596549112585147      
   74.3613660703206794614514771320006036      
   77.6699401095429344208810114480519333      
   80.8389093747793039148096015131518862      
   83.8889394858097915973018980336872920      
   86.8586066494313430260089130754003930      
   89.7528965514672223409747319187975655      
   92.5762634694561923691507637904632982      
