  1.974726777111227034797797603564956E-0002
  1.974726777584978057914444011219809E-0002
  1.974726778034866936175996318578937E-0002
  1.974726778563741291657716726523366E-0002
  1.974726779149058771564449217348520E-0002
  1.974726779828463478919715694043559E-0002
  1.974726780504836392015486039575280E-0002
  1.974726781276084182607252750087509E-0002
  1.974726782171709008279551929270736E-0002
  1.974726783109081862736645263211620E-0002
  1.974726784114672149689138559387725E-0002
  1.974726785229811068886120322447282E-0002
  1.974726786470660167704297169254676E-0002
  1.974726787867008001088377182668017E-0002
  1.974726789333492308114183127526843E-0002
  1.974726790955380389193732678647440E-0002
  1.974726792740838270010386753020434E-0002
  1.974726794733432340024861849941588E-0002
  1.974726796870014502862257152159612E-0002
  1.974726799173452658393238483585100E-0002
  1.974726801713142397529249439046078E-0002
  1.974726804530292084549672479089800E-0002
  1.974726807524954575454359665868448E-0002
  1.974726810804505616423814923298285E-0002
  1.974726814379184380690152908939173E-0002
  1.974726818263582366665932386463620E-0002
  1.974726822512569486541413403330642E-0002
  1.974726827037290815097921080450533E-0002
  1.974726831971277958535126337791507E-0002
  1.974726837300217867569238792300047E-0002
  1.974726843093091692182501765285916E-0002
  1.974726849258316796774208286268408E-0002
  1.974726855920810985879424239727181E-0002
  1.974726863088889526438206082039699E-0002
  1.974726870821523724540980608900088E-0002
  1.974726879037688459767215940111226E-0002
  1.974726887852306561461337712280105E-0002
  1.974726897282470597780965144257837E-0002
  1.974726907353409829773983485577810E-0002
  1.974726918132545108709555781664219E-0002
  1.974726929536773375369695584162538E-0002
  1.974726941707965049320261402630201E-0002
  1.974726954691950549514523359446085E-0002
  1.974726968437563197848402895110258E-0002
  1.974726982999074168523248179963439E-0002
  1.974726998471877374658875934137336E-0002
  1.974727014920238739805016104558342E-0002
  1.974727032303523585049452274019766E-0002
  1.974727050686259998629490378928902E-0002
  1.974727070164765857057161765578520E-0002
  1.974727090788199653594029370791645E-0002
  1.974727112649885846516854960862931E-0002
  1.974727135709582856145390224045953E-0002
  1.974727160134742498271193655768633E-0002
  1.974727185976374859446274389812028E-0002
  1.974727213357591040261798759485002E-0002
  1.974727242249444800868974859625329E-0002
  1.974727272857252496313662437344875E-0002
  1.974727305244564171089523932419925E-0002
  1.974727339534139304867877407695467E-0002
  1.974727375848035609781948461627903E-0002
  1.974727414283541601564961895634526E-0002
  1.974727455004842386475503553957447E-0002
  1.974727498158087339731254437274567E-0002
  1.974727543930518572408565318554223E-0002
  1.974727592397388952846646310809227E-0002
  1.974727643827216050149776026472155E-0002
  1.974727698404803133332549135879343E-0002
  1.974727756379742875156773750362963E-0002
  1.974727817865785482976718913180712E-0002
  1.974727883205709231170870642465769E-0002
  1.974727952663203109036415344780786E-0002
  1.974728026550784034286093919319877E-0002
  1.974728105074690882820944244298670E-0002
  1.974728188658924767275516723502308E-0002
  1.974728277667730201528676012628296E-0002
  1.974728372484645777722657169947468E-0002
  1.974728473569071790315822676492310E-0002
  1.974728581288978362691276887438777E-0002
  1.974728696242975688946042850243720E-0002
  1.974728818978497675496496340844622E-0002
  1.974728950001281926467825271822528E-0002
  1.974729090035717990675817590362023E-0002
  1.974729239756942461408524462293750E-0002
  1.974729399925888526132089870972995E-0002
  1.974729571364506055833076446976856E-0002
  1.974729754977920413070746662552530E-0002
  1.974729951731848530703585570411564E-0002
  1.974730162707248489559878603876214E-0002
  1.974730389075713754285135519525277E-0002
  1.974730632030508335647779889367336E-0002
  1.974730893031454140059499342507830E-0002
  1.974731173555293758858291737508289E-0002
  1.974731475230068780910478426889023E-0002
  1.974731799839810975453202325275399E-0002
  1.974732149370019519017010158278307E-0002
  1.974732525961454178403229804941093E-0002
  1.974732931921639504126359650834766E-0002
  1.974733369848467307968974144444515E-0002
  1.974733842421301349872240691208943E-0002
  1.974734352850441948424645299541403E-0002
  1.974734904415322240418804975403078E-0002
  1.974735500811165634098030677846602E-0002
  1.974736145949880582952039084887694E-0002
  1.974736844314765349011804615029112E-0002
  1.974737600701097756388694304018934E-0002
  1.974738420419979679330682087364046E-0002
  1.974739309092702278877485950558823E-0002
  1.974740273258577576867512967099764E-0002
  1.974741319813012167987439238539161E-0002
  1.974742456409818030674334726160173E-0002
  1.974743691331923375291097055480564E-0002
  1.974745033845490217074354661855812E-0002
  1.974746494074271615458063346857480E-0002
  1.974748083039737375679388347384484E-0002
  1.974749812855426238551113587097144E-0002
  1.974751696928356365469028656019490E-0002
  1.974753750008844565257241379702138E-0002
  1.974755988120083291875114891268574E-0002
  1.974758429011689523441479964192773E-0002
  1.974761092156700800224202923913571E-0002
  1.974763998944892674334078420417912E-0002
  1.974767172907886703184125339402062E-0002
  1.974770639895288760116304823280819E-0002
  1.974774428340739289771047225429734E-0002
  1.974778569510660466712336695861943E-0002
  1.974783097818001689534599636930571E-0002
  1.974788051004536662293288217981406E-0002
  1.974793470656259545438942531293451E-0002
  1.974799402584161104971730415322630E-0002
  1.974805897085074393900329237484689E-0002
  1.974813009519633777930851322420894E-0002
  1.974820800756031338448710580243385E-0002
  1.974829337850743874780694936071071E-0002
  1.974838694400463155489142665139584E-0002
  1.974848951587123965775599905512517E-0002
  1.974860198633693925189705806369085E-0002
  1.974872533561850715320203437645066E-0002
  1.974886064479986147628925361549214E-0002
  1.974900910141130877512437006703045E-0002
  1.974917201179493269640364989278993E-0002
  1.974935081358325596078999536499180E-0002
  1.974954708880641618745811187729372E-0002
  1.974976257438260748112813419462958E-0002
  1.974999918399913427617236958762343E-0002
  1.975025902003298512456855882191482E-0002
  1.975054439564437830006490544126358E-0002
  1.975085785256015544615699794572491E-0002
  1.975120218648798501684741669546332E-0002
  1.975158046659435199548810758851253E-0002
  1.975199607071477345286830193201450E-0002
  1.975245270419827448628592895994701E-0002
  1.975295444446278435879788856126059E-0002
  1.975350576259013129709336423873671E-0002
  1.975411157090522584029000191323168E-0002
  1.975477726741951189742152772655118E-0002
  1.975550876638717847083826995868843E-0002
  1.975631256048332556549782211356913E-0002
  1.975719577663868278427946173828731E-0002
  1.975816622459085715044733024209137E-0002
  1.975923246509333037697638376567211E-0002
  1.976040388258280654090518315925351E-0002
  1.976169075614469438125282413335567E-0002
  1.976310433744546727391599442808809E-0002
  1.976465694796606407995278022137811E-0002
  1.976636206971387199222884720866449E-0002
  1.976823444046987908941562911708816E-0002
  1.977029017893951949211871482938233E-0002
  1.977254689418782554059993223159826E-0002
  1.977502382191479770255485060191725E-0002
  1.977774195804510053233848293600267E-0002
  1.978072421248166343448847406918286E-0002
  1.978399557188880233735152155053263E-0002
  1.978758326902917990304259282362122E-0002
  1.979151697637305532737069119359111E-0002
  1.979582900112480136735011662079928E-0002
  1.980055450174006876189733914693550E-0002
  1.980573171603279120934315231197346E-0002
  1.981140221010481977535706297436580E-0002
  1.981761113608540403734779523040328E-0002
  1.982440751082249958137804277557062E-0002
  1.983184451413923316389072741381945E-0002
  1.983997980314932022337261901960291E-0002
  1.984887584671271944695860337790341E-0002
  1.985860027996562144489628542310998E-0002
  1.986922628801878490929395505905114E-0002
  1.988083300310917483874238117243022E-0002
  1.989350593888599012872189975077526E-0002
  1.990733744781739318291626852303938E-0002
  1.992242721768509959142052538903059E-0002
  1.993888279948172650731146565899080E-0002
  1.995682018913871614311159474275118E-0002
  1.997636445676670716431517856188945E-0002
  1.999765044943479080678442868837379E-0002
  2.002082357176682078314122751943311E-0002
  2.004604067798738655474331812732928E-0002
  2.007347110659929080014020482757871E-0002
  2.010329789914141382123410075451222E-0002
  2.013571927905340925856510794989219E-0002
  2.017095047713745237257940327797164E-0002
