  6.580533458000424131743851226776047E-0005
  6.580533457977845574350252539220426E-0005
  6.580533457982916188506155984500484E-0005
  6.580533457976376340018754830930280E-0005
  6.580533457966186072990179565657057E-0005
  6.580533457939179448983263958952149E-0005
  6.580533457939370965916805069681368E-0005
  6.580533457929572642067907781921637E-0005
  6.580533457896865059844127344815139E-0005
  6.580533457881448421713878877751375E-0005
  6.580533457874247701392826134282924E-0005
  6.580533457861347215681795843808156E-0005
  6.580533457840278206703499876783271E-0005
  6.580533457800486109241584206716309E-0005
  6.580533457784510646026235135235464E-0005
  6.580533457759730073217277764369863E-0005
  6.580533457729622508033186467952561E-0005
  6.580533457677724987049491902080974E-0005
  6.580533457638928522531345186458323E-0005
  6.580533457608036904437864371582658E-0005
  6.580533457564539539984460784273490E-0005
  6.580533457494900541293743082697793E-0005
  6.580533457450020622545000086805610E-0005
  6.580533457390795776784783650612447E-0005
  6.580533457322270931504184084619368E-0005
  6.580533457245179612050238596012220E-0005
  6.580533457143283745336202695287132E-0005
  6.580533457064418015962110539688334E-0005
  6.580533456961255588779729089164415E-0005
  6.580533456849347866365836970855617E-0005
  6.580533456705699278001808459720004E-0005
  6.580533456580103999488903615781707E-0005
  6.580533456431239068575216555591473E-0005
  6.580533456262632584412288441538311E-0005
  6.580533456058263846040267920988517E-0005
  6.580533455864661851246122421417181E-0005
  6.580533455640867466984812402850332E-0005
  6.580533455392458632686512398078471E-0005
  6.580533455116201896028294514936802E-0005
  6.580533454793063267119185239806665E-0005
  6.580533454470784562034581412689950E-0005
  6.580533454100410074597164294005057E-0005
  6.580533453672350607617234644964439E-0005
  6.580533453221747570647809350370121E-0005
  6.580533452737083066526060958158305E-0005
  6.580533452189758451037599540430236E-0005
  6.580533451565146676584547935823129E-0005
  6.580533450897148454445923299176466E-0005
  6.580533450173166250076640833093800E-0005
  6.580533449365368136577032439473729E-0005
  6.580533448470942975144115712132547E-0005
  6.580533447468275544478581876189905E-0005
  6.580533446393466608924433110081950E-0005
  6.580533445194403722264046807764739E-0005
  6.580533443872695775256051511004612E-0005
  6.580533442395108430799920249834232E-0005
  6.580533440802789250489939193209709E-0005
  6.580533439028586716710821747901731E-0005
  6.580533437076302966818401027292909E-0005
  6.580533434917238333988718682991555E-0005
  6.580533432536164501958360928804244E-0005
  6.580533429920286766525535761397796E-0005
  6.580533427032681404535418300519909E-0005
  6.580533423844969467700244947878094E-0005
  6.580533420314027173610164943102341E-0005
  6.580533416450377244097952816167261E-0005
  6.580533412183237670119534123877747E-0005
  6.580533407473625984823346308429017E-0005
  6.580533402260232384384012221219967E-0005
  6.580533396548225538748160855637062E-0005
  6.580533390236335067394039995979376E-0005
  6.580533383271114032662669474892006E-0005
  6.580533375572058454156326044407458E-0005
  6.580533367117265679590478552190440E-0005
  6.580533357785313859178065239094819E-0005
  6.580533347494589149926248746288314E-0005
  6.580533336146176531242464508937106E-0005
  6.580533323617924333893320817319768E-0005
  6.580533309836689727462733782998848E-0005
  6.580533294627585387710596615833010E-0005
  6.580533277840315113290350942151413E-0005
  6.580533259362450486738348828594957E-0005
  6.580533238977383045898413766879523E-0005
  6.580533216500219626737989606027288E-0005
  6.580533191715873726653068686891228E-0005
  6.580533164386812242122023865503301E-0005
  6.580533134257824129247316830534080E-0005
  6.580533101042457830232467217421677E-0005
  6.580533064418074543051334978946695E-0005
  6.580533024023156234854090947044583E-0005
  6.580532979516378240386578430446698E-0005
  6.580532930430889254085185388555249E-0005
  6.580532876310282135608521600322240E-0005
  6.580532816628955409329529830968479E-0005
  6.580532750849872760803787151185645E-0005
  6.580532678321902973299333675444725E-0005
  6.580532598347590113724766041004678E-0005
  6.580532510171907626077938316165962E-0005
  6.580532412947936415315676218330888E-0005
  6.580532305777215939182573115365830E-0005
  6.580532187602199018860999434875681E-0005
  6.580532057311263717998831028008588E-0005
  6.580531913646467511086077850610383E-0005
  6.580531755283438893117131032405113E-0005
  6.580531580673630130081775172285175E-0005
  6.580531388161176838858317759111756E-0005
  6.580531175895658456204755399263148E-0005
  6.580530941915621892367774005292399E-0005
  6.580530683926347807274646851059293E-0005
  6.580530399487514816578463786081812E-0005
  6.580530085877955935447682999609151E-0005
  6.580529740152851722232455842398584E-0005
  6.580529358983076991203245070057440E-0005
  6.580528938719546531678457064059137E-0005
  6.580528475385097146861847763276108E-0005
  6.580527964587773252620717441500106E-0005
  6.580527401449837795176874988691209E-0005
  6.580526780545206831349314975984157E-0005
  6.580526096055853632457609272061232E-0005
  6.580525341393865372746704946729954E-0005
  6.580524509397828764096859199854246E-0005
  6.580523592175291141971854911979842E-0005
  6.580522580909985076973264547207785E-0005
  6.580521466072055932243376415214535E-0005
  6.580520236980444354796867377017048E-0005
  6.580518881943553243146612266355632E-0005
  6.580517388089187787815829450607885E-0005
  6.580515741220873174078339801586961E-0005
  6.580513925648391683632100040286087E-0005
  6.580511924039075708651443380355810E-0005
  6.580509717406166683035074126084507E-0005
  6.580507284756405264137528182878746E-0005
  6.580504602986443322498005407368653E-0005
  6.580501646507355227586408050361665E-0005
  6.580498387264461271070457146622296E-0005
  6.580494794269099629444099395685756E-0005
  6.580490833368304630694833110669091E-0005
  6.580486466989896869686508645982220E-0005
  6.580481653535039503271195980042055E-0005
  6.580476347337391730063781990495694E-0005
  6.580470498003068028597935575154709E-0005
  6.580464050045326317220851306433977E-0005
  6.580456942102313114710897477186125E-0005
  6.580449107038692327715456931611371E-0005
  6.580440470323347848078921402437245E-0005
  6.580430950273304052117954867183359E-0005
  6.580420456509641019380492078381728E-0005
  6.580408889784845810220344785296037E-0005
  6.580396140241851397708552517554190E-0005
  6.580382087767619257375023297962135E-0005
  6.580366599029487322892961808255018E-0005
  6.580349528169706197607896273247281E-0005
  6.580330713380367371323188100014250E-0005
  6.580309977466212157215015706335513E-0005
  6.580287125102248151467056373043028E-0005
  6.580261940037026392947003900097831E-0005
  6.580234185966741148064786925770859E-0005
  6.580203602030401118376408846884298E-0005
  6.580169900187834907836158310363089E-0005
  6.580132764436419946513765313545918E-0005
  6.580091846876845692795535168468237E-0005
  6.580046763946352763111333415775887E-0005
  6.579997094003621200886746295825776E-0005
  6.579942373901077641622230806047903E-0005
  6.579882093060312341086806604999608E-0005
  6.579815689774246389335932771277810E-0005
  6.579742547977994901933528873619446E-0005
  6.579661988766158101630594818658810E-0005
  6.579573266817783093240927494132232E-0005
  6.579475561743337493386934563649151E-0005
  6.579367973488830133719384947198979E-0005
  6.579249512859595569689924903372155E-0005
  6.579119093075776467703758170453367E-0005
  6.578975521561901978891571497429843E-0005
  6.578817488497007437601033001056335E-0005
  6.578643556792486401864802418635004E-0005
  6.578452150045748624603281707856109E-0005
  6.578241539586118134049513733372006E-0005
  6.578009829750123735623260296273701E-0005
  6.577754943229931983403656410486067E-0005
  6.577474604471074634756828044496956E-0005
  6.577166321633039384177934640909264E-0005
  6.576827366637756412322569021133466E-0005
  6.576454755053912441165769908206976E-0005
  6.576045222629165154417704042572083E-0005
  6.575595201878482892158530740374349E-0005
  6.575100794556015781191811899216264E-0005
  6.574557744666337125667546034555673E-0005
  6.573961407174986378730228363593738E-0005
  6.573306716576349215507549023999986E-0005
  6.572588151402010021015348884852008E-0005
  6.571799697717302279786518483944122E-0005
  6.570934809775486078515685278629910E-0005
  6.569986368129705475885779746178073E-0005
  6.568946635628273782443525468136657E-0005
  6.567807210156815456720540935439894E-0005
  6.566558976159470058045004708265444E-0005
  6.565192052143911883832957009130168E-0005
  6.563695737215995364660017147737124E-0005
  6.562058453804367741917847466099275E-0005
