   5.83649645675339877493310412808130      
   5.83649645721360120159864886859526      
   5.83649645764711706688392284568825      
   5.83649645815901558921981537761208      
   5.83649645872569550456617497102530      
   5.83649645938487697641620434039709      
   5.83649646003746219477348507780227      
   5.83649646078348043091233012397702      
   5.83649646165234609653461241449525      
   5.83649646255914520230312612156910      
   5.83649646353027921808160400232666      
   5.83649646460826777922052096673944      
   5.83649646580874426002005772891405      
   5.83649646716086930585631070229880      
   5.83649646857727123578845757909645      
   5.83649647014489378412656965471522      
   5.83649647187094860812528519034387      
   5.83649647379890509984919478741683      
   5.83649647586358626386137333423015      
   5.83649647808718080129095007089519      
   5.83649648054017828068881819980232      
   5.83649648326320870857760855778453      
   5.83649648615263619474598748522701      
   5.83649648931766736396117530371309      
   5.83649649276697333699827987633612      
   5.83649649651427504147683547757266      
   5.83649650061332253527497450417876      
   5.83649650497230166654160935087244      
   5.83649650972597761068356006846287      
   5.83649651485778894447128077755014      
   5.83649652043586956150450584884835      
   5.83649652636444463794062467806401      
   5.83649653276944447820526912233157      
   5.83649653965639840876835900934034      
   5.83649654708283827406042776148005      
   5.83649655496302081154275846331018      
   5.83649656341190524835287062925856      
   5.83649657244354413163412495950745      
   5.83649658207957421954789870089439      
   5.83649659238499005633992166884117      
   5.83649660327111643668162357822697      
   5.83649661487861398905761581152216      
   5.83649662724867259269651087929983      
   5.83649664032401814320888798889782      
   5.83649665415386726542712211386382      
   5.83649666882978927260065846390102      
   5.83649668440996027614428664410388      
   5.83649670084523799561849570872247      
   5.83649671819274432043520356449391      
   5.83649673654247194437773486813426      
   5.83649675593407042191507265616290      
   5.83649677645103632336785103143010      
   5.83649679804052405139611660018538      
   5.83649682086044334834852106024844      
   5.83649684494823337352782323848808      
   5.83649687041267189645787895469921      
   5.83649689720690867765570275386753      
   5.83649692552114404664938391830865      
   5.83649695539898857629481281942852      
   5.83649698694298109498072927160658      
   5.83649702024966179288971229539273      
   5.83649705538926833867875328995334      
   5.83649709250482277697298646376597      
   5.83649713170626921169159621874818      
   5.83649717314822453970716249748587      
   5.83649721686539112835059433361125      
   5.83649726308786470633151080909348      
   5.83649731195451701305422211819259      
   5.83649736366409388957523336052502      
   5.83649741827302159322684809910748      
   5.83649747606774403255768676700516      
   5.83649753724044688211053053884217      
   5.83649760203120196293120886781299      
   5.83649767056367731493370710293999      
   5.83649774317531216315026352915922      
   5.83649782012724577310676258530073      
   5.83649790169512613616224135552547      
   5.83649798822134573594188602451039      
   5.83649807993503361573977305305920      
   5.83649817729344506576642936421734      
   5.83649828068863279709333727253197      
   5.83649839043540763675487710537732      
   5.83649850707064820208359612334106      
   5.83649863105339871955613893338364      
   5.83649876290932283222952267358537      
   5.83649890320106416062357094590016      
   5.83649905253446148829180009749204      
   5.83649921156340372051176903209478      
   5.83649938101879490354311443115944      
   5.83649956169262381603187688260845      
   5.83649975433697255812151956961158      
   5.83649995995089534151537988713052      
   5.83650017949265465614348734358788      
   5.83650041403619943075204335909675      
   5.83650066470171218223173957009310      
   5.83650093279874756713591315450629      
   5.83650121970228802314255425185609      
   5.83650152688060812320418762019318      
   5.83650185599193781142872555992907      
   5.83650220870841488434076193978135      
   5.83650258708167570416033441908148      
   5.83650299315749841730503474823986      
   5.83650342925632004575096062932148      
   5.83650389777197258543347515091399      
   5.83650440151815743857385119697887      
   5.83650494344526474598050764330669      
   5.83650552683245519897547901057820      
   5.83650615505337939154056957127382      
   5.83650683218146902589234372079168      
   5.83650756238583440305963889678968      
   5.83650835031476666388175341424895      
   5.83650920093617205413826779632538      
   5.83651011986461982379971485199162      
   5.83651111323191156215601065084210      
   5.83651218755247857319692612788925      
   5.83651335006960732433770371415738      
   5.83651460876767707442181624358865      
   5.83651597258603763372509504208462      
   5.83651745073206542451589348025636      
   5.83651905397317971339639461325000      
   5.83652079369166840172857516559917      
   5.83652268239735862022174638832701      
   5.83652473418407898617021547060901      
   5.83652696391975077787981570694450      
   5.83652938846217516434345141401137      
   5.83653202605307827193371033408847      
   5.83653489668634979651005530309592      
   5.83653802234680712569861618651048      
   5.83654142727359705594033762103068      
   5.83654513815884405146624704652728      
   5.83654918403811969232519923774332      
   5.83655359697262332901187110584534      
   5.83655841209149024384203198222520      
   5.83656366825962811297153146085505      
   5.83656940783625458611941704059811      
   5.83657567753605436352775971616233      
   5.83658252867017067539164048391516      
   5.83659001747161510734658047277513      
   5.83659820610771432443772092494556      
   5.83660716254333342525946960062054      
   5.83661696156212092254720569395754      
   5.83662768529670664652025445627982      
   5.83663942426656546761204866065543      
   5.83665227723295165938283957818490      
   5.83666635346076799661707054539001      
   5.83668177243754642588735249535414      
   5.83669866580322502496693646715292      
   5.83671717779950416749485100262343      
   5.83673746719262422036180067087677      
   5.83675970756160742903940987852437      
   5.83678409029610169613826283660448      
   5.83681082457373618266010225707050      
   5.83684014081698738380797636573027      
   5.83687229090335179933816707859308      
   5.83690755140791062940539628830895      
   5.83694622602894505363045731774220      
   5.83698864663343588605412398788061      
   5.83703517722777164289767377312694      
   5.83708621683036752107953131136352      
   5.83714220191851595632121092700439      
   5.83720361020881757706533313917940      
   5.83727096438997499490445719736478      
   5.83734483607623896785861755225683      
   5.83742584992125238629070680071004      
   5.83751468856004505122319932245686      
   5.83761209738008965068234821088365      
   5.83771888999012987464564441520733      
   5.83783595406964268633971561801741      
   5.83796425762032184636882470446505      
   5.83810485517656164494259958326755      
   5.83825889580971425116055142130479      
   5.83842763011294995236871191068264      
   5.83861241846304746561374015283627      
   5.83881473982055638571733033309675      
   5.83903620084001246040739227638228      
   5.83927854559140284107676497267449      
   5.83954366603465612862067702357039      
   5.83983361269417293173839453266688      
   5.84015060605179256762444694315716      
   5.84049704844475360041131818981354      
   5.84087553646367585433044359474689      
   5.84128887399525011126607740359955      
   5.84174008492116854009729292548508      
   5.84223242730606672651405241275844      
   5.84276940638289223127609011136176      
   5.84335478995100465444613239703044      
   5.84399262062249457759604423093293      
   5.84468723123329429052408128964157      
   5.84544325739281321823375757573650      
   5.84626565180042221067914813473395      
   5.84715969552670751413029853567791      
   5.84813101044470736152519516037033      
   5.84918556914065652204072694643798      
   5.85032970404672944997840432340581      
   5.85157011410942614890455526957187      
   5.85291386908073035539977210568351      
   5.85436841216306241295094969220849      
   5.85594155788351338335396296151001      
   5.85764148787932428172011808305861      
   5.85947674063487862336744287064939      
