  -46939009.1343151284373054531616589      
  -47069496.8368286638471876922856285      
  -47211542.7092466188537613459442976      
  -47365942.6964699367285636549805961      
  -47533493.8993208742274069332272224      
  -47714978.7939202104710439851828058      
  -47911144.9309613231128050108936760      
  -48122679.2127777938689730693436834      
  -48350175.7179782333515319328454280      
  -48594095.9160342205375206337892786      
  -48854719.9958040453769236459611123      
  -49132087.9389599667798515013524654      
  -49425928.9088086901814263396283730      
  -49735577.5334606279322974928403430      
  -50059875.7679321412450554995331940      
  -50397059.2683050089913818181464322      
  -50744627.6563737406730807099288864      
  -51099198.7667222921424736443586073      
  -51456348.0202936209422668095925994      
  -51810435.5611410349940473395741492      
  -52154425.7877488451712122577159571      
  -52479706.5086742932524776262303319      
  -52775918.1706462438174413853790912      
  -53030807.4325022196039276782176426      
  -53230123.6576499943367002445040555      
  -53357581.4002216664409736241876640      
  -53394916.1791469855526049652236489      
  -53322064.0422951383475624700703994      
  -53117496.6419473546446077166229822      
  -52758741.5407649020354946420629046      
  -52223110.8782243801571249341787128      
  -51488649.1064422685540727855123894      
  -50535291.3740891331599353049176638      
  -49346198.3216916354064757501013141      
  -47909201.8195855585154251699239321      
  -46218262.6696880691807329741326611      
  -44274810.2899080299819045447217841      
  -42088812.4228441680304072918125352      
  -39679416.8977790114303304070904428      
  -37075023.6038744555420518791662409      
  -34312686.2832243447957234051555134      
  -31436809.3525093732344555681330934      
  -28497187.6334265178110811857467587      
  -25546524.6100007629865778861429962      
  -22637641.7745318476106784341291213      
  -19820642.9528349115982790566481175      
  -17140311.0473797451532722292269892      
  -14633986.7449546075302982917019309      
  -12330113.6315371643572239140073307      
  -10247544.2346615361150863649559982      
  -8395603.70002505247505684213242754      
  -6774819.59689866792119509134711585      
  -5378161.59054610103839460489116654      
  -4192600.83098870030880092536067912      
  -3200796.44937265800538549854296048      
  -2382739.88580081697669051226215151      
  -1717228.03857169838808271134404821      
  -1183083.34220379158935263600191909      
  -760084.347603609440523583478051703      
  -429608.079063945182720684707224099      
  -175012.480317984910937246209902000      
   18196.8621884695797928067483453876      
   162365.338729624240340798868124640      
   267804.016561312658545912620792571      
   342976.990962437841306521023324764      
   394726.150909375384788253964489926      
   428506.901811028884395889509695999      
   448616.556464271370390266379036062      
   458403.996941846785076410188244109      
   460454.593879140758633367316815974      
   456748.272035243339980289734356104      
   448791.225724437585959859805774157      
   437723.367071357772460284576490076      
   424404.404512125586725974571534816      
   409481.725773830965201254840554719      
   393443.195972806353524047762489039      
   376657.716214160117864799981038170      
   359406.029789118988131110882077324      
   341903.875628482590446299601516945      
   324319.214413598833520774112229461      
   306784.917872752192930760434740435      
   289408.019603413270600351974208878      
   272276.384546274547621527680435910      
   255463.458554445624323901525864653      
   239031.601260800985882604268454346      
   223034.384330093595665736425568465      
   207518.142020619256540408278995812      
   192522.988793967090879863511057453      
   178083.464357239052718704107641289      
   164228.925201556434966393409335696      
   150983.771175073783328204831599899      
   138367.572350855018731683722891697      
   126395.144855734302419419383751745      
   115076.610541271933227249522463346      
   104417.466144274122284588878774813      
   94418.6793752498841305495737901177      
   85076.8238150964964877988372396481      
   76384.2592475850452823758007867094      
   68329.3602365023578567010911810586      
   60896.7925540668427467179168433516      
   54067.8342855505652022278460196022      
   47820.7363663073261870985344389684      
   42131.1154960766581707953066551852      
   36972.3712332874888274691018745675      
   32316.1181571731931001440698290795      
   28132.6237040816873361914734321477      
   24391.2421658626596681940270503303      
   21060.8358171671492746380171198452      
   18110.1747760641423852974295306861      
   15508.3082741339329621747307474393      
   13224.9011361220057515153043226830      
   11230.5307185985548062028488336229      
   9496.94096983898166602538485037697      
   7997.25177724655024727110804454541      
   6706.12317804145635546142973743065      
   5599.87534593517100287598276081007      
   4656.56643450597647309265737193116      
   3856.03134307824222589108793083404      
   3179.88523593581075728411577353091      
   2611.49620563441646262852295506403      
   2135.93178504389931257364495733386      
   1739.88415096886737911336965789942      
   1411.57878562871387128377456340365      
   1140.67114201303564599592089374281      
   918.135520546965009942644710572534      
   736.149907325887689674823892852084      
   587.980038271903166380085954162181      
   467.865414385685331556905626899943      
   370.909462657309157398059898909111      
   292.975524844463801966453520043483      
   230.589879292717224842796333190360      
   180.852575130680001336290864825189      
   141.356487486500631007223111519941      
   110.114694727788059482358337197644      
   85.4960290367680345741713300338259      
   66.1684614667079733823932050121565      
   51.0498433274233848220884484033725      
   39.2654339326733236485425409232579      
   30.1115919723189546675646425039520      
   23.0249871346109735326479822521249      
   17.5566938278053158538412899300629      
   13.3505527374610339702294252081229      
   10.1252237998443082954119163190596      
   7.65940045665433294167493709363119      
   5.77970642564259363289178084205522      
   4.35084895474130878945024276544553      
   3.26765497313781682765198324261199      
   2.44866628043871018565910146441094      
   1.83101637147396832525866465152837      
   1.36635360129642317648363128446563      
   1.01761308876749225382666820761355      
  0.756472794067811360715915179909272      
  0.561357918399028633352336388366189      
  0.415882269025259993138697574357711      
  0.307636019958117948073861542148560      
  0.227246667082498446344623819806793      
  0.167654410930109818782724739008795      
  0.123555068213807674454340870662574      
  9.097329112680124574302291813094138E-0002
  6.693672119158719983932681969133512E-0002
  4.922801181659264326684477397391910E-0002
  3.619669471693502699311707617725488E-0002
  2.661687038938595264576040211068006E-0002
  1.957986523359059365897146232667588E-0002
  1.441348203876862688657342562548381E-0002
  1.062141189344603958847472575956979E-0002
  7.837885640854327489460776788276578E-0003
  5.793811905954863710356962079826159E-0003
  4.291549813699075135073556944976742E-0003
  3.186156267843543118787607913938662E-0003
  2.371476502975962211445876348727615E-0003
  1.769849450826686247775216774191531E-0003
  1.324505222355387622909914086449976E-0003
  9.939632639564854761649600570450958E-0004
  7.479141604201319354505308190086493E-0004
  5.641992336791905183375618329413767E-0004
  4.266005186993615071320435219392743E-0004
  3.232274193075920812739029968879915E-0004
  2.453414833038744300375149374760286E-0004
  1.865019136318186185854054087288605E-0004
  1.419451539066964675134723120417638E-0004
  1.081347704711206785942245856463877E-0004
  8.243486739425337440452414631344655E-0005
  6.287288852735001456305782835017523E-0005
  4.796698153422872340772086494074959E-0005
  3.659995556108351981335920316707474E-0005
  2.792687811480868340111709194048836E-0005
  2.130700313424741939010500928926510E-0005
  1.625335474395175503727194296446792E-0005
  1.239518218248439849332878806012159E-0005
  9.449851229791970755714470951420714E-0006
  7.201698275137821556309498402200849E-0006
  5.486055394055071913256144131322318E-0006
  4.177140216315097216591954325872677E-0006
  3.178850689083649730035695612837701E-0006
  2.417753812319216208318961149146958E-0006
  1.837737744745672069249348613945409E-0006
  1.395928680261880022841546418417855E-0006
  1.059571409816520724207223742149038E-0006
  8.036452001317048095977143635093553E-0007
