   48737.9265734318115567853484700437      
   48633.8795834097386085352086552517      
   48519.0330634351351617826114232179      
   48392.2627622144396033125036628347      
   48252.3279305766303927184719066201      
   48097.8597604728385719600323249210      
   47927.3489017077395513940256623042      
   47739.1320809526696383740954499463      
   47531.3778663478812323799420391339      
   47302.0716924987443955095481449442      
   47049.0003243249032377545417695038      
   46769.7360279742910156508843406217      
   46461.6208484985227417823054689925      
   46121.7515473233867696425427283229      
   45746.9659486235548893409310961723      
   45333.8316915147442673763930698790      
   44878.6386689706321098712858165542      
   44377.3967905096529853965657943656      
   43825.8410915239913143413662900270      
   43219.4466522704519870850209529044      
   42553.4562393022516016039152308206      
   41822.9240280162782199546403960839      
   41022.7791405922738807991562743590      
   40147.9129717179299878355123556937      
   39193.2942796528996629448347282985      
   38154.1156623838856755474091670402      
   37025.9741831134399750268275965738      
   35805.0873996857388996433445035769      
   34488.5437446805592835198506337727      
   33074.5830336843486565539660835305      
   31562.8987837616168500223145375805      
   29954.9492182641868952497852697092      
   28254.2585579996834178288744799910      
   26466.6851029801698820748663700937      
   24600.6283573897197489582861667660      
   22667.1451426893901368024338052943      
   20679.9451790008346029312051042680      
   18655.2410097578067286567592650599      
   16611.4357878420456652891810238724      
   14568.6453529270576585058514482744      
   12548.0671754991025758028471068994      
   10571.2263871242994231751769910533      
   8659.14578193639694511116143205808      
   6831.49951732730342938612881951650      
   5105.81675981262731014379439007341      
   3496.80009366019319188476076583349      
   2015.81363806578710379306306844993      
   670.578809457172563140097981969791      
  -534.906033196274070880855011530784      
  -1600.22881350004479228029871393591      
  -2528.23742800676395002559491482006      
  -3324.56725675684729353652784834383      
  -3997.07477762399386294465639692377      
  -4555.23127988376987553743822428389      
  -5009.52597909361131361392769988230      
  -5370.91848630100057453291805305442      
  -5650.36868704464889936928081246395      
  -5858.45971025117796238172314617556      
  -6005.11847495904372329486397067494      
  -6099.42934386129568766121652246381      
  -6149.53018489941766745405446289992      
  -6162.57658437382451884984842261857      
  -6144.75871136480480515630658638313      
  -6101.35583461643040052367370177663      
  -6036.81514542278097327113454652805      
  -5954.84381550197219554743347699795      
  -5858.50566908355549526083069725249      
  -5750.31621521945593795471942928910      
  -5632.33182974636622144637984956932      
  -5506.23057607438461742531480226532      
  -5373.38343861024648890509522160450      
  -5234.91569686894866100527582808462      
  -5091.75878178150430237298807379256      
  -4944.69335677989908526062786862111      
  -4794.38455814031598310899222400129      
  -4641.41041238682037149303588541891      
  -4486.28442010857758350461760764739      
  -4329.47323577580384570067981213872      
  -4171.41027320102926997872630151703      
  -4012.50595435342389410415380241563      
  -3853.15522090183809769423211454471      
  -3693.74281802050380353264077827909      
  -3534.64677533737085247699143408628      
  -3376.24043838951876169637057180698      
  -3218.89333171873453260530370032915      
  -3062.97109027311538270438640541996      
  -2908.83465155928547202234348381205      
  -2756.83886912226378151410511864230      
  -2607.33068421883616051552056609422      
  -2460.64697276379149778833735921331      
  -2317.11217116749923487618623855746      
  -2177.03577262183757347224513917475      
  -2040.70978002935774934474321225106      
  -1908.40619093661383816323789189262      
  -1780.37458711538583497147538321230      
  -1656.83989360157466384564744278208      
  -1538.00036730322386074705345618095      
  -1424.02586774731557224786945901985      
  -1315.05645553062508662396429158264      
  -1211.20135646297392560092676940499      
  -1112.53831936423543447378521155249      
  -1019.11338760177264354730447703793      
  -930.941092163808536253650879846892      
  -848.005065637582540692163700908978      
  -770.259064832244597647723036806493      
  -697.628380523381117714055802281718      
  -630.011602832969800275084721160419      
  -567.282702849591557057584428470490      
  -509.293383526998421484330324827518      
  -455.875648053453451085943020690613      
  -406.844528816194096388719733373521      
  -362.000919109454898689586084813955      
  -321.134448795672376765383267282933      
  -284.026346823077343372712469558240      
  -250.452236735567492379869202841835      
  -220.184815797633129256540484319756      
  -192.996374554904545376335409031740      
  -168.661120160928030483193589575416      
  -146.957274453253561711807547170136      
  -127.668925756839371871969944128853      
  -110.587620737416657735332911147246      
  -95.5136907639274890255552524562593      
  -82.2573138999339786489723465596598      
  -70.6393198920960836919144278385555      
  -60.4917514965927858970671531206720      
  -51.6581991069840209724486355466742      
  -43.9939298257371408331015011677117      
  -37.3658340603681149400045834690389      
  -31.6522142448529715007510183639332      
  -26.7424408095868301979158749582880      
  -22.5365001789690571283297204104016      
  -18.9444586508104536563952960285137      
  -15.8858643763224526869337805038975      
  -13.2891078475481241332062900878643      
  -11.0907589870261719841167530676290      
  -9.23489666672215223247139649612224      
  -7.67244397351343227212963171405739      
  -6.36052021101320019430300979314494      
  -5.26181835296657584644915653805583      
  -4.34401453588738994593766133077025      
  -3.57921431943723879540249226013617      
  -2.94343872986005601637869648782024      
  -2.41615169225325883148214606737145      
  -1.97982923836013444013551051013229      
  -1.61956992615986836635554572564208      
  -1.32274510703718698999048317817313      
  -1.07868714068955215527864161912826      
 -0.878413221071246777538010944048279      
 -0.714382233794495861101198523259999      
 -0.580281910590665877575381007265379      
 -0.470843514214090855538892904104170      
 -0.381681308805703147153587762761592      
 -0.309154177160431151383508225646385      
 -0.250246870383447073338057488596307      
 -0.202468550768424628410474666754930      
 -0.163766464607394727337147655268426      
 -0.132452776455849091798712457443722      
 -0.107142789783265607945785453794569      
 -8.670296460945475372007023056523586E-0002
 -7.020732496811928693209539005385786E-0002
 -5.690101761213734797580945535890193E-0002
 -4.616993924955132202371203035951963E-0002
 -3.751549260803256043297299002691100E-0002
 -3.053366035301758695216640500348830E-0002
 -2.489770107308885635292019503325089E-0002
 -2.034387342378994771476407512273025E-0002
 -1.665968435984092827928748498953041E-0002
 -1.367423552273146573468587813939379E-0002
 -1.125030953075630162787096730868917E-0002
 -9.277896182607560551061624995979644E-0003
 -7.668908196743693084843624291748141E-0003
 -6.352878108484397165487561345712009E-0003
 -5.273463365809866568405836239101171E-0003
 -4.385616149084222830314436685489249E-0003
 -3.653299003200334584221604322755858E-0003
 -3.047647679467784996731157916837333E-0003
 -2.545499397629578770990946003005418E-0003
 -2.128218622092051518217020876873744E-0003
 -1.780764008475297558479009065053098E-0003
 -1.490949803873661338681076769747354E-0003
 -1.248863099134251366500247704547364E-0003
 -1.046405173559893711102819322149938E-0003
 -8.769309747047378566872547868816608E-0004
 -7.349657043846337190853261100611543E-0004
 -6.159816296050278967082320591005900E-0004
 -5.162217218089095034055447866129185E-0004
 -4.325596002712932094393511873646793E-0004
 -3.623876130103537477477684903531967E-0004
 -3.035267650659364792508099968462145E-0004
 -2.541536942289951201959649477356373E-0004
 -2.127410419818506403363588561338040E-0004
 -1.780084462052566031123620931298309E-0004
 -1.488820380707201416910639120755862E-0004
 -1.244608174949703770766325605551717E-0004
 -1.039886417954172677309681510775532E-0004
 -8.683083230185243588319133026355547E-0005
 -7.245460280740129352379484019351732E-0005
 -6.041266638971272191234104761698951E-0005
 -5.032949380330944365718961735882351E-0005
 -4.188978903259208713756722074258955E-0005
