  9.914319847476897326822266267038043E-0002
  9.935110967270721066097950940299632E-0002
  9.958021290748731914348404773899657E-0002
  9.983264240732560940055018897248580E-0002
  0.100110741765818804062594194641464      
  0.100417083279346121759295027852272      
  0.100754488805426169875299637509632      
  0.101126052210438444728079291224387      
  0.101535163446131535698239051172369      
  0.101985534292763691879524574695323      
  0.102481225779444323503255216902430      
  0.103026677255374094512473429923393      
  0.103626737058043718177168084248646      
  0.104286694675413574072625612603597      
  0.105012314238764819319193585619049      
  0.105809869127625294066734783395038      
  0.106686177364134997183937573735432      
  0.107648637408535890041753738492494      
  0.108705263836569322377893836631367      
  0.109864722281211805209090698860676      
  0.111136362866983895876122826365649      
  0.112530251239351707551764582406162      
  0.114057196144634117005328327023545      
  0.115728772394898869984021124190747      
  0.117557337878842038141507941880023      
  0.119556043245969965835336090638681      
  0.121738832797203365646038865837579      
  0.124120435128451684976968248469257      
  0.126716342214155073195149903344908      
  0.129542775724413449863982436430296      
  0.132616639814951335674020770692030      
  0.135955459978370233363043017563702      
  0.139577308269504583455759235610235      
  0.143500715814148612817350681185228      
  0.147744574513359232313640893143292      
  0.152328030631962185738104006328994      
  0.157270373987746687808424491359748      
  0.162590927097101300128543696757840      
  0.168308939430818642870757614136513      
  0.174443492141204316286988064243246      
  0.181013418595689464184535312421938      
  0.188037245710606559326510117274810      
  0.195533159932955601353446725396174      
  0.203519000697137718919779184655153      
  0.212012282482605440909054596685025      
  0.221030244770865910751580091617635      
  0.230589927556034858183268847938477      
  0.240708268449620795916616746932324      
  0.251402216231644899535860672635051      
  0.262688854711368425771934432574694      
  0.274585530578035129640055036634813      
  0.287109979072726559702728666845812      
  0.300280441737475162482411055454048      
  0.314115771698057205632569615334972      
  0.328635522530919465464940823798006      
  0.343860018529161755271076261866843      
  0.359810404765472840675047947222100      
  0.376508676896221512053173584275080      
  0.393977690737726196699055748013361      
  0.412241153076198570305453782183795      
  0.431323594883683555347617411505467      
  0.451250328650053497304737264888513      
  0.472047391538251158191504582960091      
  0.493741475769634742007394156859439      
  0.516359847802178698787933339014806      
  0.539930257258056710561806288108356      
  0.564480836892147668039431422810177      
  0.590039993765811250940244507659653      
  0.616636292608107285135174916238717      
  0.644298331298953243857136115624689      
  0.673054609154664701409425583199832      
  0.702933387383779505908991520945414      
  0.733962542440397614871755126229095      
  0.766169411790174719521885483862124      
  0.799580632730349351798330072786525      
  0.834221973561345297541254049786837      
  0.870118158029254069418952122014991      
  0.907292683005352470025845018956610      
  0.945767629673416968391617898710839      
  0.985563469491010382816101988656076      
   1.02669886458483238041325784827620      
   1.06919046421987643589610507463232      
   1.11305269872565896077309976392590      
   1.15829757094443873859248322094383      
   1.20493444787731411045805406069488      
   1.25296985345695840601871572124995      
   1.30240726440000537591907116529146      
   1.35324691131903476701193696612486      
   1.40548558684682963796526156629983      
   1.45911646326666112789858694675771      
   1.51412892159331742583370386341780      
   1.57050839573328711006309604691461      
   1.62823623216766875896982914861980      
   1.68728956967543679989896894603293      
   1.74764123977870841412309329065112      
   1.80925969246452399240789351609798      
   1.87210894674348786649332102822120      
   1.93614857020914801244113786650141      
   2.00133368866005698014777850398869      
   2.06761502737306204542736873763937      
   2.13493898552316952539534117089244      
   2.20324774451090105953136849261065      
   2.27247941079852905233410625832451      
   2.34256819289411075541253872578315      
   2.41344461385031749169496570730783      
   2.48503575559324555068279594887524      
   2.55726553658580831461675199822941      
   2.63005501893475483744783988068977      
   2.70332274498153970731684898529431      
   2.77698509808469485354073284051647      
   2.85095668652683316796906440318149      
   2.92515074583640388998903714323719      
   2.99947955786155657859769891542400      
   3.07385487931369451611131475454117      
   3.14818837896619528610340979950713      
   3.22239207634408146243351482455373      
   3.29637878125480109873285192572060      
   3.37006252582963637762725055690585      
   3.44335898749677246034193365112295      
   3.51618589880431663993105589776534      
   3.58846344002950891279582594264965      
   3.66011461066997747163727817038876      
   3.73106557874394736441588692568324      
   3.80124600214476380522810776552869      
   3.87058932475023996701669321416378      
   3.93903304032297644671664293282212      
   4.00651892705999297506908745798202      
   4.07299325022042029720734095605268      
   4.13840693409162765532693499176981      
   4.20271570193627091255588665905795      
   4.26588018395127592727753918850290      
   4.32786599830154014529989231812908      
   4.38864380170435910853531102012652      
   4.44818931544388043286787816188431      
   4.50648332282323055351892775372726      
   4.56351164878153159667255578635206      
   4.61926511452396436633382368610145      
   4.67373947427589230132030941621615      
   4.72693533859549988231378558408632      
   4.77885807702228539297743353739659      
   4.82951771174251871614303101475250      
   4.87892879876250859087878935716502      
   4.92711029783263252638358163966040      
   4.97408543031253152187633742056923      
   5.01988153336793236710344751478906      
   5.06452989810126714177842466878373      
   5.10806560122922881683845223790157      
   5.15052732348050952338693039929682      
   5.19195715574313538876007259564249      
   5.23240039053931513347701872825136      
   5.27190529659136015451568814753772      
   5.31052287022393381560949368520673      
   5.34830656933389092089175962284096      
   5.38531201429804881835104722398153      
   5.42159666909428536416931587194865      
   5.45721948523027016399490223023981      
   5.49224051514007545397443619815349      
   5.52672049629631860122426977768166      
   5.56072040301903413651122689144272      
   5.59430096913305763824853718135686      
   5.62752218726059895844043118335608      
   5.66044279151891309448694928313344      
   5.69311973400941699981096634606760      
   5.72560765873091786252261950779756      
   5.75795839303966119547774645451697      
   5.79022046383806533092599130212885      
   5.82243865278435949070827884392285      
   5.85465360509029318592608895058260      
   5.88690149806815434517650250824917      
   5.91921377947705137499723455001272      
   5.95161698620553702994350635809622      
   5.98413263204352002932059960159205      
   6.01677717319996308030229705911628      
   6.04956203635849847142472729772233      
   6.08249370597250464505377394062267      
   6.11557384614168768586585363221273      
   6.14879945149440772304817078916934      
   6.18216300218844070903811676381301      
   6.21565261580818471925346707228849      
   6.24925216954272206094108236905223      
   6.28294138910189408477778889548600      
   6.31669589505846761641744019482708      
   6.35048719488251522093314012754914      
   6.38428262180735625918761100768080      
   6.41804522005837309575391304005072      
   6.45173358455243419332265468099767      
   6.48530164827220745180378727508721      
   6.51869843620673089462577079999625      
   6.55186778745577084010083491382187      
   6.58474805328739249010582898127612      
   6.61727177946297247221793016935191      
   6.64936538679247520491567706088948      
   6.68094884897471634798435287830652      
   6.71193539171154473437955895720888      
   6.74223120734651671025412650825416      
   6.77173521608192186628407154828749      
   6.80033887112410698534653450180204      
   6.82792604105682222059705017031446      
   6.85437297406647908336164449439384      
   6.87954838255467671021143104709736      
