   294.943534593429822258181288236698      
   294.943534616685851171237888980450      
   294.943534638593292143230287403345      
   294.943534664461749470262829248212      
   294.943534398118138487670472865585      
   294.943533750585880026907968001516      
   294.943533489167388518495178724281      
   294.943532846319547423953541170199      
   294.943532595548180848336412097571      
   294.943531959723510949279040269913      
   294.943531328218592431016442497692      
   294.943531087305100264946550733608      
   294.943530464335121161499520184005      
   294.943529849208511019892880956084      
   294.943529237266426440214611683292      
   294.943528632712206875092839174049      
   294.943527147144607297326037023038      
   294.943527244572626074659725965890      
   294.943526666062367726426640581666      
   294.943525208045578225269539559691      
   294.943525332006198541992772953502      
   294.943524788768708620473345906904      
   294.943524254678212112814560611657      
   294.943523735869857353489657470948      
   294.943523233538842695817271305300      
   294.943523422906277201714820144995      
   294.943523336313237362785072783086      
   294.943523556591389331203380348343      
   294.943523796815285913162707078204      
   294.943524056148006446023604303529      
   294.943524338032652563585630658509      
   294.943524637629306347953028048558      
   294.943524961301773153623535755059      
   294.943525309329473867861203035095      
   294.943525684619742522065696408079      
   294.943526082839599570569135983068      
   294.943526509798434171472874450513      
   294.943526966206382579613508735690      
   294.943527453156844180225267868730      
   294.943527973934275646152729715697      
   294.943528524057533625484152082797      
   294.943529110634810739527857359518      
   294.943529735747610524559000490992      
   294.943530396501623673140760970398      
   294.943531095383980047041538520456      
   294.943531837022074844123583957707      
   294.943617639329169553139645393853      
   294.943618469875390959730280444923      
   294.943619346520500024816458515573      
   294.943620273812219826261193930210      
   294.943621253754215176229411214433      
   294.943711394600790169794257445975      
   294.943712485612039127393026125640      
   294.943792379141314360051528685025      
   294.943793596403031125871763835744      
   294.943887090154370090073418964369      
   294.943888444185139458360900092316      
   294.942514223471867081193693944693      
   294.942163793146293165749203894000      
   294.941567017244557242692165382681      
   294.939564010566095937194595020528      
   294.836605957018702611579872187742      
   294.877660926478044588228207528946      
   294.885108278382760378713540057390      
   294.888507335261226736059587306644      
   294.890357768273128578794232486236      
   294.891413151906929908851067383375      
   294.891994626215775386542528199057      
   294.892266769175631140599622502440      
   294.892323602703752838725716323971      
   294.892223045463684454293452230023      
   294.892002574677624598212043987501      
   294.891687224069887441170641792340      
   294.891294007013702918667442377897      
   294.890834553252894653269053079291      
   294.890316732208568170133020384273      
   294.889745720219630517883084948001      
   294.889124722497404177173053563963      
   294.888455462266737044319910658824      
   294.887738542903300971377721764309      
   294.886973682735227729709168461617      
   294.886159897622848764452587540277      
   294.885295633198526479092824612810      
   294.884378845541802954979864234680      
   294.883407068096172546468862030977      
   294.882377451488832138753047053714      
   294.881286793759618723281639158558      
   294.880131544362507883507693488297      
   294.878907816053164648536374476404      
   294.877611376138567984110786930722      
   294.876237639241478559095872082276      
   294.874781653772225625373932281825      
   294.873238075301252831716385966130      
   294.871601142359180601159183299156      
   294.869864665905456345993088444205      
   294.868021972782947575328043596662      
   294.866065884071210045257773159947      
   294.863988669931957630870449222873      
   294.861782017044325461494455296018      
   294.859436956144727198604323882904      
   294.856943857523056428981281709206      
   294.854292318001130061827848496293      
   294.851471135293822677154443845865      
   294.848468224614155590868314579532      
   294.845270561224036914136702597157      
   294.841864086165610834582823918697      
   294.838233797246101198394795476841      
   294.834363028417930303261951103682      
   294.830234219170405611307189582994      
   294.825828245493637851326548104219      
   294.821124448932688207375937423393      
   294.816100490140487459685851251439      
   294.810732219315468456219587699365      
   294.804993516530471395608661483662      
   294.798856094950745349322268830308      
   294.792289358752695294402687720109      
   294.785260179998013707230079130286      
   294.777732701680775200921192319457      
   294.769668037520020396080679886128      
   294.761024111547658327609114210588      
   294.751755292599718934167914397900      
   294.741812126120471782588847454505      
   294.731141017470103633100391659923      
   294.719683818340979208563314886907      
   294.707377492347491696300107834184      
   294.694153646293669132592637455721      
   294.679938075563975556050538381145      
   294.664650258780237092086729495263      
   294.648202809002708961604915085903      
   294.630500872051600241743856293994      
   294.611441455158540175054114059904      
   294.590912734994101842562709895676      
   294.568793270459026059723534111441      
   294.544951178006863472701752700521      
   294.519243183314126806489350773848      
   294.491513645265290573301541423317      
   294.461593462946698079567390485226      
   294.429298887620714413504959037167      
   294.394430268268665373310791615883      
   294.356770617490672441838006243156      
   294.316084129599811737258351416151      
   294.272114530351244787132344276221      
   294.224583342224200572214976631946      
   294.173187898779748733638873021881      
   294.117599418091224959951425912675      
   294.057460704149006542006024151619      
   293.992383915774053917971033438529      
   293.921948043416918477499353890314      
   293.845696445011964661475895296839      
   293.763134077120742444232201032187      
   293.673725049943956596026302242745      
   293.576889833877431888468679365883      
   293.472003027793726157251078294786      
   293.358390991376902992851666423003      
   293.235330240205633518835294784037      
   293.102046445066121260454684923537      
   292.957713990648564706796897764334      
   292.801457117116190140940636216727      
   292.632352259237429013917172272986      
   292.449431860572938260730398051529      
   292.251690168509258469217553316130      
   292.038090720988637282419801180863      
   291.807575210668161987289428527515      
   291.559073278511131088207871708983      
   291.291512277510871250880350360631      
   291.003825305248611653145036645501      
   290.694955810030539213273409202582      
   290.363856876057313299120834417850      
   290.009482808333246939956921709814      
   289.630771789613753226026586173628      
   289.226618724573580527140942442618      
   288.795838934019172815421394496120      
   288.337124490817319956654573089456      
   287.848996252189801677239536003485      
   287.329755344793589223988427949613      
   286.777437760151664631762821727118      
   286.189775088685471499613902413679      
   285.564162998589058123515104448584      
   284.897637532654374468682822946036      
   284.186857732532176401347251699729      
   283.428091874899450047784956287569      
   282.617203853882949202971276548500      
   281.749635897345136550319397548958      
   280.820384136171844769080570307262      
   279.823963537436451061238074795356      
   278.754359704544174055671550046036      
   277.604964655921415229197481104141      
   276.368494967394027000000931580279      
   275.036889488725319758980001519022      
   273.601184483146355371843131749611      
   272.051362253228967252110180123834      
   270.376168949718552817463793692820      
   268.562894597085692834023111390053      
   266.597106285287394618269330135220      
   264.462321678604915651629445801728      
   262.139605183249750648064744727850      
   259.607062462252677206243537484881      
   256.839198362008769189808219599556      
   253.806089171295299491784276948227      
   250.472296124715515597991652948541      
