   50.3257331105232476589137298204733      
   50.3784740315549345684923642813433      
   50.4365268766430136846454219640793      
   50.5004131297333480807804260102834      
   50.5707026166042564350626027745036      
   50.6480173848515511021578170815845      
   50.7330357678073439296481971249374      
   50.8264966097924137916472763886976      
   50.9292036247793647257514548363062      
   51.0420298468896893445032008234871      
   51.1659221208838585127824149469302      
   51.3019055669908384484161980528191      
   51.4510879374145327177229206660921      
   51.6146637639427529641590400021231      
   51.7939181764208473075320660579249      
   51.9902302502308229786566645103661      
   52.2050757179050801268783046520395      
   52.4400288566916370602243500043076      
   52.6967633412903381443522338748436      
   52.9770518309411954632847754942976      
   53.2827640418762387130619267553027      
   53.6158630460588687592122407216448      
   53.9783995342023191595738786923114      
   54.3725037929612779431923781037770      
   54.8003751652930327815715353323594      
   55.2642688116259196279761606509321      
   55.7664796499987708677429573460943      
   56.3093234398956813165567224851344      
   56.8951150938519133273282543276069      
   57.5261444234065589191329385014210      
   58.2046496997866433750538899494427      
   58.9327895646496204850674135369906      
   59.7126140193723114349723033083590      
   60.5460353677653235841889795339794      
   61.4348001539355645364078571123421      
   62.3804632202148673413461127350035      
   63.3843650726955132637088814647166      
   64.4476136856830508036747359681106      
   65.5710717887249308772767881619070      
   66.7553504581419602322260617690333      
   68.0008095529428370084507065077695      
   69.3075652037943459273161559616550      
   70.6755041375944204431249166075704      
   72.1043042662984256812698340875887      
   73.5934605875673986250436498590173      
   75.1423151341758224172552343747602      
   76.7500895202507890643353887945075      
   78.4159185324689009988583744217710      
   80.1388832469908919361947155598389      
   81.9180422613683124421483369223752      
   83.7524598736318569912808456586869      
   85.6412303218258341112916236695878      
   87.5834974912424234453442811753782      
   89.5784698466862343895245438282722      
   91.6254305682267048516110962711623      
   93.7237431809688013974227372801298      
   95.8728530821526025799100533738808      
   98.0722855527516152940021372517445      
   100.321640817349802816318270033580      
   102.620586822150445600626105809374      
   104.968850295928399437182446668274      
   107.366206640257293714131043300934      
   109.812469120436935387270293489021      
   112.307477722923209268152135001971      
   114.851088001574704611143557424179      
   117.443160119929594195080980626530      
   120.083548285993563831128153464803      
   122.772090636571173126785298884445      
   125.508599679057365964810893646346      
   128.292853284392917658356059560012      
   131.124586278863885780784530082591      
   134.003482560944668568257849628823      
   136.929167778476378156164773601785      
   139.901202499815409604026013753846      
   142.919075898875873503075543771930      
   145.982199866866539070689831901341      
   149.089903588048238769521256618349      
   152.241428541993298879509735996039      
   155.435923914562206928416097608084      
   158.672442464598448935379391612945      
   161.949936779087148578808034612091      
   165.267255983044591883700578499939      
   168.623142932991909082321744610401      
   172.016231846636306614949958279578      
   175.445046468842484599285730475623      
   178.907998759851490717884128706958      
   182.403388147173418739793070607073      
   185.929401379952741649958606272255      
   189.484113005126378687445667776838      
   193.065486501972018253604600283070      
   196.671376088650002222641370075699      
   200.299529281356924826719467637452      
   203.947590128372884802356863280430      
   207.613103235789984840258001501619      
   211.293518517211746105243251003646      
   214.986196750703662048761437523895      
   218.688415844531541588296031486611      
   222.397377873455083493066775904074      
   226.110216842907473711897243094236      
   229.824007131476790644367601170510      
   233.535772622903322187819625069026      
   237.242496408239321295616337174512      
   240.941131075043575848204489281828      
   244.628609448345155227940824345582      
   248.301855808174493612770280642476      
   251.957797366773968481249430352570      
   255.593376046593838903056822629465      
   259.205560367432223289317916156885      
   262.791357467477371100302730730568      
   266.347824988448697220783528980989      
   269.872082885008092595145944616821      
   273.361324947762788666002512680812      
   276.812830050491783803648358535598      
   280.223972888819169347844543795443      
   283.592234231525802899242189315985      
   286.915210550598625455513326735862      
   290.190623007344033354256518306775      
   293.416325650932316085509527771558      
   296.590312773958993351614908782907      
   299.710725538448434422340820934554      
   302.775857593269149425241705117454      
   305.784159849048584458509566347714      
   308.734244369916317582597737483943      
   311.624887222435477781023220937996      
   314.455030620219328464625876494252      
   317.223784014733345261199323206119      
   319.930424440649414737735292445000      
   322.574396046723110616944558754047      
   325.155308902151381968897159155754      
   327.672937096841961409864760883767      
   330.127216166408518256157922755773      
   332.518240082296407454189255622926      
   334.846257660540057456381816066814      
   337.111668655903346643369608856956      
   339.315019353641460626752301593071      
   341.456998086325646712002119774450      
   343.538430406203267062031923831022      
   345.560274126749051908190700455321      
   347.523614396074095481460305452324      
   349.429658492048201090156138762959      
   351.279730787944243020649274709669      
   353.075267655745548450950436668509      
   354.817812427061669337314288719163      
   356.509010175810558616784027843535      
   358.150602887394887154820353194202      
   359.744424153403560654546352662032      
   361.292394126285768629159331173442      
   362.796514079807128315246689301333      
   364.258860962293204009341850845338      
   365.681581369353258203772570005167      
   367.066885528985891127697896802231      
   368.417040225422754915878565287588      
   369.734361727276776653377954517639      
   371.021207329188588909209801811988      
   372.279966671880199805105446275557      
   373.513051979017573085747496183084      
   374.722887027581313007130896758793      
   375.911895810291178204135868228194      
   377.082490066920171633179165777384      
   378.237055863415345434005830329167      
   379.377939863827069748748785978901      
   380.507435215101492841147529038638      
   381.627767322441981131406347729424      
   382.741079909103140623739816934276      
   383.849422034306758910015636686240      
   384.954736051535949039713953883629      
   386.058847144410979818512471820351      
   387.163455163646136040689814962428      
   388.270128477411724119910760071429      
   389.380300612652611010133799822818      
   390.495269642916965312364777395893      
   391.616200293140674763539656903264      
   392.744128767091506793229659911930      
   393.879969884017149384192833782890      
   395.024526411727194014211912138092      
   396.178499769871462534893584853367      
   397.342501932507045582226540368961      
   398.517067742695013920315204721359      
   399.702667377949872256444788127307      
   400.899718211107548619402391529269      
   402.108595932953993839734267749066      
   403.329644673306565100889900505397      
   404.563185767146561548541605189813      
   405.809525347108192710326116435688      
   407.068960583790674501889800745624      
   408.341785124345213027458753993588      
   409.628293166268125559922621759684      
   410.928783227738806230263935321516      
   412.243561186821079575771544386477      
   413.572943274158828588730962136733      
   414.917258792717455894208688685866      
   416.276853362927634584893109469908      
   417.652092349131770984589824986663      
   419.043365211383931460338886047191      
   420.451090550949318922256829537318      
   421.875722544758022210327494622669      
   423.317758906655633442174037763136      
   424.777750761344210721020369730259      
   426.256314992823718148575781715194      
   427.754149516784222405423799880650      
