   81.7400432333552244830652925470550763      
   81.7369788120130527234245088055381356      
   81.7318598081827498550990024816705533      
   81.7246767896588780190539518173117500      
   81.7154201755201198266692398006954792      
   81.7040808576411777836056551968856640      
   81.6906506540925905454830931180777926      
   81.6751218542927971675752176477027189      
   81.6574838582701340454043189522825391      
   81.6377143404505994437051218804471746      
   81.6157637887376775533534343063371726      
   81.5915346822834808351867086154921166      
   81.5648581734114956666974671865938333      
   81.5354715266074131664035642086009595      
   81.5029993167876823402598053367155668      
   81.4669408445482509005854388778283060      
   81.4266653821267273841512299867166051      
   81.3814157529771599288056073077453358      
   81.3303196148162967108537351739750727      
   81.2724069347426367078078234668860764      
   81.2066316758131301308958135522348272      
   81.1318956539204415153247079564581125      
   81.0470727515823965287954251017700526      
   80.9510320617516238289832198878384397      
   80.8426589593848057605036499220247302      
   80.7208734863589540378913094646113831      
   80.5846457542356907916786866464473325      
   80.4330083105281012934200489428617176      
   80.2650655801187477579493835005089391      
   80.0800005996464508428611195111233346      
   79.8770793249018433546163455032168034      
   79.6556528161399232297518190928467811      
   79.4151576091047769382630082175274874      
   79.1551145669151285050153800500875502      
   78.8751264843243609576497684963385328      
   78.5748746886808730552816260002928320      
   78.2541148502650611040102821316720590      
   77.9126721862759739289995849784046079      
   77.5504362126258497425069195813776339      
   77.1673551737105716629124778832742984      
   76.7634302545048952033128863357239111      
   76.3387096614551647417181820070721938      
   75.8932826395525335280335681927741994      
   75.4272734789016920357262560617733809      
   74.9408355506829739673665503561541737      
   74.4341454019300244872275872065158190      
   73.9073969283006900934193509370476944      
   73.3607956359877454353154007350115905      
   72.7945529962602292529004925651218121      
   72.2088808883107657144547070312349991      
   71.6039861192843944106375006256190002      
   70.9800650043726227313090388473942126      
   70.3372979801868199038196282794111822      
   69.6758442199767034762262836127118266      
   68.9958362096309161023975381005075717      
   68.2973742323640332931839415967734209      
   67.5805207038731983858640609155275030      
   66.8452942832217009115797731190166269      
   66.0916636730150318922596422517231041      
   65.3195410044052234514802960886947690      
   64.5287746805178749590684744514646603      
   63.7191415285989263917553676526606073      
   62.8903380744322966531746033968960613      
   62.0419707160426297169561461527912646      
   61.1735445170236168416809969417749646      
   60.2844502754158923412202602715388815      
   59.3739494322437804124556876064413508      
   58.4411562702304388352633355871237312      
   57.4850166957824298496906271880100054      
   56.5042826904677261503892110748608689      
   55.4974812327024953481214989902971819      
   54.4628761007393220559873198904590044      
   53.3984204218485992118948258915470924      
   52.3016970588737799971070522890257129      
   51.1698428142888578562666299444965055      
   49.9994508031316563035586774990705102      
   48.7864429198139528542187407619705624      
   47.5259006235873579110982774771103067      
   46.2118365020449813725030848336011282      
   44.8368798379257294643159842201400248      
   43.3918341630572679145811396066470284      
   41.8650387155427497725693982083260760      
   40.2414191983544009559986290886705948      
   38.5010257409910271484919183600467046      
   36.6166801449213053492647624500117921      
   34.5499697984574462920742208155543571      
   32.2438875662436072005763703735579386      
   29.6077969192555746386412119783124230      
   26.4817103353027403454308051891309055      
   22.5298664948176935903931558664981908      
   16.7585364617694392852486949609652865      
   3.87808012793696312010121355004059794E-0005
   3.58984381810487686455225531816974306E-0005
   3.28988586342004804497455960521052751E-0005
   2.98536451568731076758963013011935492E-0005
   2.67681741694428949768563199054269378E-0005
