   5.75680188116313107596348891236242931      
   5.75669440201721261164782274948825333      
   5.75651536431631838087767997762516747      
   5.75626505337479733312124129636658281      
   5.75594387130188770441203004955908026      
   5.75555233760723356399699986202373452      
   5.75509109271637020710003603467103410      
   5.75456094617137222039698620808231593      
   5.75396307926728354923183410648891192      
   5.75329953014921511477721984585758793      
   5.75257398723579075245201623820895770      
   5.75179276803893423076482788087637357      
   5.75096578813715167101883168659490282      
   5.75010736061959116013199640653237017      
   5.74923675283787520251077072320973442      
   5.74837849814135446249653652259231543      
   5.74756248759341179692781135369675669      
   5.74682386047117013711508282545271925      
   5.74620269666714416277298133102238118      
   5.74574350709086668247145500912987998      
   5.74549452545576571743877367823200707      
   5.74550682246057980909026326591994526      
   5.74583328348981983670887573600377069      
   5.74652750661346809436958177875725238      
   5.74764268504249498533720247010169411      
   5.74923053651241313798919649604484056      
   5.75134033302403073999744802293796187      
   5.75401807066929652531179887608983390      
   5.75730580375839944601860376676065982      
   5.76124115259070349576229136349537095      
   5.76585698148608089747609767916986817      
   5.77118123405119309160549107532778259      
   5.77723690621470617581583352616163942      
   5.78404213407930926045816845034673780      
   5.79161037263516712989906282264881009      
   5.79995064217932045528953272150002313      
   5.80906782134561065263974968611576789      
   5.81896296843686722107887963904596839      
   5.82963365578402542493513894233188572      
   5.84107430496452831075506895721060827      
   5.85327651356490491217020047257890736      
   5.86622936668316463161703458627760613      
   5.87991972856820872860023738249541997      
   5.89433251154194854123918449751727233      
   5.90945092072572977136133521909631820      
   5.92525667422337429215020484451418333      
   5.94173019911155770773289953096801551      
   5.95885080420218653141181895493260729      
   5.97659683082928199036526303171956320      
   5.99494578312996817079635676939151228      
   6.01387443935396307526873454179832662      
   6.03335894570986380863100738785793768      
   6.05337489414412352291426051738566402      
   6.07389738536333340838845651102491168      
   6.09490107815700149816598468143304863      
   6.11636022592849098535078812215936166      
   6.13824870108738206032892922917855776      
   6.16054000768326991675630994166901168      
   6.18320728242771837942073129512107111      
   6.20622328387760293497510992328532414      
   6.22956036927099838697023484783171556      
   6.25319045804824071277607593215207720      
   6.27708498064565995199902879482450686      
   6.30121481058279371387135831202401951      
   6.32555017714205192963750298680960757      
   6.35006055506546526540981041135862537      
   6.37471452656310609181262353344812289      
   6.39947960944714505459382730080025575      
   6.42432204323095722668167662549663544      
   6.44920652242309038371620536096489225      
   6.47409586259825171872699745232995406      
   6.49895057985302054685629379060510098      
   6.52372835713250662191833689107885380      
   6.54838336079723672941355949727842594      
   6.57286535584290847251813069417114940      
   6.59711854599896689623754108904729515      
   6.62108003088372951899791474169535126      
   6.64467771910546794382079820110131121      
   6.66782745028386390857629836375468029      
   6.69042893609870062224359185182156063      
   6.71235988434165207947475739254366135      
   6.73346722877172764747753471719283736      
   6.75355356033444636308085629748101759      
   6.77235522214775778103970464321967434      
   6.78950510735909093799368300022077896      
   6.80446548505067796045008275324101428      
   6.81639710379889734211715811803064344      
   6.82387708115497383533926073009635765      
   6.82419383918469075445562453957381867      
   6.81108921030791998410500110516637848      
   6.76290262183122120314721298810301728      
   7.06072791600051036433067205876520509      
   7.33344201436920346662644035759399772      
   7.46396624996875056472851187043031388      
   7.56816160855775111032536139486512938      
   7.66120126584474822001660900908845746      
   7.74833312352533650673049614359875936      
   7.83194491168540943379136277316965835      
   7.91323342180479822747103253145744430      
   7.99274531672663550566472655807806743      
   8.07055761097355335295273828593375363      
   8.14632048356150431537000250645637684      
   8.21925377852396793181304294140477659      
   8.28812819971726371553047847328472380      
   8.35120304295427720030601350152026038      
   8.40596897552694169789092652805481054      
   8.44769453735016953016592902120332497      
   8.46860744838373322913352501601123713      
   8.48769367507211141328112417102622512      
   8.50639903769792634569592392157619931      
   8.52471807824507876346295909885187676      
   8.54264594717057572157944531467479749      
   8.56017838611398655537845104025263744      
   8.57731171044452520350528403084437359      
   8.59404279167329031570560704843808842      
   8.61036903974332976883658696831593456      
   8.62628838522427756893590626764000906      
   8.64179926144148580972223418044605208      
   8.65690058654633013968331700310563460      
   8.67159174557924954885089602892374853      
   8.68587257253834845457784691612940566      
   8.69974333248090867401562540302875083      
   8.71320470368825743487262788967301783      
   8.72625775992272961622370289646657889      
   8.73890395279847077682053449091140627      
   8.75114509430118352581771894389145728      
   8.76298333947335468095444529344234428      
   8.77442116929777270386294455640374020      
   8.78546137379889550027103759110356934      
   8.79610703538410517965737148595798512      
   8.80636151245305440244512756410409941      
   8.81622842328777630693016523685284477      
   8.82571163024651063919944679771894216      
   8.83481522428064274175135010150348702      
   8.84354350978823048919013614087340217      
   8.85190098981735545240600373347888513      
   8.85989235163912787358740585139699856      
   8.86752245269456097885403022922766907      
   8.87479630693273261227544054791760047      
   8.88171907154307989180474310236171969      
