   1.84051559052455421330919815460376769      
   1.84058431708064881109685065965488251      
   1.84069880964711241717740190688697008      
   1.84085889854698415926099835209238701      
   1.84106434439083187742920690048350267      
   1.84131483754973835228548600999269494      
   1.84160999572579293835271215153258864      
   1.84194933287353836004365621636183067      
   1.84233212912797791040185287118987416      
   1.84275711946595387273917105611720532      
   1.84322198395500668747711528350784415      
   1.84372271763755022788109564072140291      
   1.84425300465869244564229012555517162      
   1.84480369896862897824992879427109642      
   1.84536245907231867081323887345018148      
   1.84591353942681941290268759549199014      
   1.84643772401792619346135542633904632      
   1.84691239199475356406044567809001166      
   1.84731171558136022589958862377546620      
   1.84760699509700401779295277717434944      
   1.84776713107003036131267867590656100      
   1.84775922159304495647743557908421298      
   1.84754925927395472893122881254531239      
   1.84710289094389547156268869029456788      
   1.84638619730675417122077709878908351      
   1.84536644965149811296398584832630125      
   1.84401280567864389972056893539047291      
   1.84229691479900355963394862929385602      
   1.84019341316079053893593570265045158      
   1.83768029854970069215489232877775965      
   1.83473918413410894125293714894780881      
   1.83135543708063243473446311062336843      
   1.82751821315057040595100840041185845      
   1.82322040155849450782709318680462387      
   1.81845849585303181151785839576102549      
   1.81323240675090650731261318511776865      
   1.80754523204320399547533874571666651      
   1.80140299723858463885431931493583988      
   1.79481437883433264065785036483381134      
   1.78779042014937335769639206149156108      
   1.78034424775300564165037738581934812      
   1.77249079476371611050046061598707610      
   1.76424653568284633001165629416542223      
   1.75562923607984171935920197699439279      
   1.74665771932620605825462179872272949      
   1.73735165162038642899620829542871169      
   1.72773134587497094048137452787492127      
   1.71781758444593285479474709678551729      
   1.70763146031645307408024500987428941      
   1.69719423605175646117211542524180510      
   1.68652721966275187553426624207048868      
   1.67565165641512209399383140508126323      
   1.66458863558980565319291333881664159      
   1.65335901117333970766361337555555492      
   1.64198333553753395799314819152384352      
   1.63048180520120913364153470327950593      
   1.61887421786616385422303538061534103      
   1.60717994003243189467551752973506662      
   1.59541788459103757005352016940189300      
   1.58360649795853987872944512825618249      
   1.57176375643062022511347680038002944      
   1.55990717162984617909890009733999100      
   1.54805380510147567637178616898617802      
   1.53622029233748056855632186739362366      
   1.52442287679296392541320046725849010      
   1.51267745479241370721820614653275765      
   1.50099963264848848464757122226551369      
   1.48940479786724140815047306506239574      
   1.47790820704345117268045956581000765      
   1.46652509400402362982204415783952242      
   1.45527080309583465883072187438792263      
   1.44416095432857542207543750317427805      
   1.43321164969137934969025740468167531      
   1.42243973366321654209387440570963491      
   1.41186312643445689937744033378585925      
   1.40150125652358182862839852454768849      
   1.39137563205962639825502118615802262      
   1.38151060976805359187062460463734233      
   1.37193445269620083606338350455515611      
   1.36268082114414859733625545084746778      
   1.35379093371131141381847948594410223      
   1.34531680181069289320398405456143142      
   1.33732625456977361349770721159198751      
   1.32991109326742721547034789185324428      
   1.32320102629482030462041643686488685      
   1.31738901188939596596902594457435280      
   1.31278105667136814818697472299803899      
   1.30990463008584042775345760787974015      
   1.30978302944265819749343815509257268      
   1.31482795899123876827500192412110848      
   1.33363136077247245805551906502320463      
   1.22349758104907976961480914448724774      
   1.13419138199790670022842615105767583      
   1.09487044812048109147145518136274708      
   1.06493051858449983869659669114705810      
   1.03922198137032533929667407402327323      
   1.01598079753119300559187726201321251      
  0.994403901613562349557914699601967810      
  0.974078852012420746374942762044008297      
  0.954794961082338967783291940335281734      
  0.936472403120583313168099222595271710      
  0.919134535395203730204472414124681021      
  0.902895082711974711794303266308051703      
  0.887951300461017037148073691851961479      
  0.874588942271332537975705972418357516      
  0.863229954505763447590582360622202515      
  0.854723538643500316312013812158360256      
  0.850507334998059476030935931572421017      
  0.846686574042683280659144000158584296      
  0.842966982214543046695238973256577631      
  0.839347917300384521212214233971735593      
  0.835828649446955282020509682953930994      
  0.832408368404180200647145816753360888      
  0.829086190356493974472729842180318389      
  0.825861164359816672861972992084237626      
  0.822732278404379775446532551035329175      
  0.819698465120582605077074596706175841      
  0.816758607144147636103174105901690133      
  0.813911542160849686779261928229013966      
  0.811156067642089651987200213007280693      
  0.808490945289466237312305426887638536      
  0.805914905203165594426732369640617862      
  0.803426649787816914034706963685922360      
  0.801024857409185187939982434206892746      
  0.798708185815716381230969819062081120      
  0.796475275335823638034396036446448721      
  0.794324751864545241133487382634607071      
  0.792255229649521367836728323162704626      
  0.790265313887972813559782335304424219      
  0.788353603145195702497112091456269489      
  0.786518691603281428851101663510046461      
  0.784759171150875438948413420169599586      
  0.783073633322232303309643499822945145      
  0.781460671093795364957907653732785516      
  0.779918880546905586168873518621485435      
  0.778446862404618669899521059189110465      
  0.777043223448798021078190886237972392      
  0.775706577825792272232190474118937170      
  0.774435548246049637958887748270680042      
  0.773228767084997458180319096347393395      
