   277.063994752807950380999828051341283      
   277.054327991376201872858287044696376      
   277.038180672286391907104845582934950      
   277.015523493964962998438579169113598      
   276.986326294971571885389166309432624      
   276.950559702417528735624073303963203      
   276.908196653035521659149747762889112      
   276.859213769484816629416071013338555      
   276.803592533702595007116130036257128      
   276.741320123765516367584243737410460      
   276.672389547468452090324493237823790      
   276.596798271745281333588178535841531      
   276.514544007516235198591209465256109      
   276.425615947086239509036986323167304      
   276.329979970288893862265045292871899      
   276.227557303974784663716792750637081      
   276.118197555873859413654099868974924      
   276.001648374621373278884505291140506      
   275.877524738177547848705243623373440      
   275.745280897355157032971213595723792      
   275.604187465046192845873648666221012      
   275.453315320609428079900233874804875      
   275.291527139880569714821108119178886      
   275.117476610841969073200280690211431      
   274.929614819879404572405454109602083      
   274.726202888176283904286972890408287      
   274.505329691862750141869570883493043      
   274.264933378866684306059934356532748      
   274.002825380714970624582606643061538      
   273.716715681354142031595481405382677      
   273.404238228701641200325947430128818      
   273.062975534321750982630782176982914      
   272.690481696763922823239523203255517      
   272.284303257039354971955080210118011      
   271.841997491186756692038584420122128      
   271.361147895343229727766172927799125      
   270.839376762296392556253833584030485      
   270.274354863885725524664970153369513      
   269.663808339704701455955776444462784      
   269.005522958054762291240460622995037      
   268.297345955595500734351154746917773      
   267.537185685886231797534283514856480      
   266.723009313914652044114035316155536      
   265.852838788055728940109468029483095      
   264.924745307673441163010077198547082      
   263.936842480580718291243992130432358      
   262.887278338685302950193439581642665      
   261.774226351355791331204444625503800      
   260.595875539505701965922244903718714      
   259.350419764274098290466621079009425      
   258.036046223664592145058623721786044      
   256.650923160522793214706806792196340      
   255.193186741988252639817605136369584      
   253.660927037995543206638045547929707      
   252.052172979396727412996915715577651      
   250.364876137110164584327005276826937      
   248.596893115437346905641190893594559      
   246.745966287233126544166484866468104      
   244.809702549282363921961758408734449      
   242.785549686444768359708660135876823      
   240.670769847645514445869258642174943      
   238.462409519953200947391772788053949      
   236.157265245581211557229834241814894      
   233.751844147297254837135167261409557      
   231.242318098025470415702239235470353      
   228.624470075422778817474247000261357      
   225.893630854892689800523641388527790      
   223.044603686903305219282206362775798      
   220.071573924583033512934393951756314      
   216.967999652885033349013825997426567      
   213.726478118787261287546110862553789      
   210.338581032954270200254872190435496      
   206.794649379431925876735471355643933      
   203.083534901419010396828466706038203      
   199.192270386875271677551848741672041      
   195.105643424162634118588537676478286      
