 0.85241612091311E-05
 0.85242358010851E-05
 0.85243607661343E-05
 0.85245367376281E-05
 0.85247644351056E-05
 0.85250446399439E-05
 0.85253781714638E-05
 0.85257658634115E-05
 0.85262085419849E-05
 0.85267070089175E-05
 0.85272620392296E-05
 0.85278744131709E-05
 0.85285450124302E-05
 0.85292750166037E-05
 0.85300662313295E-05
 0.85309215622544E-05
 0.85318456227400E-05
 0.85328454360232E-05
 0.85339311724095E-05
 0.85351168535663E-05
 0.85364209591559E-05
 0.85378668833824E-05
 0.85394832067831E-05
 0.85413037682692E-05
 0.85433675409588E-05
 0.85457183309767E-05
 0.85484043297538E-05
 0.85514775572516E-05
 0.85549932360739E-05
 0.85590091353618E-05
 0.85635849195538E-05
 0.85687815315656E-05
 0.85746606333240E-05
 0.85812841203437E-05
 0.85887137205001E-05
 0.85970106820703E-05
 0.86062355516488E-05
 0.86164480391753E-05
 0.86277069650142E-05
 0.86400702825226E-05
 0.86535951688680E-05
 0.86683381767351E-05
 0.86843554399411E-05
 0.87017029267066E-05
 0.87204367352586E-05
 0.87406134276226E-05
 0.87622903986754E-05
 0.87855262788072E-05
 0.88103813699938E-05
 0.88369181163744E-05
 0.88652016120293E-05
 0.88953001500569E-05
 0.89272858188736E-05
 0.89612351533517E-05
 0.89972298506465E-05
 0.90353575628381E-05
 0.90757127813301E-05
 0.91183978316168E-05
 0.91635240008019E-05
 0.92112128257558E-05
 0.92615975760840E-05
 0.93148249743562E-05
 0.93710572065198E-05
 0.94304742889756E-05
 0.94932768764858E-05
 0.95596896183354E-05
 0.96299652011553E-05
 0.97043892583829E-05
 0.97832863829228E-05
 0.98670275573738E-05
 0.99560394247411E-05
 0.10050815975974E-04
 0.10151933451231E-04
 0.10260069573954E-04
 0.10376028716789E-04
 0.10500775327570E-04
