   18.1387783877839539438991308422940421      
   12.8436843911146131067900031325743444      
   10.4906370492163944534058877906605192      
   9.08617024384939281153114846876590379      
   8.12691938599912758778508730133781699      
   7.41833620099132326013655451567213346      
   6.86725790246170120609058136216778896      
   6.42274262762379658486068871587204213      
   6.05427781960758834617862401328440676      
   5.74232578113267635640498139061129852      
   5.47371959008704923878426262466665210      
   5.23921853985052340070948826931012059      
   5.03211964711810190833352027544785884      
   4.84742509741655028160218914152623339      
   4.68132033517539523744333367669849905      
   4.53083453248646405307993997816541302      
   4.39361269634824205745886017468838786      
   4.26775859436950016488827800760068732      
   4.15172400282937376630172008109634060      
   4.04422906313662258049213472623947850      
   3.94420400788484091796219604900260104      
   3.85074585546910588162138076877369694      
   3.76308576824998209797155268970242311      
   3.68056412077657533629831775423791941      
   3.60261121662340641435507337853939201      
   3.52873219330591608843248623304753745      
   3.45849506670277327332382650822900078      
   3.39152115357708745929341706143429576      
   3.32747731335309357196718452413651772      
   3.26606959540466172517283549789685529      
   3.20703798273772308744980843875370939      
   3.15015199945432827797300950951116356      
   3.09520700548809212681143731186997617      
   3.04202104381062365215086299544938849      
   2.99043213621278372320857041642424480      
   2.94029594709433286249947663270863424      
   2.89148375209147871441271613305528805      
   2.84388066175803015626197183732778705      
   2.79738406047900328500579482531320063      
   2.75190222868961324735089528003465483      
   2.70735312229284631943477714364738912      
   2.66366328799937121770282617480194582      
   2.62076689678782050267484384651165387      
   2.57860488069179999853335349491662435      
   2.53712416035200374997624414821600789      
   2.49627695263771271542055644314080448      
   2.45602014913412258497993625992233618      
   2.41631475749769366536272756982608634      
   2.37712539870643266832164499030696719      
   2.33841985405302271509055567045808210      
   2.30016865638940254787930341635705016      
   2.26234472074361407123761695233751519      
   2.22492300990670712765203738843293313      
   2.18788023095493961922938231724664055      
   2.15119455908280730003989846353199334      
   2.11484538530911220641565679752382877      
   2.07881308496837355771733182842706345      
   2.04307880398238150052425802427156465      
   2.00762426011235670340266082410794644      
   1.97243155648770377786777563391390774      
   1.93748300476925904590435341556032636      
   1.90276095530802932199172739634333394      
   1.86824763164428190332219820027593341      
   1.83392496660032013783471865151792066      
   1.79977443706912641666610030294299241      
   1.76577689435289484406811692415887427      
   1.73191238659265180945924323875614247      
   1.69815996935680984889486688030153968      
   1.66449749987996792593294606584109036      
   1.63090140958836569599523932134075196      
   1.59734644853501779942258410249663669      
   1.56380539392517813488070422909801870      
   1.53024871306147495732909811658769969      
   1.49664416856697718580442758397882607      
   1.46295635042108055086832613566266902      
   1.42914611483773179152495748805407516      
   1.39516990394913887355937374980035264      
   1.36097891176118464272161325738981173      
   1.32651805009901025930984216610418538      
   1.29172465150068770281872686931954186      
   1.25652682201601866833747568009460147      
   1.22084132158285148398567041368044955      
   1.18457079711382859803910905909051776      
   1.14760011324728608349187154821071743      
   1.10979140054884471298105529497231590      
   1.07097724008897346044044679210149932      
   1.03095107083226088021141351420044308      
  0.989453335435545447553904934856400679      
  0.946150856293687708369839625874531812      
  0.900604998358109051358671523912955574      
  0.852220268200480876562268153622768272      
  0.800156435168106381280409250044010283      
  0.743166435674142016133260772627250460      
  0.679264565124173478585080674747325981      
  0.604939144341074421008646850867437970      
  0.512814692972954839581762000805781378      
  0.381095775443535880950065686024064130      
   1.87681580585482432066179259137583894      
   9.03272938600840719354670309161183486      
   14.9752535354315159616864804078586889      
   20.5135532838170830434775737717860868      
   25.8424523699827467553856851189007114      
   31.0555460946908848433579106132766369      
