   1.22351690024460791379464127825053521E-0002
   1.22602919841187242895161206366787606E-0002
   1.22864113040146340610972681808157667E-0002
   1.23135708627690416760722767694796163E-0002
   1.23418177987758778867867363437306841E-0002
   1.23712028728901219045563291847498109E-0002
   1.24017808930326610047107478009549456E-0002
   1.24336111823642976805319508476002683E-0002
   1.24667580959045409329159310018272398E-0002
   1.25012915918549323082785961143379209E-0002
   1.25372878654758660189091101559878843E-0002
   1.25748300552108921122900040929678735E-0002
   1.26140090329193842173695155477071428E-0002
   1.26549242926485329433394034084402413E-0002
   1.26976849554620057788251921982970857E-0002
   1.27424109115868982364815512582161804E-0002
   1.27892341257307968040844610323240310E-0002
   1.28383001370911985917340203025233609E-0002
   1.28897697926610796618944607686252599E-0002
   1.29438212613358615856048179611726285E-0002
   1.30006523876138078971182826352092294E-0002
   1.30604834581134781919137007306301645E-0002
   1.31235604727237629061850582314419638E-0002
   1.31901590363743679426351361222507220E-0002
   1.32605890191025904522423852882097909E-0002
   1.33352001740404866644743889839294168E-0002
   1.34143889590227122679562643176567793E-0002
   1.34986068832792454987989675745787149E-0002
   1.35883708042359091573616092356500050E-0002
   1.36842757427320908366074558686747877E-0002
   1.37870109859230219533658796205081700E-0002
   1.38973805331106873660284548011697391E-0002
   1.40163293532598833960980911797840963E-0002
   1.41449775314743579634580205699722123E-0002
   1.42846652947129499763117697138920736E-0002
   1.44370133066713779609301211564293838E-0002
   1.46040048196914569426560333214745543E-0002
   1.47880998176412910820391603207423659E-0002
   1.49923971831313836102667950254135987E-0002
   1.52208710865339440948626397668945892E-0002
   1.54787260271658505126891458934996578E-0002
   1.57729492370463364955158304386141932E-0002
   1.61132072765481551466408229114368128E-0002
   1.65133782838866286847753250601829337E-0002
   1.69943443213289376360911968520616396E-0002
   1.75895169597351654210218076722895720E-0002
   1.83570400486423739467388649888228788E-0002
   1.94112596994658163972210535419798512E-0002
   2.10260320657123140795876687626236101E-0002
   2.41696984573665489834935751494446000E-0002
  0.398993699898025547199418457370015050      
   7.77633218574481117775738232390855199      
   13.4440517636233952687761755882043504      
   18.5541933650542825417879949345235619      
   23.3233788485874771019081467435782520      
   27.8473724550025303519187969454084571      
   32.1798462095166595145882009533511539      
   36.3549700466621906050490383060698891      
   40.3963177500852168101415702365928113      
   44.3210489595785458035807114589417631      
   48.1421035590392459942794994886514038      
   51.8694419879714764410315756300419627      
   55.5107803351800361597837153596989695      
   59.0720333372226714864769988055916344      
   62.5575679233563630462180154302899139      
   65.9703019184830509589786762587694915      
   69.3115958914599453182957838912708740      
   72.5805217114875338556130320085844343      
   75.7709012525589157225832985743687657      
   78.8899753672152381961367906122533248      
   81.9425933545423406453838483096981708      
   84.9316935509595439241518531123824820      
   87.8599944365739679813758341951609786      
   90.7300139884826020549367289583301883      
   93.5440873660768731718643598361541616      
   96.3043831004886908572360553303342780      
   99.0129179081462111547929155301378196      
   101.671570224206579010339538855405216      
   104.282092541390424872405458326092482      
   106.846122635812394443357340763996005      
   109.365193759766434095752400526388070      
