   4.36753152454666136594001582490616600      
   4.31059915726793822606913785278901608      
   4.25471663290720913275876890209958434      
   4.19981172824025484017017474002854013      
   4.14581565815334707171539866262493816      
   4.09266264641838042223943028891115620      
   4.04028952597473243834241526032229348      
   3.98863536504617402290715417330315480      
   3.93764111557233605918104022933185200      
   3.88724928052243297658879817259736378      
   3.83740359669053388224523414125085799      
   3.78804872955046417262750131653482157      
   3.73912997667326339010879871336878888      
   3.69059297607601734907053464740580886      
   3.64238341566952972556185319781135489      
   3.59444673969086941586743473986389323      
   3.54672784762834983806605468288828110      
   3.49917078064667956495719626571027029      
   3.45171838987029394829052490127029574      
   3.40431198004173547874373153622519213      
   3.35689092098735815366148501015280503      
   3.30939221792585266649132326652205556      
   3.26175002985144937197107682530821216      
   3.21389512288995532636996355160702445      
   3.16575424248927182136209686895717503      
   3.11724938433366138483745176076786997      
   3.06829693863541039846783731236898789      
   3.01880667549858465006524903326349723      
   2.96868052971314123146347841357613404      
   2.91781113067351688855166418473035783      
   2.86608000573431689057660411808016899      
   2.81335536114001788680375685533084850      
   2.75948931054038678634624389413746167      
   2.70431437214047819599145426951799008      
   2.64763898398797867055101406996485533      
   2.58924168019663162218208922310696517      
   2.52886340807784303790289415831048187      
   2.46619721112964847067600992386862590      
   2.40087409149866676387300963404199694      
   2.33244317935032381543119431763255392      
   2.26034314688527558672176590482671796      
   2.18385964800821200555825564263605783      
   2.10205944625706675071625649056085954      
   2.01368353049839826990633961201285019      
   1.91696322310870099218960917512787286      
   1.80927936062353200935093145628943342      
   1.68646552319449379062321103860633170      
   1.54117407066500149145602957889316877      
   1.35814231404483460472801181026817540      
   1.09389721371417563792810159420199999      
  0.399125171852907164942351658087630488      
   7.77633218723690706049822069463589685      
   13.4440517641866029429967020111250061      
   18.5541933654454770001862636118594567      
   23.3233788488830568417381632067632164      
   27.8473724552304190276602061031617241      
   32.1798462096964838584377670927184936      
   36.3549700468183369127167566855096143      
   40.3963177502603114820641910422281064      
   44.3210489597476068665286705276521188      
   48.1421035591981249457832074927869324      
   51.8694419881180594970903919703164730      
   55.5107803353161442203042846472326344      
   59.0720333373537546683662560937682683      
   62.5575679234786870891428544292248808      
   65.9703019185948182559873543931604804      
   69.3115958915576758702325265000053808      
   72.5805217115496544320245872317023827      
   75.7709012525618789134647350581279611      
   78.8899753672181604939026268454664278      
   81.9425933545452251615873202854017817      
   84.9316935509623930645550513872136548      
   87.8599944365767836327687122418150596      
   90.7300139884853857175450213965742518      
   93.5440873660796260549365843255133092      
   96.3043831004914139491680985396046188      
   99.0129179081489052752931547281580452      
   101.671570224209244849696809065532705      
   104.282092541393063021343731727939945      
   106.846122635815005415919349001829607      
   109.365193759769018346953818495811041      
