-11.966666666666666666666666666674	0.4024072380611096099823450008522
-11.933333333333333333333333333335	0.4023681471803217111145424959461
-11.90000000000000000000000000001	0.4023315939637423218369552864266
-11.866666666666666666666666666666	0.4022974668618850464712477712252
-11.833333333333333333333333333337	0.4022656588794311310916140584922
-11.799999999999999999999999999999	0.4022360673975745852077039881521
-11.766666666666666666666666666662	0.40220859400343506863635755279305
-11.733333333333333333333333333336	0.40218314432623620282087903205635
-11.700000000000000000000000000006	0.40215962787996141630234837265208
-11.666666666666666666666666666667	0.40213795791221310389034722039094
-11.633333333333333333333333333339	0.4021180512590138141137849670513
-11.599999999999999999999999999994	0.40209982820530042277287732581626
-11.566666666666666666666666666671	0.40208321235087384225686965744755
-11.533333333333333333333333333327	0.40206813048157779472161259293988
-11.5	0.40205451244549057787152333096701
-11.466666666666666666666666666663	0.40204229103392360845669720860983
-11.433333333333333333333333333329	0.40203140186702987211774977524722
-11.400000000000000000000000000003	0.40202178328383426841392608032193
-11.366666666666666666666666666665	0.40201337623650624448553875250668
-11.33333333333333333333333333333	0.40200612418870308585498962769561
-11.300000000000000000000000000002	0.40199997301781980282221076544387
-11.266666666666666666666666666663	0.401994870920988738701327234327
-11.23333333333333333333333333333	0.40199076832467885334613519886742
-11.200000000000000000000000000002	0.40198761779775112226601460681302
-11.166666666666666666666666666664	0.40198537396783265714889578481016
-11.133333333333333333333333333331	0.40198399344087801565614859523893
-11.100000000000000000000000000004	0.40198343472379174370762238768197
-11.066666666666666666666666666667	0.40198365814999149789585031847782
-11.033333333333333333333333333333	0.40198462580779614397148454849896
-11.000000000000000000000000000003	0.4019863014715280334443916719328
-10.96666666666666666666666666667	0.40198865053522323732837603710725
-10.93333333333333333333333333333	0.40199163994884787621898266280806
-10.9	0.40199523815692284079742122915707
-10.86666666666666666666666666667	0.40199941503946315736888921021836
-10.833333333333333333333333333335	0.40200414185514202939816857310215
-10.800000000000000000000000000001	0.40200939118659318781849295051335
-10.766666666666666666666666666666	0.40201513688776861921128425180852
-10.733333333333333333333333333336	0.40202135403327202030392863091425
-10.7	0.40202801886959145762745528001311
-10.666666666666666666666666666667	0.40203510876815770016522412617587
-10.6333333333333333333333333333327	0.40204260218015754751679574594319
-10.6000000000000000000000000000008	0.40205047859303420319467579214442
-10.5666666666666666666666666666644	0.40205871848860934847501931455348
-10.5333333333333333333333333333347	0.40206730330276406268268564277999
-10.4999999999999999999999999999981	0.40207621538661811651120363070899
-10.4666666666666666666666666666654	0.40208543796914944124397368635893
-10.4333333333333333333333333333335	0.40209495512119775353844057131419
-10.4000000000000000000000000000017	0.40210475172079839746164646648742
-10.3666666666666666666666666666653	0.40211481341979445715984175991399
-10.3333333333333333333333333333349	0.4021251266116770990935578262968
-10.2999999999999999999999999999981	0.40213567840060592612575325351105
-10.2666666666666666666666666666675	0.40214645657156287064600962210626
-10.2333333333333333333333333333341	0.40215744956159482387379072869717
-10.2000000000000000000000000000014	0.40216864643210179683865450327675
-10.1666666666666666666666666666661	0.40218003684212893843104119917889
-10.1333333333333333333333333333342	0.40219161102262220032804305664823
-10.0999999999999999999999999999996	0.40220335975160884033553041118748
-10.0666666666666666666666666666674	0.40221527433026529740833847998984
-10.0333333333333333333333333333344	0.40222734655983625582734671563031
-10.000000000000000000000000000001	0.40223956871936994510312231936106
-9.9666666666666666666666666666678	0.40225193354423589838789211391591
-9.933333333333333333333333333332	0.40226443420539251763813027747655
-9.9000000000000000000000000000011	0.40227706428937287049031393562284
-9.8666666666666666666666666666677	0.40228981777895817369607394128236
-9.8333333333333333333333333333333	0.40230268903450940281095778553956
-9.8	0.40231567277592840934659423636773
-9.7666666666666666666666666666659	0.40232876406522082639117501011322
-9.7333333333333333333333333333326	0.40234195828963390330252242587264
-9.699999999999999999999999999999	0.40235525114534323092353256347961
-9.6666666666666666666666666666669	0.4023686386216631022246319899765
-9.6333333333333333333333333333327	0.40238211698575600063135349769429
-9.5999999999999999999999999999992	0.40239568276781742076551414122266
-9.5666666666666666666666666666662	0.40240933274671290506574070602499
-9.5333333333333333333333333333336	0.4024230639360448258442678508666
-9.5000000000000000000000000000006	0.40243687357062705680719438724017
-9.4666666666666666666666666666669	0.40245075909334626188079222471031
-9.4333333333333333333333333333339	0.40246471814238908325865349269069
-9.4000000000000000000000000000005	0.40247874853881504378674675511087
-9.3666666666666666666666666666673	0.40249284827445546360645194110412
-9.3333333333333333333333333333339	0.40250701550011905692483170199979
-9.3	0.40252124851408571335097955012104
-9.266666666666666666666666666667	0.40253554575086987253447261210889
-9.2333333333333333333333333333334	0.40254990577023541164656026805762
-9.1999999999999999999999999999998	0.40256432724644472917552531718575
-9.166666666666666666666666666667	0.40257880895772457899061494920509
-9.1333333333333333333333333333328	0.402593349775931755059434945310856
-9.0999999999999999999999999999995	0.402607948656401980834147969647952
-9.0666666666666666666666666666664	0.402622604627965615265857847827117
-9.0333333333333333333333333333337	0.402637316783114058636934404526622
-9.0000000000000000000000000000002	0.40265208426830096482349338343953
-8.9666666666666666666666666666666	0.402666906274362566882466601387715
-8.9333333333333333333333333333335	0.40268178202704161345079881831085
-8.8999999999999999999999999999998	0.402696710777599576526775100608197
-8.8666666666666666666666666666669	0.402711691793501934416017561450316
-8.833333333333333333333333333333	0.402726724349161456045976530103694
-8.7999999999999999999999999999997	0.402741807716724514649066146344322
-8.7666666666666666666666666666662	0.402756941156885540123406730870132
-8.7333333333333333333333333333333	0.402772123909714780310902453726568
-8.7000000000000000000000000000001	0.402787355185484582067063712548159
-8.6666666666666666666666666666668	0.402802634155479423390879774827773
-8.6333333333333333333333333333337	0.402817959942774928065243859367703
-8.6000000000000000000000000000002	0.402833331612971071019220086631497
-8.5666666666666666666666666666669	0.402848748164864757844711066419581
-8.5333333333333333333333333333337	0.402864208521046879274279857762295
-8.5	0.402879711518408851938093804200921
-8.4666666666666666666666666666668	0.402895255898543609324768217313076
-8.4333333333333333333333333333336	0.402910840298025839621140253707277
-8.4000000000000000000000000000001	0.402926463238556115966355587791857
-8.36666666666666666666666666666683	0.402942123116953282834901031370003
-8.33333333333333333333333333333307	0.402957818194980331563551178668995
-8.30000000000000000000000000000025	0.402973546588985722375294485191275
-8.26666666666666666666666666666648	0.402989306259346197687688040228138
-8.23333333333333333333333333333343	0.403005094999694712187681218597542
-8.20000000000000000000000000000019	0.403020910425914690719674516285742
-8.16666666666666666666666666666649	0.403036749964885887836929511845935
-8.13333333333333333333333333333323	0.403052610842963431319369757359383
-8.10000000000000000000000000000007	0.403068490074173186968204792394996
-8.06666666666666666666666666666645	0.403084384448105030537911159417394
-8.03333333333333333333333333333317	0.403100290517485318024475839045994
-7.99999999999999999999999999999992	0.403116204585411098500784795651265
-7.96666666666666666666666666666649	0.403132122692225765590278443014537
-7.9333333333333333333333333333332	0.403148040602016632450029474743966
-7.9	0.403163953788714989476791498317323
-7.86666666666666666666666666666674	0.403179857421777413514956404406926
-7.83333333333333333333333333333316	0.403195746351427514215466527335155
-7.79999999999999999999999999999986	0.403211615093436190624526884703941
-7.76666666666666666666666666666682	0.403227457813418186111663384304167
-7.73333333333333333333333333333331	0.403243268310622537960792803578109
-7.69999999999999999999999999999997	0.403259040001187238351680929170409
-7.66666666666666666666666666666675	0.403274765900865096939977337524215
-7.63333333333333333333333333333338	0.403290438607126575368424693732801
-7.59999999999999999999999999999993	0.403306050280680824958244055003524
-7.56666666666666666666666666666664	0.403321592626391437304156982148991
-7.53333333333333333333333333333334	0.403337056873490117369962985409422
-7.49999999999999999999999999999999	0.403352433755128512146481839889384
-7.46666666666666666666666666666675	0.403367713487210075452771067399864
-7.43333333333333333333333333333325	0.403382885746477121014517098480415
-7.40000000000000000000000000000006	0.403397939647827077498462298772438
-7.36666666666666666666666666666669	0.403412863720814813858594808492448
-7.33333333333333333333333333333325	0.403427645885321220289566012799292
-7.30000000000000000000000000000006	0.403442273426353259531643917622882
-7.2666666666666666666666666666666	0.403456732967930448011146635633947
-7.23333333333333333333333333333333	0.403471010446034225055367063279409
-7.19999999999999999999999999999993	0.403485091080577887258815331914258
-7.16666666666666666666666666666661	0.403498959346361510663454151979991
-7.13333333333333333333333333333341	0.403512598942972309016880571074059
-7.10000000000000000000000000000007	0.403525992763590537460963247501961
-7.06666666666666666666666666666672	0.403539122862660729250991653975877
-7.03333333333333333333333333333339	0.403551970422385320543778623414818
-7.00000000000000000000000000000008	0.403564515717997123485340016457859
-6.96666666666666666666666666666662	0.403576738081766012513843073379082
-6.93333333333333333333333333333329	0.403588615865693943968679814017087
-6.89999999999999999999999999999998	0.40360012640285008042255705380942
-6.86666666666666666666666666666664	0.403611245967297482620229469844727
-6.83333333333333333333333333333337	0.403621949732561116554942850716103
-6.79999999999999999999999999999997	0.403632211728585051409455253771463
-6.76666666666666666666666666666661	0.403642004797125575764836157070964
-6.7333333333333333333333333333333	0.403651300545525448264077844125982
-6.70000000000000000000000000000004	0.403660069298812486242490970370152
-6.66666666666666666666666666666669	0.403668280050064648217602161511314
-6.63333333333333333333333333333337	0.403675900408981790855885616776363
-6.60000000000000000000000000000003	0.403682896548602552019707096776594
-6.56666666666666666666666666666665	0.4036892331501031437529302982339706
-6.53333333333333333333333333333337	0.4036948733456135429935910936498822
-6.49999999999999999999999999999996	0.4036997786589832146666403283709021
-6.46666666666666666666666666666667	0.4037039089444289297847440825971276
-6.4333333333333333333333333333333	0.4037072223229947436051118942113561
-6.40000000000000000000000000000004	0.4037096751167506114641199693068271
-6.36666666666666666666666666666668	0.4037112217806550993543402474105707
-6.3333333333333333333333333333333	0.4037118148320086490839381851221929
-6.29999999999999999999999999999996	0.4037114047774184719751525472141783
-6.26666666666666666666666666666665	0.4037099400371946701883785880614262
-6.23333333333333333333333333333332	0.4037073668670980029397756684088944
-6.19999999999999999999999999999998	0.4037036292773534216134069740632451
-6.16666666666666666666666666666668	0.4036986689488505425126599843888507
-6.13333333333333333333333333333334	0.4036924251464397704344005128338722
-6.09999999999999999999999999999999	0.4036848346292373608189922932150892
-6.066666666666666666666666666666688	0.4036758315578557453792977133330143
-6.033333333333333333333333333333332	0.4036653473984654873475084788458468
-5.999999999999999999999999999999987	0.4036533108236024772405213503168671
-5.966666666666666666666666666666691	0.403639647609628564045016356001095
-5.933333333333333333333333333333333	0.4036242805307589680204245499923961
-5.900000000000000000000000000000025	0.4036071292495684609323439084032422
-5.866666666666666666666666666666668	0.4035881102038884033730628407308233
-5.833333333333333333333333333333316	0.4035671364900138621443735633401648
-5.799999999999999999999999999999997	0.403544117742136681560237998064122
-5.766666666666666666666666666666655	0.4035189600079359159423242394907304
-5.73333333333333333333333333333333	0.4034915656202498385827907756124215
-5.699999999999999999999999999999985	0.4034618330647679683224055520706695
-5.666666666666666666666666666666654	0.4034296568436949681434215779633826
-5.633333333333333333333333333333314	0.4033949273353420082021129463067117
-5.599999999999999999999999999999984	0.4033575306496127089480678746095145
-5.566666666666666666666666666666659	0.4033173484793756699082223415589765
-5.533333333333333333333333333333341	0.4032742579477314161071633949976088
-5.499999999999999999999999999999997	0.4032281314511938415997460197964096
-5.466666666666666666666666666666672	0.4031788364988443464729749176712567
-5.433333333333333333333333333333318	0.403126235547539073423336361803293
-5.399999999999999999999999999999994	0.4030701858332850326165784736289332
-5.366666666666666666666666666666679	0.4030105391989391546527011991723698
-5.333333333333333333333333333333321	0.4029471419184287585689950065604659
-5.299999999999999999999999999999995	0.402879834517739456006026391483264
-5.266666666666666666666666666666677	0.4028084515929763759246313890505968
-5.233333333333333333333333333333331	0.4027328216258623473970614781962379
-5.199999999999999999999999999999996	0.4026527667971094950485002935567957
-5.166666666666666666666666666666671	0.4025681027981788795116001090316702
-5.133333333333333333333333333333329	0.402478638642026159141159483112434
-5.100000000000000000000000000000008	0.4023841764735282461026619419477876
-5.066666666666666666666666666666664	0.4022845113803873043722986747237445
-5.033333333333333333333333333333331	0.4021794312054207674502565914703962
-5.	0.4020687163612705388834386224514251
-4.96666666666666666666666666666666	0.4019521396486895817684596185879911
-4.933333333333333333333333333333339	0.4018294660797086679268640635125594
-4.900000000000000000000000000000009	0.4017004527071338959760830292645795
-4.86666666666666666666666666666666	0.4015648484619757619837578597185581
-4.833333333333333333333333333333339	0.4014223940005768120286941638582993
-4.800000000000000000000000000000003	0.401272821563371397268881877021514
-4.766666666666666666666666666666667	0.4011158548473801721979914934091324
-4.733333333333333333333333333333326	0.4009512088947101047561383694014673
-4.700000000000000000000000000000004	0.4007785899995027997094188729363666
-4.666666666666666666666666666666663	0.4005976956359322772845827878264059
-4.633333333333333333333333333333337	0.4004082144100052016214605654570283
-4.600000000000000000000000000000005	0.4002098260380541812062238099365701
-4.566666666666666666666666666666671	0.4000022013549230168944628871641096
-4.533333333333333333333333333333337	0.3997850023549349865539625164504771
-4.500000000000000000000000000000001	0.3995578822687820909935352803587841
-4.466666666666666666666666666666666	0.3993204856794745950118692508248087
-4.433333333333333333333333333333339	0.3990724486804453398386462792479683
-4.399999999999999999999999999999997	0.3988133990787875320597634138545783
-4.366666666666666666666666666666662	0.3985429566464160118070760800456459
-4.333333333333333333333333333333337	0.3982607334216648680844532427449944
-4.3	0.3979663340634594932868704907931068
-4.266666666666666666666666666666665	0.3976593562597139861509335709046497
-4.233333333333333333333333333333335	0.3973393911909885356455296931062867
-4.199999999999999999999999999999996	0.3970060240496991547279401173866628
-4.166666666666666666666666666666669	0.3966588346142718521149060409111579
-4.133333333333333333333333333333329	0.3962973978765731352024635063526716
-4.100000000000000000000000000000003	0.395921284719730676040516944878113
-4.066666666666666666666666666666667	0.3955300626420549477054761802486985
-4.033333333333333333333333333333331	0.3951232965211884198531365981405417
-4.	0.3947005494108541197760123226829373
-3.966666666666666666666666666666668	0.3942613833606256319760921218471866
-3.933333333333333333333333333333336	0.3938053602470203241779388178934022
-3.900000000000000000000000000000001	0.3933320426019423820461413387382021
-3.866666666666666666666666666666665	0.3928409944220556981982349845781745
-3.833333333333333333333333333333333	0.3923317819401082527970843833227564
-3.8	0.3918039743365575443176635508697429
-3.7666666666666666666666666666666674	0.3912571443670958554520001055966007
-3.7333333333333333333333333333333355	0.39069086887889139262171530304936111
-3.6999999999999999999999999999999993	0.39010472918558825337962738085949234
-3.6666666666666666666666666666666679	0.38949831126838455126860362273074458
-3.6333333333333333333333333333333336	0.38887120576790819443033437155037892
-3.6000000000000000000000000000000008	0.38822300772920353971764271058478996
-3.5666666666666666666666666666666647	0.38755331605999887357401099448994496
-3.5333333333333333333333333333333319	0.38686173266067042045048176377684515
-3.4999999999999999999999999999999977	0.38614786118304869198976430374252109
-3.4666666666666666666666666666666672	0.38541130537459705496282265262299507
-3.4333333333333333333333333333333348	0.3846516669647153290315381033200422
-3.3999999999999999999999999999999989	0.38386854305120692782562908803466307
-3.3666666666666666666666666666666659	0.38306152294760433788050449375393423
-3.3333333333333333333333333333333326	0.38223018445642753896099001856316369
-3.2999999999999999999999999999999994	0.38137408954001918421248760077126105
-3.2666666666666666666666666666666689	0.38049277936989912563085924898737624
-3.2333333333333333333333333333333348	0.37958576874828118825885857297841739
-3.1999999999999999999999999999999981	0.37865253991227300120529699856945548
-3.1666666666666666666666666666666673	0.37769253575321366015254847643417123
-3.1333333333333333333333333333333326	0.37670515251157131955707402235540375
-3.1000000000000000000000000000000002	0.37568973204279832996086800622654823
-3.0666666666666666666666666666666665	0.37464555379247483551305475861785867
-3.0333333333333333333333333333333317	0.37357182667069395748341947501528322
-3.0000000000000000000000000000000003	0.37246768107629621203185835165819974
-2.9666666666666666666666666666666664	0.37133216139096850338417534349133345
-2.9333333333333333333333333333333341	0.3701642193400910364311829643141713
-2.9000000000000000000000000000000002	0.368962708698942988195623589794146
-2.866666666666666666666666666666667	0.36772638190506721145457382984945951
-2.8333333333333333333333333333333332	0.36645388921371760768733417967792468
-2.7999999999999999999999999999999997	0.3651437810944220011247266479705287
-2.7666666666666666666666666666666665	0.36379451460137733827346997837770624
-2.7333333333333333333333333333333347	0.36240446444511271005197037200329611
-2.6999999999999999999999999999999996	0.36097193943281606715928231174908251
-2.6666666666666666666666666666666664	0.35949520481539018371444517998519211
-2.6333333333333333333333333333333335	0.35797251086866456387574843994959867
-2.5999999999999999999999999999999998	0.35640212773764426123624152785258032
-2.5666666666666666666666666666666658	0.35478238618820244495392818575567446
-2.5333333333333333333333333333333331	0.35311172345390881450597384190430286
-2.5000000000000000000000000000000007	0.35138873286414420258715788951544968
-2.466666666666666666666666666666667	0.34961221543477570754094839770655192
-2.4333333333333333333333333333333332	0.34778123114777557407200777249987491
-2.3999999999999999999999999999999996	0.34589514730111275207575629642114892
-2.3666666666666666666666666666666673	0.34395368113338284594313593472104266
-2.3333333333333333333333333333333339	0.34195693396601565765553352281680796
-2.3000000000000000000000000000000011	0.33990541438534815015969272316988052
-2.2666666666666666666666666666666676	0.33780004850437083366932097930815967
-2.2333333333333333333333333333333343	0.33564217606441076439984163885735399
-2.1999999999999999999999999999999987	0.33343353199539327978241307918425162
-2.1666666666666666666666666666666656	0.33117621396303518025027739471967327
-2.1333333333333333333333333333333331	0.3288726372968169924747937483443778
-2.0999999999999999999999999999999992	0.32652547942393090189410102045943911