  0.227269700527944270194739710505813868      
   7.45115458512359971122666062667185747E-0005
   6.80095119048994003506880244696117207E-0005
   6.26236469447452771945336042778504511E-0005
   5.82021281312708324807171421590681569E-0005
   5.46069167839121253156467601300283926E-0005
   5.17099745842188558195354130083701881E-0005
   4.93986474841210896994622342887436949E-0005
   4.75660701032507671458578929403142936E-0005
   4.61270687163155393852598014564190966E-0005
   4.50039846721788137465872462329237841E-0005
   4.41335485625393804281455295260486829E-0005
   4.34572742271601617145607040117802587E-0005
   4.29380242257585713109754815456527707E-0005
   4.25432613377944906557870299776013675E-0005
   4.22380332420079397255333247530183536E-0005
   4.20047796212606900578654638869535219E-0005
   4.18238723933571441600170249754200789E-0005
   4.16876830958744916733444683566107360E-0005
   4.15841049216222410646439376854131313E-0005
   4.15062931890794481953235104469684525E-0005
   4.14441111049899191739560683860855472E-0005
   4.13982910360397380585403826660094441E-0005
   4.13632087382339544733246209697758828E-0005
   4.13362633913422634382714392092803374E-0005
   4.13156395206757310374460902346122079E-0005
   4.13014042102563470075811823990628916E-0005
   4.12876793836852325630124047201565450E-0005
   4.12777482308334748611792219835866685E-0005
   4.12716951277764371385595747311397379E-0005
   4.12657276028796089733428902537713706E-0005
   4.12595568256254944974766437875824932E-0005
   4.12579883488771079813435866581268863E-0005
   4.12515407471367210714765409692629819E-0005
   4.12485946965599218670859148692662236E-0005
   4.12458556736574976223175589282356883E-0005
   4.12432523442112433896205378967579964E-0005
   4.12429983739461879623532823464252413E-0005
   4.12388440894149389672938711322827551E-0005
   4.12380124349216642713097127568431742E-0005
   4.12338647989885788107918403705818595E-0005
   4.12287499926536237090281412171997270E-0005
   4.12244104106253470792160304698847923E-0005
   4.12205527489091954646005915133976701E-0005
   4.12216729817838514034403226223073342E-0005
   4.12135256005604900598891641860712021E-0005
   4.12102139389191851085963451351406028E-0005
   4.12079680457117523073501340691808461E-0005
   4.11995148099357346732231068569278172E-0005
   4.11950300971550335908361675759527456E-0005
   4.11886152936205135622894830094095411E-0005
   4.11797016896589833694944082904772121E-0005
   4.11759116209078804931800298031151680E-0005
   4.11662717605456995757918683718447390E-0005
   4.11549532691492804789726946479423889E-0005
   4.11461702936033283042432809112207574E-0005
   4.11370326278218181011060412375245932E-0005
   4.11229899905099643636863542363973560E-0005
   4.11120239450938873982628851093023640E-0005
   4.10956155361872712960194552551254252E-0005
   4.10829851894137168666796383948792023E-0005
   4.10640085029439684233210965739857373E-0005
   4.10454179145518187248247374376368392E-0005
   4.10245317641657241420639380919194132E-0005
   4.10031753976492081152112682558495007E-0005
   4.09782458164861045704454762067829021E-0005
   4.09515749227134876431041711584848040E-0005
   4.09214895483243822355630610210426307E-0005
   4.08920510659628778744574122956483099E-0005
   4.08566573189486111001442893851734735E-0005
   4.08225356709780387829188247353435342E-0005
   4.07780724837910265982713458260270650E-0005
   4.07335868660602866414552870693170534E-0005
   4.06834261525729823556613930902513691E-0005
   4.06300034539767146215485293975966477E-0005
   4.05753895629795753210223239725516706E-0005
   4.05068859292823956010419412154646060E-0005
   4.04411230649925890219154923817642592E-0005
   4.03671540543128869022155918545042590E-0005
   4.02775387794195526305672641449178685E-0005
   4.01857311855136899330581032127910680E-0005
   4.00897209273013004797473028237444121E-0005
   3.99811322270076145515835800322873195E-0005
   3.98616901348287887006521266458111725E-0005
   3.97327810137505010236941127231202731E-0005
   3.95580631040504240006945070403566850E-0005
   3.93476732270781178078493299875784619E-0005
   3.91072055416463946706681636141994139E-0005
   3.88142522860604782342297975955893237E-0005
   3.84599491272101868071696100031368749E-0005
   3.80146755272619751720232491958608407E-0005
   3.74729294800515250125511087555373196E-0005
