   6.87697642052188717999418548020927973      
   7.34172377049000468497497681754556258      
   7.35124019521117390630965602836356833      
   7.36076805151476338437942701795653116      
   7.37030739858401525732612545693572046      
   7.37985829118946777821513933331596889      
   7.38942078242190854885653626745609013      
   7.39899491931395257499183629350487569      
   7.40858074856317106551492915667075840      
   7.41817831495644008083405039505662947      
   7.42778766258449520915759500708946712      
   7.43740883620388071531161844836007851      
   7.44704188088326980338723229475936373      
   7.45668684412550562879761463015329398      
   7.46634377446670859939505510682721662      
   7.47601272516741052286636966850190869      
   7.48569375251141184413446160950442684      
   7.49538691787605856396300118390634043      
   7.50509228842275612739023431008369842      
   7.51480993798676256887326662075875504      
   7.52453994831875331563957032590981180      
   7.53428241031482010506496566567816304      
   7.54403742481192114942477062782230126      
   7.55380510451802600106260187198498787      
   7.56358557489055777423622410291631102      
   7.57337897649398604698454532487216581      
   7.58318546605600735021612128830840199      
   7.59300521903022565418244508342177783      
   7.60283843137562407648146030083180592      
   7.61268532197996737082078049580155501      
   7.62254613520118417819610459153603006      
   7.63242114396832705867014021848399114      
   7.64231065244303011406315234617608037      
   7.65221499983098542726911223851613819      
   7.66213456395635031295077149436483789      
   7.67206976524945453298216044345213902      
   7.68202107137182806001815742624657370      
   7.69198900221131685254106585388007095      
   7.70197413504986545351086474346642266      
   7.71197711067071758195364392709724982      
   7.72199863974473546067967835082986075      
   7.73203950993854976374900804237261255      
   7.74210059357964437163856783360202912      
   7.75218285621229953829170501623525934      
   7.76228736579058366777940603615165391      
   7.77241530280677529629688404940662911      
   7.78256797131683837124546788245467510      
   7.79274681097924014070143748698759160      
   7.80295341017388045979756131664582866      
   7.81318952035356524102083149145796384      
   7.82345707161764956004194234515678680      
   7.83375818975896412033813258700439567      
   7.84409521467653772047299751405766321      
   7.85447072061770805447554619551414880      
   7.86488753800725578206866686170932073      
   7.87534877728747967944846695081579574      
   7.88585785478208913045010837993922319      
   7.89641852078455204776274358745905047      
   7.90703489010104909383093715104868427      
   7.91771147512494953671378322783878611      
   7.92845322179580538444969490819901869      
   7.93926554857742386503470881074283743      
   7.95015438874900802439767753238278333      
   7.96112623630120761986306636057542404      
   7.97218819573435610907297700097423250      
   7.98334803614529045704269510553565052      
   7.99461425003174486769562907177316122      
   8.00599611729212372434480089275164850      
   8.01750377498859431584852119905419260      
   8.02914829363803632860127530118445928      
   8.04094176082499917558185256381208185      
   8.05289737327850247089313936334891207      
   8.06502953870990047872601624242988418      
   8.07735398916562375221415116522963474      
   8.08988790810261500366474896969427714      
   8.10265007400162308513019475070935700      
   8.11566102433072554317560884554038482      
   8.12894324467143887904474972296975678      
   8.14252138946097592562887486408875759      
   8.15642254281715050242040540697672157      
   8.17067653060176850447009096395781581      
   8.18531629846235735030955919613453601      
   8.20037837525482979107006620296237284      
   8.21590344734178595807534619475004474      
   8.23193707714593021306197941201878884      
   8.24853060930725626672164979087668015      
   8.26574232042225528011541783618718330      
   8.28363888369335797047604419706845180      
   8.30229723828461108552751879021806059      
   8.32180697437799287162578309028250003      
   8.34227336820989102207491309788017076      
   8.36382122561924278074706858612339006      
