 0.62244715236645E-03
 0.38924314981136E-01
 0.41725606498736E-01
 0.44728332324870E-01
 0.47946976088166E-01
 0.51397061751363E-01
 0.55095229099032E-01
 0.59059311858046E-01
 0.63308425302347E-01
 0.67863057286358E-01
 0.72745166897991E-01
 0.77978290329616E-01
 0.83587653410148E-01
 0.89600293557712E-01
 0.96045188307409E-01
 0.10295339626626E+00
 0.11035820456357E+00
 0.11829528934055E+00
 0.12680288672645E+00
 0.13592197608823E+00
 0.14569647661370E+00
 0.15617345787261E+00
 0.16740336479912E+00
 0.17944025983580E+00
 0.19234208097495E+00
 0.20617091986149E+00
 0.22099331778840E+00
 0.23688058462175E+00
 0.25390913902177E+00
 0.27216087349314E+00
 0.29172354520827E+00
 0.31269119525179E+00
 0.33516459618058E+00
 0.35925173313881E+00
 0.38506831792796E+00
 0.41273833955525E+00
 0.44239465443956E+00
 0.47417961835454E+00
 0.50824576215762E+00
 0.54475651665421E+00
 0.58388698782705E+00
 0.62582478720820E+00
 0.67077092042221E+00
 0.71894073909507E+00
 0.77056495920488E+00
 0.82589075146850E+00
 0.88518290825238E+00
 0.94872509245538E+00
 0.10168211738907E+01
 0.10897966595596E+01
 0.11680002235265E+01
 0.12518053441596E+01
 0.13416120543393E+01
 0.14378488148884E+01
 0.15409745164794E+01
 0.16514806208315E+01
 0.17698934491886E+01
 0.18967766279338E+01
 0.20327337020608E+01
 0.21784109258487E+01
 0.23345002434612E+01
 0.25017424700606E+01
 0.26809306859991E+01
 0.28729138568337E+01
 0.30786006918780E+01
 0.32989637550214E+01
 0.35350438417861E+01
 0.37879546364708E+01
 0.40588876633572E+01
 0.43491175475559E+01
 0.46600075989057E+01
 0.49930157351306E+01
 0.53497007584207E+01
 0.57317290018941E+01
 0.61408813626678E+01
 0.65790607386743E+01
 0.70482998921293E+01
 0.75507697629213E+01
 0.80887882641223E+01
 0.86648296008363E+01
 0.92815341675825E+01
 0.99417191007573E+01
 0.10648389592127E+02
 0.11404751111451E+02
 0.12214222746005E+02
 0.13080451945010E+02
 0.14007331071101E+02
 0.14999016311473E+02
 0.16059949708508E+02
 0.17194885343151E+02
 0.18408921063478E+02
 0.19707537622403E+02
