   67.7433010000000000000000000000000010      
   67.7437564273161560917087180064869168      
   67.7437993168574348780220803003206103      
   67.7438462454905420390883679188065533      
   67.7438975935940573316683866762023223      
   67.7439537773684407979211200342752401      
   67.7440152522095326822548988675089759      
   67.7440825163997502864276168423066118      
   67.7441561151469006444909337278401328      
   67.7442366450033454884168736505845667      
   67.7443247587013379089374687921106640      
   67.7444211704437233828925202071194626      
   67.7445266616928887801262545730651188      
   67.7446420875048814965144624451321243      
   67.7447683834600397192479352965285008      
   67.7449065732463098329746222834895891      
   67.7450577769567173107744784015488113      
   67.7452232201682459828567025544236252      
   67.7454042438757142572326220602817165      
   67.7456023153611670178866682385725890      
   67.7458190400868847192688203845293051      
   67.7460561747084080933604281035993837      
   67.7463156413130551373661623087047254      
   67.7465995429993402397463251880092951      
   67.7469101809235739429865073360561599      
   67.7472500729518140286354861586040381      
   67.7476219740683507354811894872734809      
   67.7480288987061464546567542997901660      
   67.7484741451802285878555944980077944      
   67.7489613224220796764568750753137566      
   67.7494943792317195713570240612593218      
   67.7500776362845814880310826698958222      
   67.7507158211526126877209071365254185      
   67.7514141066234622298423239949707957      
   67.7521781526283507831406988354251745      
   67.7530141521184675435973942259032904      
   67.7539288812617439710559884579106413      
   67.7549297543668727368077840523583395      
   67.7560248839797568137775831680574338      
   67.7572231466394986130043491158875742      
   67.7585342548269122963775279456520388      
   67.7599688356887357000808210029196398      
   67.7615385171756385261834553210159124      
   67.7632560222922157554681041144898787      
   67.7651352722229066791326712716126551      
   67.7671914991697234867441119375955227      
   67.7694413698163921188857415474189713      
   67.7719031204196401478818047938731796      
   67.7745967046226099295036458705240524      
   67.7775439551884940602601275111158215      
   67.7807687609653201049179873056993416      
   67.7842972605162671667831731093313498      
   67.7881580539849788246015471647409234      
   67.7923824349131401572724514350284918      
   67.7970046438893090351421026867716099      
   67.8020621460849444108182902866932646      
   67.8075959349271912766615454827811163      
   67.8136508643698326264144203874196091      
   67.8202760124556203138655647641945229      
   67.8275250791168280023251880378950402      
   67.8354568214383862456539784729376658      
   67.8441355299116115388321389770549299      
   67.8536315495387891638010952958516792      
   67.8640218500124068603147959660018892      
   67.8753906495906094113291928698714086      
   67.8878300977256772852332709933937963      
   67.9014410219785532909896726492653362      
   67.9163337452735097700394388934693691      
   67.9326289801171886757444596927013604      
   67.9504588070300792278722091472568625      
   67.9699677451210791298221148988071922      
   67.9913139234826482415040975714659303      
   68.0146703629012617851152587430337240      
   68.0402263782720273990511273587293931      
   68.0681891130846942105858841003418635      
   68.0987852184187826686391683827253827      
   68.1322626900568780730803656816067176      
   68.1688928786067526074749887921729608      
   68.2089726889252983742623931104728466      
   68.2528269866716338876179059589758966      
   68.3008112314956255688290690291842247      
   68.3533143582050521142808458620719239      
   68.4107619292646228027679114731894936      
   68.4736195841793327332769114047590390      
   68.5423968137210247669620299221735378      
   68.6176510895900344811848593894156691      
   68.6999923829847624819817088283377880      
   68.7900881087042995612162383865130693      
   68.8886685348583751429570871250656607      
   68.9965327020328651777435665831052835      
   69.1145548998884718753814919761169933      
   69.2436917536884449476861651163496138      
