   8.20744281068121735184112046639950406E-0004
   1.68439353704436450174271769020055770E-0002
   1.75540092719118855868598885857540712E-0002
   1.82928417199473334552681813382081264E-0002
   1.90616313743938617656345370044458952E-0002
   1.98616270235882626452610474708405675E-0002
   2.06941297030527771780765966026992821E-0002
   2.15604949099061042484139156495132575E-0002
   2.24621349174524410855015682395619473E-0002
   2.34005211946477764775729032445962323E-0002
   2.43771869353900506765250890956632673E-0002
   2.53937297028362075332408979191127395E-0002
   2.64518141942156237142555556434672347E-0002
   2.75531751318867027814383297550338064E-0002
   2.86996202866721498767204123892005548E-0002
   2.98930336398089714683224022997439035E-0002
   3.11353786901617435520984980086199848E-0002
   3.24287019136721143727685511437694069E-0002
   3.37751363823535730203489171270955281E-0002
   3.51769055504876798091500890156872254E-0002
   3.66363272160353751687080930337521180E-0002
   3.81558176656434706641252828871223975E-0002
   3.97378960120003822122053547041214966E-0002
   4.13851887326745169355799049984222645E-0002
   4.31004344199508323619038154229179645E-0002
   4.48864887515626420743061999050996655E-0002
   4.67463296925926615292042256326719320E-0002
   4.86830629391844950660828474154888938E-0002
   5.06999276150572393627661339961255500E-0002
   5.28003022321440176411591860768417610E-0002
   5.49877109269712621443206066608809782E-0002
   5.72658299846485373181282946998606599E-0002
   5.96384946625357849384527764397842856E-0002
   6.21097063257806476950306745352033722E-0002
   6.46836399069546671549129684991066483E-0002
   6.73646517019418126091886230728678266E-0002
   7.01572875140202344584282814934901501E-0002
   7.30662911576977289084787587031342985E-0002
   7.60966133332771438812869552378511142E-0002
   7.92534208822973361685056870892154566E-0002
   8.25421064328683130771366476235170895E-0002
   8.59682984424371113735500188350083690E-0002
   8.95378716436148791189138817597351329E-0002
   9.32569578962847876965637707532331737E-0002
   9.71319574462003622604207354273017974E-0002
  0.101169550586564225903960807222740685      
  0.105376709714519345629072352775026307      
  0.109760711768938667796066855272591870      
  0.114329151029190101211241148546018037      
  0.119089952246479671676480615266457847      
  0.124051384069701869589086082473624538      
  0.129222072716181961795267978389011508      
  0.134611015823968740202376539843692772      
  0.140227596406070796809692436433098784      
  0.146081596807818195629038517830405550      
  0.152183212545914125290985504164233604      
  0.158543065881202169193475219378642277      
  0.165172218946143192613900330569704059      
  0.172082186211850060574818423822343007      
  0.179284946037606961730657731843080068      
  0.186792950997422289539479012009212664      
  0.194619136622664383824395998677748952      
  0.202776928136613133447236918925640272      
  0.211280244685388182434765766108482791      
  0.220143500490029181638547684284726090      
  0.229381602256816218618919513734581549      
  0.239009942088277617272480610030948415      
  0.249044385037905479091088917228354692      
  0.259501250351214600775539888162474993      
  0.270397285340676089884325669328438610      
  0.281749630761909745429252617408817445      
  0.293575776507822364183869274652270803      
  0.305893506437237000192354926127629062      
  0.318720831234920271161516445084946294      
  0.332075908402162569210399770637024358      
  0.345976948856629352500653887950273499      
  0.360442110248441002953732346110151179      
  0.375489378063289900666765513797685015      
  0.391136436980175964849234301510142514      
  0.407400536874655492237583713998573074      
  0.424298360369997174422891208534233352      
  0.441845901919749864565158361795857470      
  0.460058371885316044946746925213757391      
  0.478950142535656369377110866143867875      
  0.498534755582049479231189102829265874      
  0.518825011577028305812458017958518588      
  0.539833158583498816008568280094242527      
  0.561571188795365093587633955626560987      
  0.584051234571351457992181781025774335      
  0.607286026294560068985608338339086816      
  0.631289329725043175887674732279487358      
  0.656076217570366588079731061219084064      
  0.681662956041953573093691211173988403      
  0.708066242497583105775653598102692670      
  0.735301630501769768683508694286609513      
  0.763381431948301561938068785770595301      
  0.792313327865044570985984553017043274      
  0.822101922570637694017774374461415580      
  0.852755264125519706890818054476110792      
  0.884296047543733434404373323460892121      
