   71.8593479999999999999999999999999986      
   71.8588600459378856454812650615389962      
   71.8588087273611943372297360843955606      
   71.8587520115626780685583374148813132      
   71.8586893309115624504573860518424011      
   71.8586200580788234234342416694456277      
   71.8585434997586675321593856989987814      
   71.8584588897296945164409655683500578      
   71.8583653811862960015144837046293831      
   71.8582620382635403482341393406350334      
   71.8581478266707218621619638835608195      
   71.8580216033398317738664848390306503      
   71.8578821049853494087326915506872052      
   71.8577279354608560911237842968080449      
   71.8575575517859325252587364321709347      
   71.8573692487034921452715133615942502      
   71.8571611416129950361598338744607898      
   71.8569311477087322941994303097064583      
   71.8566769651344064370612753346432728      
   71.8563960499453798979887474715472145      
   71.8560855906480220437087755948974892      
   71.8557424800613359434112230135708241      
   71.8553632842192465918666061990428697      
   71.8549442080023142349172247812999385      
   71.8544810571549034327231472315037050      
   71.8539691963076629222776659747266131      
   71.8534035025851911485245170121949534      
   71.8527783143345773877101851847696823      
   71.8520873744616764696013585337541004      
   71.8513237678080074906517111022035358      
   71.8504798519415234720881660998632565      
   71.8495471806685827236291235979405235      
   71.8485164195016040137285084310040476      
   71.8473772522363774269871597946271031      
   71.8461182777040252353423392535108715      
   71.8447268956642717045698501322297992      
   71.8431891806980033277257640570787157      
   71.8414897428369938421697798884053756      
   71.8396115735359294741734646674829868      
   71.8375358754451706691712673693276903      
   71.8352418742805588917000138889670917      
   71.8327066109073982887390787889188661      
   71.8299047115577188219508569081535369      
   71.8268081338810780056040025001451354      
   71.8233858862872923186993971732406247      
   71.8196037177721860151057864561422609      
   71.8154237751220291726308435852329362      
   71.8108042240658517794554960600685415      
   71.8056988305839988822039540646501750      
   71.8000564981825220885168763740169897      
   71.7938207565022940068374622590190782      
   71.7869291961446737563113965573617439      
   71.7793128440572688455698140472071953      
   71.7708954732284441851826893692647708      
   71.7615928397817688602912526115115610      
   71.7513118398349854653083002602034055      
   71.7399495776850631763011707573638419      
   71.7273923359934173783863705461040164      
   71.7135144376645633934658687542173088      
   71.6981769880275033390173634585663072      
   71.6812264847311746701856660938706814      
   71.6624932814413268239094908419230512      
   71.6417898899629879372261354965812979      
   71.6189091037955926103243104051074985      
   71.5936219243406797380959222369308000      
   71.5656752690069500244213062040621179      
   71.5347894382746282622982255509628165      
   71.5006553163686591684460462847478358      
   71.4629312775241332300665853215356686      
   71.4212397668808071055360520262556025      
   71.3751635217871617381602805670161302      
   71.3242413956955391330295755941518464      
   71.2679637428524966885185293246313547      
   71.2057673175928088894377382406773002      
   71.1370296371875363242915465121123219      
   71.0610627518276507891709898554647210      
   70.9771063593911186175050643735219437      
   70.8843201960837169989329166289129361      
   70.7817756267965589830712540877664254      
   70.6684463510137986999664488290943569      
   70.5431981312521172587789744954547548      
   70.4047774412307593088613844685395693      
   70.2517989201591905073194500785427864      
   70.0827315075806700094529186566263958      
   69.8958831200045922155493209524978668      
   69.6893837159661838885014393714128995      
   69.4611665800229820609985490773833966      
   69.2089476383720388171624683108901784      
   68.9302025990715976729378325059805292      
   68.6221416880788966556189968305449192      
   68.2816817282538729047952765426415633      
   67.9054152818860532994213698193942680      
   67.4895765479126686775278241902471031      
   67.0300036725158881948528572881992573      
   66.5220970958909630981188276208773092      
   65.9607735183057353611321199854856441      
   65.3404150247283622044123248773608523      
   64.6548128588454309622008536650089920      
   63.8971052837419393853003154205890057      
   63.0597089073319408758934621135102687      
