   1.22144810850764905476385721877650916E-0002
   1.22382561659837761143769508757769960E-0002
   1.22629373396399387504660922750870909E-0002
   1.22885607643801223074905297862617709E-0002
   1.23151651987802239675385529580556084E-0002
   1.23427923012376084952972843478550525E-0002
   1.23714869574005858004425070040271200E-0002
   1.24012976376481982818797132726746228E-0002
   1.24322767876474244915103879667058583E-0002
   1.24644812559416582924074918228595909E-0002
   1.24979727635669925609052332228809341E-0002
   1.25328184218771120800885556792714236E-0002
   1.25690913061175447564496648577794940E-0002
   1.26068710938705639414308658448658529E-0002
   1.26462447793495867592615548279391511E-0002
   1.26873074767350729424548682045051969E-0002
   1.27301633284012414326617755242020211E-0002
   1.27749265371140666603334032574236853E-0002
   1.28217225452368912816954566720191933E-0002
   1.28706893888699413905643971602703321E-0002
   1.29219792609340609296963284343040807E-0002
   1.29757603248460322172270857583687840E-0002
   1.30322188300803135497920833699340660E-0002
   1.30915615931952478715945601513612197E-0002
   1.31540189236629432438133498222731074E-0002
   1.32198480942219909199868805600667357E-0002
   1.32893374820561603063938486063665297E-0002
   1.33628115420759019752418619445672708E-0002
   1.34406368200415723349403628734932406E-0002
   1.35232292756130180795698355743289409E-0002
   1.36110632699893278604677549806238255E-0002
   1.37046826889026465315262198030253483E-0002
   1.38047148331389412847884775384693849E-0002
   1.39118879362712420057698234941928462E-0002
   1.40270534948682219260757997800160393E-0002
   1.41512150700767892222656261281936249E-0002
   1.42855659211299473145016759085382176E-0002
   1.44315388918408372055292897629954909E-0002
   1.45908736102016025818993154718584156E-0002
   1.47657086585720763278946009509471541E-0002
   1.49587106052970421322983767657285451E-0002
   1.51732589128607826903184356673267253E-0002
   1.54137181742649102496221291309302422E-0002
   1.56858517794388727892109928385949002E-0002
   1.59974744614989071529035524993835652E-0002
   1.63595291535286985572366581278105895E-0002
   1.67879652668241950157766663560873994E-0002
   1.73072512332298831787261819704284712E-0002
   1.79575650239920311632108617739802651E-0002
   1.88114354985424194026455164406903671E-0002
   2.00197689041186496262488712484226913E-0002
   2.19821907436595150084409042745381633E-0002
   2.65266756395164471467037976388443513E-0002
   3.26345141343200550368271033016521837      
   9.41037508004768811621228229870225789      
   14.6689008533356656464130055591970726      
   19.5080671643159539358690799682652426      
   24.0733859192796417512305300016845110      
   28.4355707623796260461227914470167489      
   32.6360583479881212664149023913705777      
   36.7019226116865922591742447591052841      
   40.6521601107252448839707345620046016      
   44.5007568036991291582287290615013391      
   48.2583322165607719206942828408585255      
   51.9330773417966570246046575473106245      
   55.5313097597090792533636612835455442      
   59.0578039624391794021450825303345810      
   62.5159740838749292191824449716681174      
   65.9079340979728388271318032813035062      
   69.2343920383131402777920786697270244      
   72.4940584000914743190835185263498472      
   75.6812215166515248458173316222178078      
   78.7998615794807931176970081946618121      
   81.8539802894119387409845440415268316      
   84.8462438626991602966503368670911459      
   87.7791403863660937478342934644440128      
   90.6549915131734641825806930194555795      
   93.4759640519766254799672771316579944      
   96.2440812892959893451276677799991569      
   98.9612339001940053494120109978498404      
   101.629190339976614408422683622502960      
