   4.37916698623994367159890345142880017      
   4.32280437020986626578264348550102107      
   4.26752077124324437744491320418395196      
   4.21324615499822978369257407404618987      
   4.15991402726874777596419812627871276      
   4.10746102444410898944203158029855819      
   4.05582653522991937512350577052675916      
   4.00495235000496310386428140522241047      
   3.95478233442121480272064329399904312      
   3.90526212402657490248148757811302118      
   3.85633883681168658715509405941625135      
   3.80796080065956381232851311621807619      
   3.76007729271236248242837130072454955      
   3.71263828766338503141537985644713735      
   3.66559421193108622182562366252724528      
   3.61889570057089789076328887139524142      
   3.57249335362103378311464379496032348      
   3.52633748834995525745865149403815652      
   3.48037788356049015198323184679216927      
   3.43456351169008386311426704794075318      
   3.38884225390280492485956783984315377      
   3.34316059266485191373460816800394280      
   3.29746327538825076127301455136902225      
   3.25169294156108849303764773395419079      
   3.20578970428283593270902179985489588      
   3.15969067518900655829845476606913623      
   3.11332941924595319974222776622706240      
   3.06663532263695365026332349602300001      
   3.01953285268944033866382467501213833      
   2.97194068315066157769476973765589930      
   2.92377065059775359150781723935313003      
   2.87492649764045091081329713143298760      
   2.82530234478254914736826998314041338      
   2.77478081378867644950689197237308645      
   2.72323069881240947791262176743886588      
   2.67050404379134487521814871726732358      
   2.61643243010583633935157557700576722      
   2.56082219829109059589897526100924258      
   2.50344820704936384127008846678805969      
   2.44404554729720741525410317131964374      
   2.38229833568334556487308133635653521      
   2.31782423391571044284320046911630336      
   2.25015253308139336195416454946059383      
   2.17869222326980241934862596479639937      
   2.10268385468652841423607690380150766      
   2.02112390701206856542891440323438762      
   1.93263980067213651744220029475349885      
   1.83526983224121791409553149188731509      
   1.72604279805254349346558662195282576      
   1.60008205923450559887779307364580714      
   1.44837064909353608536989774402783702      
   1.25056308781522240942556266700459144      
  0.935693806752682812515411780552028964      
   3.26345144275782774198665967216987518      
   9.41037508107894907701521361245182608      
   14.6689008540250685517386024013751738      
   19.5080671647909691085241906953458935      
   24.0733859196240666573437688337647383      
   28.4355707626375042164366142800816011      
   32.6360583481854617625372491862552668      
   36.7019226118435525027359645689898976      
   40.6521601108918257092056715850115958      
   44.5007568038606301606478895339573765      
   48.2583322167141496572283841795844084      
   51.9330773419378320944299699439417843      
   55.5313097598404065241023853357563975      
   59.0578039625642676390649994963085022      
   62.5159740839907801016940911230326431      
   65.9079340980783891636765390577773927      
   69.2343920384055332462951560000888159      
   72.4940584001521649567936589269113457      
   75.6812215166545159520816960717286680      
   78.7998615794837442552620627631671090      
   81.8539802894148528629996177868965771      
   84.8462438627020396644360548874464531      
   87.7791403863689401158202666741501935      
   90.6549915131762789295046819327541391      
   93.4759640519794097036094213798684525      
   96.2440812892987439317711532192729887      
   98.9612339001967310254445713332894539      
   101.629190339979311779094692873004825      
