   1.85153264888543125328996824801856830      
   1.84644810443202271162127376938907960      
   1.84067835605589469481470742604270145      
   1.83430383940547970280511937916978043      
   1.82742825913553872143928810361313092      
   1.82016319710854074161174501123122371      
   1.81261450487719882607793001361244808      
   1.80487312653316643355421602836809054      
   1.79701112219350593358269536896595006      
   1.78908184228754554230701520210909844      
   1.78112256004529280492345796311798750      
   1.77315810279252908854031409685150411      
   1.76520431121897072229790779726652859      
   1.75727094663907016500463960393562961      
   1.74936381098908054422156022574363886      
   1.74148623698556640832747317632376691      
   1.73364004987443354168838002000312295      
   1.72582617829841324927622046167584803      
   1.71804502270095741561866409873014320      
   1.71029667418801204577069938299738360      
   1.70258104269221421573506699230017612      
   1.69489792938968945135525942676478389      
   1.68724706737030303525780598678330334      
   1.67962814390279736811092319395290514      
   1.67204081158702346716026841494389893      
   1.66448469423641278677625197675794378      
   1.65695938909361443040189249691414880      
   1.64946446684066537693563244948270118      
   1.64199947043799294090644421743628636      
   1.63456391333561073797501992792914518      
   1.62715727691487373068141328446170308      
   1.61977900758251772401502093934843045      
   1.61242851337761830644212474739492800      
   1.60510516018062079302655600432039812      
   1.59780826747388510484446139916527266      
   1.59053710361904731839308554897268553      
   1.58329088060130680144147081180729972      
   1.57606874818890689315244367312914703      
   1.56886978742888170289213314373330918      
   1.56169300339775130470113224486935878      
   1.55453731711793159550860486048096297      
   1.54740155653142309468677699648501180      
   1.54028444640811085895459176791900226      
   1.53318459705528812562425260435440662      
   1.52610049167484662174869639906060658      
   1.51903047219667437427159827658783719      
   1.51197272340342734870486004628884705      
   1.50492525514254463142455929889557489      
   1.49788588241158668304992388262052414      
   1.49085220309621361937702111968349857      
   1.48382157314525565103941933862459975      
   1.47679107898790993042240892944282750      
   1.46975750704326050492325989970453525      
   1.46271731025055154000867015266290538      
   1.45566657167377212096076809062086285      
   1.44860096542035576172585757300182190      
   1.44151571538024316289554254259214058      
   1.43440555265909192934085526831589439      
   1.42726467307280287545354729094881223      
   1.42008669671610020028419909481467247      
   1.41286463243960069696298929531674926      
   1.40559085107435280879556115503378307      
   1.39825707238401225166014515080380116      
   1.39085437182675650455588328720252283      
   1.38337321383059220360866418446891678      
   1.37580351752237582459412282522106632      
   1.36813475712968118185850260161005224      
   1.36035609029549252901359708769507790      
   1.35245649064083608596682401984947502      
   1.34442483410624675157573856290998030      
   1.33624985242303546037563523062514865      
   1.32791982654110623633226669303690146      
   1.31942185853048207697402033823472613      
   1.31074054703034218178555040737068276      
   1.30185591266493016690321420726444441      
   1.29274048144300129000942214326410916      
   1.28335552516808060121007924688945801      
   1.27364654842718256980602879048896642      
   1.26353815914647787174730550621582843      
   1.25292841981095270936693812371992258      
   1.24168261179009998815966679393126906      
   1.22962604275007697512108288327318641      
   1.21653516588523706603455678975744857      
   1.20212616156003146713454578907517968      
   1.18604089239796026520019951386930862      
   1.16783270677505313711808826547202238      
   1.14695992474243059310683038641613310      
   1.12280380150899299846681384654076480      
   1.09474068326375759994596212777798980      
   1.06231373480299204630761900464806228      
   1.02556050657501036273025194498599229      
  0.985530770686323321899335820910480299      
  0.944900535435400194124632630375811642      
  0.908257954556600798182240868641378808      
  0.881281646784818834988680489090411228      
  0.868457032498841547412604523522238514      
  0.870571097503759758134012299165310487      
  0.884180551321241069234299024874949568      
  0.903641590448026612707989040016169773      
  0.923875980373959726018020939892414831      
