 0.85241612091311E-05
 0.85242358010851E-05
 0.85243607661343E-05
 0.85245367376281E-05
 0.85247644351056E-05
 0.85250446399464E-05
 0.85253781714931E-05
 0.85257658640189E-05
 0.85262085484972E-05
 0.85267070527683E-05
 0.85272622505503E-05
 0.85278752072253E-05
 0.85285474788590E-05
 0.85292816121296E-05
 0.85300818626860E-05
 0.85309551032339E-05
 0.85319118459720E-05
 0.85329672733975E-05
 0.85341421652871E-05
 0.85354636258048E-05
 0.85369655449479E-05
 0.85386887636810E-05
 0.85406809451126E-05
 0.85429961807667E-05
 0.85456943795820E-05
 0.85488404978278E-05
 0.85525036713568E-05
 0.85567563091902E-05
 0.85616732007776E-05
 0.85673306801132E-05
 0.85738058796282E-05
 0.85811760965008E-05
 0.85895182846309E-05
 0.85989086775352E-05
 0.86094225410113E-05
 0.86211340497551E-05
 0.86341162789841E-05
 0.86484413003968E-05
 0.86641803712176E-05
 0.86814042053794E-05
 0.87001833169109E-05
 0.87205884270296E-05
 0.87426909282876E-05
 0.87665634010859E-05
 0.87922801800400E-05
 0.88199179699241E-05
 0.88495565132492E-05
 0.88812793139856E-05
 0.89151744245200E-05
 0.89513353058162E-05
 0.89898617738756E-05
 0.90308610493169E-05
 0.90744489310322E-05
 0.91207511204591E-05
 0.91699047287603E-05
 0.92220600079209E-05
 0.92773823563595E-05
 0.93360546628745E-05
 0.93982800696863E-05
 0.94642852572667E-05
 0.95343243833124E-05
 0.96086838473480E-05
 0.96876881060713E-05
 0.97717068377721E-05
 0.98611638562463E-05
 0.99565483184629E-05
 0.10058428976428E-04
 0.10167472523810E-04
 0.10284467533648E-04
 0.10410356157815E-04
 0.10546276804411E-04
 0.10693622669595E-04
 0.10854123714598E-04
 0.11029964260109E-04
 0.11223956391964E-04
 0.11439804024262E-04
 0.11682520578192E-04
