   18.1387783877839539438991308422940421      
   12.8436843911146131067900031325743444      
   10.4906370492163944528763938148177266      
   9.08617024384937417730264967613855003      
   8.12691938598587185299778010335999226      
   7.41833620032902279823880413151372411      
   6.86725788934466587354461208838295079      
   6.42274250430410084041082750054981360      
   6.05427711591959632743821775965244150      
   5.74232294807231205576315722021020113      
   5.47371073053389234448795890223368083      
   5.23919559282391440955108388844354668      
   5.03206819067886500399481314393519670      
   4.84732201595111784924643209381156872      
   4.68113161597926263893938134857135769      
   4.53051343494935254093232747771987629      
   4.39309848623606992755803073308171531      
   4.26697596318041877950270096379260751      
   4.15058320993387556558084484394282801      
   4.04262676102922519971744007436570820      
   3.94202465053319255115395011350609334      
   3.84786355262457139059715186593682602      
   3.75936643425069652261755537095962872      
   3.67586777078751417684431985029845849      
   3.59679428043920656038861071398979456      
   3.52164974093250842510309616149300176      
   3.45000286645597376383426956910739988      
   3.38147750893809749741164915543064708      
   3.31574464749664052232373710356036998      
   3.25251577089548084143018131737406272      
   3.19153735850592146034975630806239217      
   3.13258623766095426179882789997997845      
   3.07546564801292582476666244395773900      
   3.02000188224171570347754653801122009      
   2.96604140114707654224585446982967466      
   2.91344834270713684381143663430236610      
   2.86210236090848079802706658303530330      
   2.81189674266470512929634976622651782      
   2.76273676070055599978625232499442320      
   2.71453822787144264895307378789388510      
   2.66722622422910576452201617181413903      
   2.62073397296642351942788153331188065      
   2.57500184512882069784619897746911395      
   2.52997647610652811895690808317722190      
   2.48560997943004791217568278924590920      
   2.44185924548844377644184943850451562      
   2.39868531448343485274356759400430465      
   2.35605281436759808755221633601232489      
   2.31392945569196076048620916458690365      
   2.27228557624126878295722085849082188      
   2.23109372914287774084843388423993412      
   2.19032830882115815066563076479001017      
   2.14996520962126187103793242836013924      
   2.10998151243904374386515683333163067      
   2.07035519497109079895721604186314369      
   2.03106486137450710043843606062253313      
   1.99208948740017367503903958346764846      
   1.95340817698500739688083004087318923      
   1.91499992633242226589132712110495184      
   1.87684339134772280103087056452842599      
   1.83891665401471336114948610606444090      
   1.80119698298429272535694577713384685      
   1.76366058296069379786844903610707331      
   1.72628232682464377732894006278104395      
   1.68903546326141187364025827844778721      
   1.65189129134333325141431527672730123      
   1.61481879152708253802014432770917634      
   1.57778420006417102047439782064467607      
   1.54075051032980508178342704933914037      
   1.50367687997071343185894691399058089      
   1.46651791635886418888311523766539318      
   1.42922280406515901948682039144612824      
   1.39173422572079929227996579159650190      
   1.35398701010732171578212927099877413      
   1.31590641611417117700472887440682012      
   1.27740592420141039059718076654742241      
   1.23838435183720474080922139702972205      
   1.19872202516112798328651838166917435      
   1.15827560781005758508914017291045513      
   1.11687097735336138085663646278439697      
   1.07429319208079606137955887302872568      
   1.03027199567332789798154494521419566      
  0.984460244022470887301636518973399895      
  0.936400635960869900996882870678599477      
  0.885472099348926869158575167924828717      
  0.830798349146433704932778516552729218      
  0.771079548049291341672268616743509069      
  0.704247607199723876242225339569930653      
  0.626645077964282958246610370546358861      
  0.530572668916756609331023813530607394      
  0.393146907282897662007176735457830657      
   2.10216027567710244602676863457421667      
   9.69344320125587937180638492895463813      
   15.9805568356619138647748672859763340      
   21.8179650868175806092411148444299122      
   27.4184649877930253187404111785850172      
