   1.84051563690825564413742632622864020      
   1.84058440985859409243923708297876856      
   1.84069894884014998471137600159784521      
   1.84085908418645223690815515646941825      
   1.84106457651837428058678648149749943      
   1.84131511621835926764127004940357463      
   1.84161032099740146411389364612437400      
   1.84194970482333767089343375061951479      
   1.84233254783968088706943628970666894      
   1.84275758503272038702369169799411090      
   1.84322249648305597554987418934010827      
   1.84372327724273790023080663993639156      
   1.84425361146799800926580814668711450      
   1.84480435312083539914074805029042921      
   1.84536316072098282784668842877532116      
   1.84591428873683007887911334241223543      
   1.84643852117305659385933879733619334      
   1.84691323719717431139014356339816149      
   1.84731260905130950412591934356959437      
   1.84760793708181253876166567742049171      
   1.84776812184017228017867583346091320      
   1.84776026144699686263609682861077967      
   1.84755034854440043352793734445064316      
   1.84710402999352566045440077649713590      
   1.84638738653142901110216230722284528      
   1.84536768948810848182007014125990430      
   1.84401409660306728582725127349900908      
   1.84229825732748558487572667740051247      
   1.84019480785621203973992661870936520      
   1.83768174602211045885795360643778579      
   1.83474068504340686887585950951693668      
   1.83135699214089762997255931561593873      
   1.82751982313342907406603029713803422      
   1.82322206729674484264340982305593243      
   1.81846021824204270426449798536187273      
   1.81323418675685546847727214986854531      
   1.80754707070376235659533632066390027      
   1.80140489567252819070617609453766270      
   1.79481633823954420009305926169523786      
   1.78779244181116421251317574401827712      
   1.78034633305067765817931853748306686      
   1.77249294517674539575926757241326655      
   1.76424875279542942070579026363040725      
   1.75563152159137721565156103696815707      
   1.74666007505405993070407131067261216      
   1.73735407951302863593603445593505310      
   1.72773384801948342839419269295607518      
   1.71782016307769379942041412122280430      
   1.70763411783211568494813623369496043      
   1.69719697502227320111420675951432975      
   1.68653004284253160314939332596215156      
   1.67565456676788598458536699582192491      
   1.66459163629850172542505700645529004      
   1.65336210565919892273140370874645791      
   1.64198652749316473084491824099600389      
   1.63048509860653336012001755939413393      
   1.61887761702324644319606986112529577      
   1.60718344959615859402360525991646430      
   1.59542150960956356102034310783122082      
   1.58361024392005117027303359924414328      
   1.57176762930733292667885683120337885      
   1.55991117794692334572887957363778479      
   1.54805795199862323754947661626949117      
   1.53622458765534387787200224222222096      
   1.52442732916351488758607013716420619      
   1.51268207375726274641634786196180230      
   1.50100442878900752862194159537918323      
   1.48940978296844483987713799290712966      
   1.47791339428440406456539944653504667      
   1.46653049819927318607134370077895353      
   1.45527644098371459621148186780575771      
   1.44416684492922093854609170693592818      
   1.43321781475633309022209736676868475      
   1.42244619824626392381723761589228324      
   1.41186991962165260640422759223838732      
   1.40150841237597944054555325394821254      
   1.39138319086745903585849040340654660      
   1.38151861973123756275205140169750922      
   1.37194297222197175962021841433009458      
   1.36268992206842530408426172718941473      
   1.35380070593806237503842513356997509      
   1.34532736017921357559737830254752659      
   1.33733774942494949732590803266571435      
   1.32992372739415193414365740759209520      
   1.32321508358367923373146695770425836      
   1.31740490913812582803330884213390745      
   1.31279944566035333739910955881542688      
   1.30992662399796027116421436612030660      
   1.30981080037023930758195948474055454      
   1.31486683350055940550701456029713630      
   1.33370310568996123995152508113587500      
   1.22349758103048491529717897788269267      
   1.13419138199743497228032082332631420      
   1.09487044811938650378482544835638010      
   1.06493051858388173759122532057693995      
   1.03922198137040085745004753415177082      
