   2.63832749831767334627303024877432574      
   2.63841925767092640733995819541989510      
   2.63857210103611414717227677521753813      
   2.63878583738208172650016633740793827      
   2.63906019958987120146092479769638835      
   2.63939484330872454598713986149027850      
   2.63978934763405160137796750565826716      
   2.64024321804074236970060976639478313      
   2.64075589154623570507918206040110496      
   2.64132674376909515182344653339364715      
   2.64195509735222579335630401302062545      
   2.64264023104424219827741393573032610      
   2.64338138840694104051865757575587783      
   2.64417778464353687850183735340078321      
   2.64502860931094565301847894061322673      
   2.64593302192718557704978561575550005      
   2.64689013678902372417598341590378685      
   2.64789899298298457824009195748104608      
   2.64895850579530447763938685191813204      
   2.65006739680800030250470311658777917      
   2.65122410187394382544086707450379794      
   2.65242665872041256786052834132311111      
   2.65367257872424418664272426894984415      
   2.65495870985218061620222075164161852      
   2.65628109952078359700914500759283569      
   2.65763486682959097112414445225094036      
   2.65901409328682105536778958883090423      
   2.66041173982229366394741053147589995      
   2.66181959592031361528020650084793303      
   2.66322826432811558784245450502591074      
   2.66462718235270747305447543103256950      
   2.66600467853275151749700506471173947      
   2.66734806152760691266608042938476165      
   2.66864373667830419249806855691903696      
   2.66987734470834225584797694533122222      
   2.67103391659475946736518113436364173      
   2.67209803856257965243294975288314766      
   2.67305402145335025425397824816842894      
   2.67388606924680988163447903484498743      
   2.67457844221911979892466920205807049      
   2.67511561101322720122144197646857853      
   2.67548239873105288057757663049229814      
   2.67566410894460402675822705627495758      
   2.67564663828711518672647331115509471      
   2.67541657293538186783356827614951708      
   2.67496126888383796367179424989268783      
   2.67426891636604031579337720243927641      
   2.67332858916597850653684512899136495      
   2.67213027984227172521550649932059640      
   2.67066492207976800764278191109701464      
   2.66892440152001297661342008044498379      
   2.66690155647358022093611071276369559      
   2.66459016995017174235511753928776264      
   2.66198495439083909291346177696463379      
   2.65908153045997840744665305606269471      
   2.65587640115197780309870177004021424      
   2.65236692239327152153679463486650158      
   2.64855127123262473463099377058956013      
   2.64442841256751930255745519801832589      
   2.63999806531835779487896898051729585      
   2.63526066884781864149438152373059306      
   2.63021735027080481960074874260651262      
   2.62486989340389691748226094028568361      
   2.61922070982010520590579292683032629      
   2.61327281261804387879625460015045534      
   2.60702979338310741320414747395931346      
   2.60049580285387116810647271635306158      
   2.59367553578637664090339874347966545      
   2.58657422059389149191084550261221621      
   2.57919761433561788790705875140682485      
   2.57155200379858983641727532372879447      
   2.56364421347453132040074750854659727      
   2.55548162149864568883181971711362530      
   2.54707218479151648234197206021125837      
   2.53842447502804198670563124198878118      
   2.52954772747081791276541057447178723      
   2.52045190526937450266676525365123258      
