   81.7400452933505755287497682900338412      
   81.7369829321399900591098209162179846      
   81.7318659887511253099038684042366426      
   81.7246850311351119604366595218305878      
   81.7154304786394991527666430668871036      
   81.7040932305896623237732257195586314      
   81.6906652513168054383745787160127707      
   81.6751400953800488712131432509289213      
   81.6575133516000683626267074650248612      
   81.6377829749765959855413658184134773      
   81.6159494388448196054388609412146865      
   81.5920155651501269898853685839675150      
   81.5659858067687643677196363530293581      
   81.5378647069726892007937666660391227      
   81.5076542765667587217661919208629051      
   81.4753501142568113099248103825120742      
   81.4409362411345118967025145990025548      
   81.4043788032595740205410776700696455      
   81.3656189873118479931125942879490421      
   81.3245656530816244154098103630825076      
   81.2810882787052499610293802139708187      
   81.2350108208388263827046374628594988      
   81.1861070149320361033457754684835420      
   81.1340975001854143547675370407163107      
   81.0786489780566139028335543215464593      
   81.0193754347150681003751325060018074      
   80.9558412984844995690777201901203715      
   80.8875662803107362271075428144294178      
   80.8140315647140038888198854852583806      
   80.7346869780138799031979035866150369      
   80.6489587563150319436795288639447704      
   80.5562575581513639466821955621696240      
   80.4559864074587180724029713088681367      
   80.3475483039130455935300330581662046      
   80.2303532935267865340511704094519366      
   80.1038248471537519956750080150890106      
   79.9674054453497926238512418328820449      
   79.8205613131807179592740501820135128      
   79.6627862860939814013361718790826666      
   79.4936048190281365579664074843721822      
   79.3125741745434467993034283580033180      
   79.1192858431117025517102539792383679      
   78.9133662609705642247371481628370200      
   78.6944768975940053222134614612667592      
   78.4623137889370601364997354628148577      
   78.2166065914503952884944482187893539      
   77.9571172312038249032520909639359421      
   77.6836382169005759336366975860176769      
   77.3959906809940601438662664050353122      
   77.0940222067887143307203402835405893      
   76.7776044925052096227416008564416394      
   76.4466308965297048879004367790755716      
   76.1010139017223706260243282345864964      
   75.7406825289793215917201406221009502      
   75.3655797253301465471139673611379361      
   74.9756597449494187042707354299823771      
   74.5708855366174705958602486979702284      
   74.1512261459928221929125264023814450      
   73.7166541365210099526070334244139834      
   73.2671430288257704721145599961878097      
   72.8026647543652653900097929542228659      
   72.3231871158172633387132180065404436      
   71.8286712432313133659720012343175009      
   71.3190690317914219589549239829877649      
   70.7943205437039957725123435056779127      
   70.2543513535461575371217232798745505      
   69.6990698127816342513951492360152425      
   69.1283642054732493412100980040102653      
   68.5420997623725363812433690083076857      
   67.9401154961304558253490915832270626      
   67.3222208137863169546503973629442554      
   66.6881918558975616406405988761733550      
   66.0377675029611748829562083454397963      
   65.3706449789532653362231605243631965      
   64.6864749690445071017217595483133570      
   63.9848561522310315598779694691603519      
   63.2653290292871564640179728796342469      
   62.5273689014118553225100790777404830      
   61.7703778223205956983365031176125233      
   60.9936753060432808205211606750480101      
   60.1964875199425431065219258369007005      
   59.3779346244631699965079940794907466      
   58.5370158327453645170060428288049095      
   57.6725916462284942702273689862564610      
   56.7833625675841796125033685542695794      
   55.8678433836807166440574665767707770      
   54.9243318282538261436546711460784290      
   53.9508700442057563127886311936189636      
   52.9451967221206664074794857618127736      
   51.9046870225632043707821321746269527      
   50.8262762838186570988339597238573011      
   49.7063618979266913236508257633626800      
   48.5406753215341122647881275308359737      
   47.3241125019957147733993458655456010      
   46.0505052372305321469322962879813281      
   44.7123067261716438100332451081619578      
   43.3001492012346733273338677941130611      
   41.8022050736018501259090602212223663      
   40.2032354151766489448289985481027836      
   38.4831192803229434302143490543579294      
   36.6144745243281331369573686792275312      
   34.5585794145644872346967035393429148      
   32.2578286877952677270616488115254267      
   29.6202542942468413614596897098427666      
   26.4827120095178930545112787491958442      
   22.5009660841543853931933905853425364      
   16.6436291508789241204550543249642743      
   1.24135113408016146373608795425727467E-0004
   1.18772210102643607357233193430402641E-0004
   1.11898544286702280781523778489520675E-0004
   1.03315435565406788966040440436270633E-0004
   9.47099016546162075237066304767146351E-0005
   8.58889201444894904013692913136986167E-0005
   7.75111695562941659283610021593713205E-0005
   8.90250207531495663367638241890190721E-0005
   1.08024750951852554850122126731746535E-0004
   7.70597677051494454523485171553587194E-0005
   6.78522620589933699683125252158441700E-0005
   6.10978778549054061539257440453904415E-0005
   5.63552351880095436625846791381878615E-0005
   5.17503585072465115346896770994449208E-0005
   4.71567237121216500171620911684588357E-0005
   4.11932354672770881359937836905552026E-0005
   1.54466978255462969973006890810326511E-0005
   1.54466978179432242720054953185406000E-0005
   1.54466978120731267796791967459215264E-0005
   1.54466978074753400793964328101005144E-0005
   1.54466978038267467629462126593760448E-0005
   1.54466978008967269458078062324013683E-0005
   1.54466977985180352178336499824573876E-0005
   1.54466977965675957249344228645757157E-0005
   1.54466977949536052171447590001905768E-0005
   1.54466977936067260022435141321674003E-0005
   1.54466977924739780507596916008471224E-0005
   1.54466977915144417967899475674695846E-0005
   1.54466977906961941983166603014123904E-0005
   1.54466977899940967189422099177932983E-0005
   1.54466977893881796237859794146190294E-0005
   1.54466977888624488629251360306671996E-0005
   1.54466977884039959212978074493111653E-0005
