   235.280623255560065767173916372200344      
   235.267416041613366799044398618009633      
   235.245371159244097756232513493127752      
   235.214474221392287767576338944756133      
   235.174715626896190073249219488434629      
   235.126092373654529236180878012841159      
   235.068609559846860121525651998729020      
   235.002281523754521270461071303410906      
   234.927132596939217942245605107540860      
   234.843197470165186579162371352250120      
   234.750521167227551984284253058841278      
   234.649158562948854879107878933278811      
   234.539173266493216862992411330543271      
   234.420635547090669437659120533793552      
   234.293618866882663771237699253166251      
   234.158194584634282056507197392972527      
   234.014424562011828616912309663633452      
   233.862351729716515410233017387348088      
   233.701989075371136892817711304578621      
   233.533307880092622374887884866569315      
   233.356226254027881414498130873331919      
   233.170599050994904974086721972977802      
   232.976210087325473678442879303965382      
   232.772767302508093223154938036132475      
   232.559901150144689191628557352684581      
   232.337166168356437481977186064894828      
   232.104045396622195206962111691997960      
   231.859957110459034030477366907625827      
   231.604263241838941279055816614954786      
   231.336278830180224112398583657801240      
   231.055281890422471092326122583178954      
   230.760523168029340115682800622699285      
   230.451235356205219997953569281006412      
   230.126641462069726275012788056535395      
   229.785962114787257697635382400598828      
   229.428421701503085007230498720771973      
   229.053253293335445310853644252568399      
   228.659702383139893555556464981242173      
   228.247029499025698436494212575902262      
   227.814511786405091668514234565746120      
   227.361443667593424261023665879429337      
   226.887136694923431681854194175667258      
   226.390918713843856887636136049965457      
   225.872132446823978333906505801886232      
   225.330133601592412995113825450862184      
   224.764288595127423836511105484735349      
   224.173971975338802358669835540694179      
   223.558563608544089970357823041947455      
   222.917445689998967652450963146564017      
   222.249999623153216967288143422079038      
   221.555602802212758077275757218395991      
   220.833625322678080295501112547535657      
   220.083426635915478203057675511005368      
   219.304352153973323322521310593144434      
   218.495729804978911688173193549299153      
   217.656866531119404736684272704481878      
   216.787044715598953705475644672904009      
   215.885518518811288981337854474865071      
   214.951510098423650756801894106898519      
   213.984205682950210900918321930381365      
   212.982751462739016149370558706329747      
   211.946249257137753757236677141003936      
   210.873751910701284908899747300805710      
   209.764258365025212511620398254760550      
   208.616708345514759071554228937118636      
   207.429976594401942757587400814748658      
   206.202866571630058296471939753907022      
   204.934103534191767194129731821546712      
   203.622326890347744395895857910038280      
   202.266081709786797508717053922834468      
   200.863809250260039185927060616408334      
   199.413836337786878454689513241735049      
   197.914363408197322083026508992577290      
   196.363450981479258142205379844560169      
   194.759004296410789474839019110724490      
   193.098755777697851940885653611559492      
   191.380244938950390927579631396547114      
   189.600795239156585329495940481331104      
   187.757487300721370785758118314348272      
   185.847127759356663053832920129879219      
   183.866212838462197035374630849095676      
   181.810885511589991527890219071837591      
   179.676884818810086598989151323134806      
   177.459485510431631637400448218187283      
   175.153425671889953357170947388789479      
   172.752819285462615677112633741461373      
   170.251049737826784411724646076542220      
   167.640638981243416047416529477486525      
   164.913085244256450839044389126189716      
   162.058659626830107741054673212364855      
   159.066148236771635801068856264585536      
   155.922521147426223792985900079880330      
   152.612501441374049519568650585172931      
   149.117995393868485900359520333143244      
   145.417325787798021017493695983762284      
   141.484179757477802699189988807366734      
   137.286131877665143048307284221475823      
   132.782516090621763562005262273439694      
   127.921263620436613084730873283929015      
   122.634027911752238062409775855346314      
   116.828319831115984694631982083187926      
   110.374068420515804385374285157302881      
   103.078854617198669523167755472289609      
   94.6373204382333069562237458956997551      
   84.5114775324095108925697683491083302      
   71.5754452985129393657951890464941275      
   52.4922276892589797368182841111854244      
   4.09382454308932846107814150239958776E-0004
   4.05951892756405898538041608668214401E-0004
   3.89014422194907873195583322766866896E-0004
   3.63979411875134174173850527471207432E-0004
   3.37562959224289187086812865782006376E-0004
   3.09403220576617552268336003990592760E-0004
   2.82030956129273821242319022452477427E-0004
   3.27020862971728132071698963616486557E-0004
   4.00443274851254918887332952803064677E-0004
   2.88165510428835618070780650746783550E-0004
   2.55872079834465323192462621554636550E-0004
   2.32257953281886306385797503861496476E-0004
   2.15868295368047667486857509472443954E-0004
   1.99651404447365740484700736416813167E-0004
   1.83127709890263037314086218271254368E-0004
   1.60897471494015558191515664155359097E-0004
   6.06005146441532199170524523819311403E-0005
   6.08367311315196436626341911897028794E-0005
   6.10689576724727544244770888651476470E-0005
   6.12971506809699253356152990949160399E-0005
   6.15212704446928346884826010577918785E-0005
   6.17412811286920808975904256759770180E-0005
   6.19571507706609959945799614156783184E-0005
   6.21688512678955199030866638927321636E-0005
   6.23763583560548749538967523847664635E-0005
   6.25796515802116806554692947239124770E-0005
   6.27787142581055208672568819288442607E-0005
   6.29735334360830812175694423762917937E-0005
   6.31640998379351475622689860949494340E-0005
   6.33504078069969529883636843279374473E-0005
   6.35324552418327137442417703617161479E-0005
   6.37102435258634700508817554523437358E-0005
   6.38837774513041985380736306571468785E-0005
