   25.5609701966351035855553402224603038      
   18.1244481185044916976391594068474116      
   14.8101904357639285160375854462155022      
   12.8299691710230869024442025289623674      
   11.4767693855593912131214821435236671      
   10.4768674328287134730294023488557402      
   9.69906243522593674792197618311763233      
   9.07156997773363576374957279522980576      
   8.55137563106152170086322272125498527      
   8.11092842917469499414101030099802558      
   7.73165757664824902764950650242500385      
   7.40052905884385274663354850982478524      
   7.10808957391396294919383788472440256      
   6.84729364601075967142722847840023722      
   6.61276835431266858306127960374753153      
   6.40033487419285485557386018412966775      
   6.20668707626173247117333104442421960      
   6.02916962924934254703670064575963110      
   5.86562110787252116991122811840087893      
   5.71426073190964600490263371722001526      
   5.57360510470413192275188972896692741      
   5.44240602880943019088986147533759932      
   5.31960341960622608322915176766578341      
   5.20428922171985728938620681048279902      
   5.09567946585630826820062315320620250      
   4.99309242738639664419037770838696337      
   4.89593140942440086694110193509219331      
   4.80367106343075830514525504852128831      
   4.71584643686298038080253409129010467      
   4.63204413672890844448086821780136539      
   4.55189514405871568356093947670500148      
   4.47506892296639459511824841836275493      
   4.40126854972554585592253475090493051      
   4.33022664939740888817593861835075233      
   4.26170197510993547388779788464961982      
   4.19547650167052855009694174253827845      
   4.13135293345854043684885809402808113      
   4.06915254844847661302412977607710947      
   4.00871331717065959177885915081656510      
   3.94988824860663713065898446537142817      
   3.89254392522720338927838900304432928      
   3.83655919730202075211214059195413472      
   3.78182401277078473068081760115436195      
   3.72823836369691308115894902945161850      
   3.67571133404651453567903548269162696      
   3.62416023632014010035798809348760839      
   3.57350982684510632900213112261165843      
   3.52369159117133458044409749528011788      
   3.47464309237454319223416725447967178      
   3.42630737609373349055099450984417360      
   3.37863242692548604290608571923209891      
   3.33157067143793542192657341535491965      
   3.28507852359438056817082615712452420      
   3.23911596873831190667114926775017997      
   3.19364618268721365957838696876874309      
   3.14863518271695165116752765930527824      
   3.10405150748154547854430421702476389      
   3.05986592310895527698954728230731413      
   3.01605115289203861319553348274928743      
   2.97258162815721761029839408744117250      
   2.92943325802025488354704844930257111      
   2.88658321586764598938431390625803392      
   2.84400974050190749038309960893001475      
   2.80169194997705667515579742315164195      
   2.75960966621516894088935355479113967      
   2.71774324855021841526526907280559907      
   2.67607343437041608616805465026286648      
   2.63458118504336962835528004765622936      
   2.59324753526893635543277576476069995      
   2.55205344397648277253231424095558729      
   2.51097964477058541038750552585935095      
   2.47000649381025502954842141791298902      
   2.42911381281932711986519275027491174      
   2.38828072466742201488023419763030843      
   2.34748547864264320850555969522929380      
   2.30670526210493159338072166194861821      
   2.26591599465318407759957137298117643      
   2.22509210024290883594946241360481298      
   2.18420625176059181642380455934761470      
   2.14322908139981254730431325300260124      
   2.10212884865237484062657669043549943      
   2.06087105574217464345986569400268771      
   2.01941799773891781818781249448214830      
   1.97772823114343938854318917075407895      
   1.93575594017094857494875937202163718      
   1.89345017378896957254651852991193544      
   1.85075391818692204626684551494584225      
   1.80760295779810148516465146208368376      
   1.76392446186845829010666269617842571      
   1.71963521071954720921840979177333009      
   1.67463934296907789624319141114437252      
   1.62882545679858700618836743354782271      
   1.58206282639447082333655073062514134      
   1.53419638482461012342398202492969904      
   1.48503995274659643173031087804288687      
   1.43436691586277725967957719787554895      
   1.38189709496231470499647623858588682      
   1.32727776109002224096925172865917161      
   1.27005532326908385100411149772581633      
   1.20963150938968301893133648595455273      
   1.14519237429695017244353745837973342      
   1.07558640927901695078867714403147764      
  0.999098670808445969270448444989253540      
  0.912986394177146877719798753856568872      
  0.812372196375152804873670706711540705      
  0.686931962678871389917911776811138535      
  0.505603972451233601046873178646177385      
   2.01563434537645941331889262518576864      
   8.56688068695077548788061814079981046      
   14.0922359328672657122152694559009325      
   19.2729318699347489130842155138545474      
   24.2783542515810602692942056949371386      
   29.1886924678459692703846096826653244      
   34.0544635854514128764668975065046862      
   38.9144369911950172575121887139562037      
   43.8016851441494943819207209084596342      
   48.7438883626848066311836177280849988      
   53.7601221800118047258992148892576352      
   58.8561638429695133984482630681392506      
   64.0202864871048878989317046708972453      
   69.2201954404004492023265137899437694      
   74.3989368090145193128027315916890914      
   79.4588399070137724250300937097219141      
   84.1534322893661295976792862927722338      
   88.6697957989851715402829992705998009      
   93.1366796907529304325368351094986963      
   97.5527804292780469113823549103619545      
   101.917321319122421679592152606991725      
   106.229934654034803866140981705330086      
   110.490561123695330394579002709466302      
   114.699366783478828357286311092691741      
   118.856676338608809427865169459616748      
   122.962920762727538300802008387764475      
   127.018597043848736574763928361669127      
   131.024237913418761568573826198516650      
   134.980389620390110874958935033580455      
   138.887596076982935969535521551648033      
   142.746387974765027430287772973258458      
   146.557275723122425423107899357043796      
   150.320745285185907002193772489489882      
