   62.8144927968740919868332514144142461      
   62.2853355277627296510128953491165159      
   61.7238118701778893719606356345170287      
   61.1267395519430401739647099470824972      
   60.4904913537031323783248934969825439      
   59.8109035803324525343294513102793877      
   59.0831617823351725312131314115934400      
   58.3016565966630780061381716923361446      
   57.4597999369632008756830670345463158      
   56.5497881376848090361799114433547828      
   55.5622937636586418747440352270029166      
   54.4860614033328014361781914868830631      
   53.3073748146839096205449238878417489      
   52.0093533213510617671610129788374209      
   50.5710227172768119651644646406676075      
   48.9660776179484604035754271740333624      
   47.1611526066542998800362922748069727      
   45.1130766179689940934382338566650475      
   42.7636559342798070349689005532532272      
   40.0286647887326739008989108881281671      
   36.7742898274551355128929360797248825      
   32.7637566642048030972822957693318973      
   27.5061698410660223382453296885395177      
   19.5582619321083655855039373181654113      
   4.44921007868172663440646920435738553E-0004
   1.00245614093227473513261633498621747E-0004
   7.62018209384856610119298644618932668E-0005
   6.64079111293621046569887737480189969E-0005
   9.31606073131284456526566962225518382E-0005
   1.01946888754932536647259084653837890E-0004
   1.07417140901416889251724593535157062E-0004
   1.10320954393701844678835782899907252E-0004
   1.11359178500958775263487050697927334E-0004
   1.10632730404243739612828827853315062E-0004
   1.09675526204220123442823152367862043E-0004
   1.10593787260630601858605963767826132E-0004
   1.09688594352095132448086723687449545E-0004
   1.09359748649511669696832600169049957E-0004
   1.12737726263907774671671786118816988E-0004
   1.01486625908240916276360490641780547E-0004
   2.81904806575806458824467685764441655E-0005
   1.02108591381885821940908835583593896E-0005
   1.02001715993107148079589573580447094E-0005
   1.01912897016558389538217028827978495E-0005
   1.01838375539194291069693188181344661E-0005
   1.01775306259883019892176824144721207E-0005
   1.01721506710286731596835443255509135E-0005
   1.01675282485000545205048707886177217E-0005
   1.01635303451850701834030160015536826E-0005
