   1.26174058084686302817628512784527659E-0002
   1.26708892752397860175758987611181084E-0002
   1.27283945971734653443959103890420373E-0002
   1.27904075884880689992171808971326354E-0002
   1.28574973620722740064164469632289198E-0002
   1.29303362358051447270645222060877828E-0002
   1.30097255812242579721210021019538564E-0002
   1.30966298269994907711103650219014744E-0002
   1.31922218233529820227483411595761238E-0002
   1.32979442809845618914979636388964432E-0002
   1.34155943160879064568641302412628289E-0002
   1.35474417470399586999556927470611936E-0002
   1.36963975138702899811016146495525336E-0002
   1.38662578889839488039329121560742872E-0002
   1.40620659913296098334208707243498196E-0002
   1.42906618084040306679425677281826999E-0002
   1.45615563340822433527272963897358775E-0002
   1.48884256661860458970074613386563570E-0002
   1.52919400469196490134018001367112057E-0002
   1.58057259676969611717725921238592564E-0002
   1.64902732730985309539774705408245203E-0002
   1.74704122880558667493553946745829075E-0002
   1.90671129766541495525649023245966713E-0002
   2.26117862269814483122261108356142581E-0002
   4.80430474777532243358552476286016437      
   15.3385777067709564909833203575670313      
   23.0958652409135111914726243860211015      
   29.6640810112687184469699956566833046      
   35.4992371677977267867407610888416607      
   40.8190774520315200649087775109810183      
   45.7494702407735959974187303877009553      
   50.3713364440941626548391160890532165      
   54.7403307533059774988313107608366355      
   58.8965053621850677068422008020870203      
   62.8695726891491009536672872691893113      
   66.6819493646628998693949309265605203      
   70.3505242804605633246824506884980494      
   73.8875431300374548289785674713146409      
   77.3006070046258070308279143118860267      
   80.5909546273054363559829018295836338      
   83.7422629236173767964051006722634151      
   86.7257555553297821968320505887186991      
   89.6289738393378536199807346540443433      
   92.4578405632984715612509328883591607      
   95.2166984320543798080443039924733862      
   97.9094619216563222643457617643282833      
   100.539674684841123379602153251411027      
   103.110557224409530579750749768669614      
   105.625046873177028664034817177689967      
