   4.16170400462748060097495201153475421      
   4.09352002224337959273681931297309009      
   4.02536235404333484381527064041071951      
   3.95703139715140589176658614053844595      
   3.88831210227866382312387998207370872      
   3.81896940663502148735153150830090835      
   3.74874262986977958145484975119555093      
   3.67733847938461408665844989665368654      
   3.60442217784776817819440747145757564      
   3.52960603896266061504017594946144256      
   3.45243455904334559904931985695941185      
   3.37236474105901152581361524447020633      
   3.28873990386025952251467737089389457      
   3.20075461954929099148040152691050640      
   3.10740752287406978857993931015834766      
   3.00743682760620910488118477392131768      
   2.89922756703477060529510732212364193      
   2.78066105356303729054327937571319868      
   2.64882768465858700589595962801247207      
   2.49942111452119797239494609703509229      
   2.32542323067918031189315965631118072      
   2.11402352320517807689463366502375240      
   1.83750548642652220374325172850780347      
   1.40878873321735848483108096124242502      
   4.80430475545343112322713825140395271      
   15.3385777070909415528727230193252744      
   23.0958652410780550378295225771452343      
   29.6640810113832823294319575759738889      
   35.4992371680082197000521688184845425      
   40.8190774522700033326270746748727127      
   45.7494702410267225032789465519889814      
   50.3713364443516129347394438062307422      
   54.7403307535607153326621072406941713      
   58.8965053624306776703722525425744485      
   62.8695726893860666996006083585447862      
   66.6819493649004162919593079665811822      
   70.3505242806916405669195126142434686      
   73.8875431302652006362866844100328447      
   77.3006070048661937340382706059124059      
   80.5909546274990328191930609608215178      
   83.7422629236321999434186353016845591      
   86.7257555553317035647848826960893452      
   89.6289738393397502683821887204392593      
   92.4578405633003466049217882323984743      
   95.2166984320562358457698418534135219      
   97.9094619216581614715243516898878150      
   100.539674684842947581305275297871789      
   103.110557224411341309227848498497822      
   105.625046873178827210154829752535669      
