   1.22551920862862374209380102159612847E-0002
   1.22816068774472882162419705162333896E-0002
   1.23091085160895985649565300704244602E-0002
   1.23377491584652635048347616154217154E-0002
   1.23675849403570102062260438290561349E-0002
   1.23986764644168098871138412901665214E-0002
   1.24310893423672553290007572535518820E-0002
   1.24648947978835524123015057037931786E-0002
   1.25001703377128136841104322702352257E-0002
   1.25370005006169896633303508943495984E-0002
   1.25754776960965689908067910669961936E-0002
   1.26157031476677585351197252951255060E-0002
   1.26577879588284873309970583586831008E-0002
   1.27018543239243333025682572032200219E-0002
   1.27480369111017372657226731594073963E-0002
   1.27964844506872656749210395407722797E-0002
   1.28473615700005787390757896169586142E-0002
   1.29008509252538549083964484197080409E-0002
   1.29571556934332838280323527111247472E-0002
   1.30165025027300247523641404767724826E-0002
   1.30791449003222475919532875372879008E-0002
   1.31453674826686934639948460092949875E-0002
   1.32154908481280327506843912456423576E-0002
   1.32898775777192781686819184182206511E-0002
   1.33689395115287515466572486607557120E-0002
   1.34531466719174550068219195462229990E-0002
   1.35430382994327310579400858450398837E-0002
   1.36392366267677316130930724554130968E-0002
   1.37424642407194499778705236061671764E-0002
   1.38535662032861531000881616934923785E-0002
   1.39735385699848296363286863416268910E-0002
   1.41035656347111430393358519768178545E-0002
   1.42450692744828753864635040941706070E-0002
   1.43997753799383524736493487912242911E-0002
   1.45698049111141378703582782613358764E-0002
   1.47578012781673774869632124368931549E-0002
   1.49671127449265122220561206390929335E-0002
   1.52020607667433372470882436974729178E-0002
   1.54683474149318815926703009602278687E-0002
   1.57736975997353662152996289802946103E-0002
   1.61289181640937508752568142782044980E-0002
   1.65497439671069708229336404790543228E-0002
   1.70602876993187809073227143750087132E-0002
   1.77000948336179825986437132626830450E-0002
   1.85404446834001286629965483650241176E-0002
   1.97293126872737734785333215461231587E-0002
   2.16569563628798329092278859576850275E-0002
   2.60880320813751204648408803083110241E-0002
   3.47553649148593931517803516281943039      
   10.1259023835369791662560305777131376      
   15.7316521542672057312676567811626586      
   20.8391457146571305683579571271244122      
   25.6191060761889210681011973382834226      
   30.1554395921422052316497887582264342      
   34.4978315201474234600742687727736205      
   38.6790169683292133732557198675014307      
   42.7220968543918423361112407189087300      
   46.6441377804647068338163131201649573      
   50.4581261958398444874948566292489923      
   54.1741014585581321336158159811617582      
   57.7998380166032048079930579210506309      
   61.3412534433515632368673641904600562      
   64.8026187026573649007333279482313133      
   68.1865605194505616131195995229258969      
   71.4936223350277969350538005457620742      
   74.7185982969157016082189625225511038      
   77.8642980684332584820774572932166464      
   80.9404833002372416145111146166393709      
   83.9504478117197178330080727953003262      
   86.8972163953137617363172124955440556      
   89.7835725660261585515294997830996899      
   92.6120829410680790886956425912829970      
   95.3851188159909020274985602449289079      
   98.1048753494487865021348533995665899      
   100.773388671586597288770337908632908      
   103.392551167961405581807999227912538      
   105.964125148157613878405920941766301      
   108.489755077770611800855917111912204      
   110.970978529454727773434021602000382      
   113.409235990466524507321673145966498      
   115.805879648958458073132876825115078      
