   67.9276187631138280099788449598307298      
   67.7267678803141260564077675584397254      
   67.5207076182189369740260744649218921      
   67.3093883227859879982491633053682485      
   67.0927524552809351496108601097686236      
   66.8707337021219425735275037899847895      
   66.6432561653884198179561021863411143      
   66.4102336273488949840426063154599520      
   66.1715688808768972945833732064020988      
   65.9271531165017607161049343015603420      
   65.6768653560210567325647588515635058      
   65.4205719220262341076561329853734677      
   65.1581259323110872486603368664724479      
   64.8893668078891062158729815050592672      
   64.6141197831948736681344831352800201      
   64.3321954069407340908347308714814658      
   64.0433890220007347165796493555297608      
   63.7474802125617879260960911218411324      
   63.4442322065788017880460899326495807      
   63.1333912212592891099034831115188095      
   62.8146857388516218145661071835873676      
   62.4878256993775000156816532732238964      
   62.1525015960983412751460961029369940      
   61.8083834583929233699757610681619909      
   61.4551197052996661317981332249342236      
   61.0923358511837050095135917925758011      
   60.7196330427613336592640735571136783      
   60.3365864039657596632429107436704774      
   59.9427431617662189263405642541994249      
   59.5376205219379713360606635916961277      
   59.1207032587543594195750038301722542      
   58.6914409764467906210158108417967387      
   58.2492449927946887816798674368681042      
   57.7934847860476426764537799804965007      
   57.3234839351358211160792032716710186      
   56.8385154692605939700545534297057144      
   56.3377965257869342430126227060365094      
   55.8204821939844563223641454956508775      
   55.2856583953960921085041574598414244      
   54.7323336178829087292224278640107120      
   54.1594292775889787148444844084262285      
   53.5657684283498450289711584616427454      
   52.9500624675472272305616119416985810      
   52.3108953957456583243643939582271156      
   51.6467050671800746542820405474350448      
   50.9557607087929263308809760995372680      
   50.2361357720381197155772460570838207      
   49.4856748923476396376786549549773692      
   48.7019533340407724407720169331605250      
   47.8822267457764730961611414070033757      
   47.0233682706843497640000891653190826      
   46.1217889331067610561526036296620866      
   45.1733355810686219080539869106385958      
   44.1731582081721337994518998626117926      
   43.1155347219468168973279028895793745      
   41.9936353241325439139828449192086359      
   40.7991991131773123349585315685445015      
   39.5220795017236492623672092071045617      
   38.1495870881356181615750924810004020      
   36.6655074836377298497222752721391371      
   35.0485726962180274405232892327617004      
   33.2699602305343941790716039410045172      
   31.2889356713000970057935265613522231      
   29.0446159510383262461536005951813979      
   26.4385928569154374304854618770019307      
   23.2920006916271377166630332922319967      
   19.2084452101696639922856181367563592      
   12.8171476081258459678374022364330277      
   1.09678334393413277276627039550039373E-0003
   1.88672743806095939334787893726849447E-0004
   1.20342978745224159694918050645296744E-0004
   1.03817508220466842201213120358653307E-0004
   9.61600178449319300153876936558294300E-0005
   9.06832990699260775612833862138582592E-0005
   8.60405859755555271672743054894478466E-0005
   8.25645696607106000582255940802073436E-0005
   8.06782254099759213659393131165087905E-0005
   8.25772460364700020445998003661297268E-0005
   7.74373089790723094100855675811656655E-0005
   7.10656286376558814245936424505853051E-0005
   6.81462576143638240037638275524558924E-0005
