   4.42537721915575594452990713919493957      
   4.37159699625559892643791872024381709      
   4.31901064844857418999782832269327638      
   4.26755462069744502412908921241426885      
   4.21716905310142347599406179107423209      
   4.16779741718868275235299811341779668      
   4.11938619005193980403342837744365999      
   4.07188456189590199539918709872847394      
   4.02524417304080951416772818031431961      
   3.97941887684585762908157010865272821      
   3.93436452538734832220978099499744620      
   3.89003877505466618329859869189045548      
   3.84640090951803682991044541145108346      
   3.80341167777881668371539124980905594      
   3.76103314523937599337018145813653804      
   3.71922855592789697210109293562103926      
   3.67796220418575383589565436691568152      
   3.63719931427348988290668913725219503      
   3.59690592647701168693375301417780822      
   3.55704878839946692525959564261318550      
   3.51759525020760574384312431044568720      
   3.47851316266396062043061343900960196      
   3.43977077681864256487521275110491687      
   3.40133664425643806288044142315133453      
   3.36317951679537764024023831260273369      
   3.32526824451089997278141035228566022      
   3.28757167091337160652319300533777383      
   3.25005852403351313500868551598511340      
   3.21269730206609732127256671831565310      
   3.17545615208378115155007667079530590      
   3.13830274015242250031112217120617381      
   3.10120411095021792464995241362481307      
   3.06412653470428763037210441033765272      
   3.02703533889725300043014937318935092      
   2.98989472174514421608426399736209618      
   2.95266754388476324604548696160617059      
   2.91531509400355137638236969444201006      
   2.87779682325956196254346202133349949      
   2.84007004222225199748452751454529806      
   2.80208957264801065312642466425802774      
   2.76380734459535454446187676780802146      
   2.72517192705935995059496280602201023      
   2.68612797729137680123381925626536090      
   2.64661559003192632064044565646520891      
   2.60656952269001931205452858107696424      
   2.56591826558060679432083561602712553      
   2.52458291700872887291476205970003679      
   2.48247581028090300010995202539405426      
   2.43949882217755004047007320161031608      
   2.39554126784897178716983633597543573      
   2.35047725215272807588253279615882755      
   2.30416229689913312097796599146865117      
   2.25642898894861592046246318424710085      
   2.20708128190219418809730127961933154      
   2.15588691114925664511491773256213943      
   2.10256710813147540662310964412214553      
   2.04678235252542879380602775767337042      
   1.98811214501642856896984040285054775      
   1.92602545207275045493972660476444240      
   1.85983601584034129665855646545440556      
   1.78863192019971751415131058480713167      
   1.71115876836275906634385279520744119      
   1.62561304537695125933165423465361859      
   1.52924482053285518585483566285099062      
   1.41750273634139160673084137764063902      
   1.28186852921507425038408587787184971      
   1.10270522976928528133928752059451101      
  0.807387901750247417162934173358242945      
   3.02707857441977703819091495391289136      
   7.99120716778155752068782317615428500      
   12.3909273237689484289017029679504878      
   16.5334819538273271786985521087266832      
   20.5162385957674799390139248787467685      
   24.3856099899607948356709361926422751      
   28.1679700934062451056253784668920484      
   31.8799751500133120847709735225065516      
   35.5329476074323297788885537432153704      
   39.1350041412792478748724281910269427      
   42.6921638661053975961605167425606422      
   46.2089374647431661692487342063086120      
   49.6886312185248650269662222269893430      
