   11.3815331727023195475962958219398161      
   11.3955294356643508705439359254412093      
   11.4109199996304172609533492533453764      
   11.4278397623220633338013949716920455      
   11.4464358385933516643418015430559332      
   11.4668684936275944807909845908277765      
   11.4893121108608941076912397289911556      
   11.5139561873981050345296842181976531      
   11.5410063473132530162749526372140737      
   11.5706853604555652683824951882462869      
   11.6032341511918967561723213841178003      
   11.6389127778974382223341011578182995      
   11.6780013599695009078708981375004464      
   11.7208009247212619537394020892798463      
   11.7676341417871545252671066604936738      
   11.8188459077592218320185358168596676      
   11.8748037388522322221545040397434697      
   11.9358979247121749527428091433332521      
   12.0025413923653465760394021084049167      
   12.0751692261688698279207338406372044      
   12.1542377879738763834453644098878309      
   12.2402233821405483183431880992225823      
   12.3336204132084267734381550744566816      
   12.4349389906196435861495116134361000      
   12.5447019455937382630618198284079150      
   12.6634412406461588097065529024254120      
   12.7916937727265337255247929651888530      
   12.9299965966221557951884899792842873      
   13.0788816257914609217436925115169638      
   13.2388699022724070165161515033633516      
   13.4104655642093368188994458258428511      
   13.5941496766163120575392929278285636      
   13.7903741253352729648683885004480470      
   13.9995558023198210337005020370567348      
   14.2220713286912836443541750012608161      
   14.4582525669243779518094472639175505      
   14.7083831621096058731642280848886235      
   14.9726963227580957107127615883464528      
   15.2513740039625779142125473898023375      
   15.5445475917928131922215106567991723      
   15.8523001115463808120793948922354913      
   16.1746698997007607794212495373426182      
   16.5116555972052174540735353847963290      
   16.8632222476378326759297480912316299      
   17.2293082247122275464931769301539833      
   17.6098326751105511706077270618754663      
   18.0047031478220085466562925622960051      
   18.4138230905626466499989738793307629      
   18.8370989252479363966312071256723039      
   19.2744464634454729057107715909802898      
   19.7257964833142590636139710900657386      
   20.1910993552110415926162647376053421      
   20.6703286676818007194807338631114394      
   21.1634838637474644093629224435615062      
   21.6705919455107295067039957098085687      
   22.1917083410856305425972781549466746      
   22.7269170511821988577059323303520358      
   23.2763302041551951785111835510475569      
   23.8400871496482843881195748298855443      
   24.4183532143403581434538942893242369      
   25.0113182310844127989916546097980030      
   25.6191949371457605409399598119161696      
   26.2422173202054908098615548432962259      
   26.8806389737988547317761700630666079      
   27.5347315079805361854383079501396576      
   28.2047830469276471141916126624916713      
   28.8910968332516669965861339405106203      
   29.5939899490799270261527802846926133      
   30.3137921563911115477385055108212904      
   31.0508448534380117853134151685131416      
   31.8055001400940159019637075998464495      
   32.5781199823273325543438928387008257      
   33.3690754644565297001806555036183591      
   34.1787461171161124245644243079472012      
   35.0075193087396276541986394234642992      
   35.8557896886661610582833589516875204      
   36.7239586705466626009328090181511286      
   37.6124339454557558298197357333230704      
   38.5216290149176964509963799553238193      
   39.4519627348713670631361400409163378      
   40.4038588623874595112605175264969172      
   41.3777455976849011821243610827742062      
   42.3740551146585629455854594700825208      
   43.3932230737195614992124567517468839      
   44.4356881112626908866919383824702805      
   45.5018913005158203252221370616866439      
   46.5922755788995993747168241757606127      
   47.7072851373399177728233566801104244      
   48.8473647672384775823065741414512265      
   50.0129591610272063501520435463418960      
   51.2045121624183998318628662638367290      
   52.4224659626228460809530320006050463      
   53.6672602389505140570735388575194355      
   54.9393312323403299253604258165160040      
   56.2391107604942107371787336123274703      
   57.5670251634228143186618606800588806      
   58.9234941783528033391990345669568036      
   60.3089297411043005931698907486146710      
   61.7237347112286252382191792434062339      
   63.1683015184064465417362250493360939      
   64.6430107278509447692874553715365776      
   66.1482295227454034359912449833352185      
   67.6843101020753928906044248152450999      
   69.2515879925981815114454983361146832      
   70.8503802741316245268465426192267013      
   72.4809837178470489876089108600807629      
   74.1436728378206605763988738254847645      
   75.8386978567407732455141068349068401      
   77.5662825873881457165087304752984718      
   79.3266222323080506821410163393536194      
   81.1198811049787804224954823795071609      
   82.9461902767546878868944823482894920      
   84.8056451549244471208571027400206862      
   86.6983029983772553300834822849712645      
   88.6241803786105956354371428880813157      
   90.5832505951403251038623597289807542      
   92.5754410557830615966226295027142301      
   94.6006306337657749690196213854248398      
   96.6586470151694452545707517658205376      
   98.7492640518214435038706742378412993      
   100.872199136401061633436336486744320      
   103.027110618197075621860090504819053      
   105.213595279635953766029517911316856      
   107.431185895360233327018326390570889      
   109.679348897253055997502188997003837      
   111.957482170346253489026092369469256      
   114.264913005983819144941205413191525      
   116.600896239903500487407276212452489      
   118.964612604009408053452590920164437      
   121.355167321497326316934479754228641      
   123.771588975620595994301255842446079      
   126.212828682706475609091874473735063      
   128.677759600008914047452065923120147      
   131.165176798574284612057867953294724      
   133.673797530464436978748289758586650      
   136.202261918393760172179627411952262      
   138.749134094066183753089465235330739      
   141.312903809224098185940823649937240      
   143.891988540632086791188501488726773      
   146.484736106912189153703179268360266      
   149.089427811333885787160406742518658      
   151.704282120362481971356698209777135      
   154.327458883019355205028227783586541      
   156.957064090955671304289288609665021      
   159.591155173649996432998719718438390      
   162.227746817387096534945690637207083      
   164.864817290748870914273379410893107      
   167.500315253350498186083909548841995      
   170.132167018596086995045748499294356      
   172.758284235426683362664073353323332      
   175.376571948512214910079219693434199      
   177.984936991221336467294081099660873      
   180.581296661110739567551348703662728      
   183.163587623722442336587978176923529      
   185.729774987268064701216845127006292      
   188.277861488401842331110043832376140      
   190.805896727809571728983554746190146      
   193.311986393816595095127400663696839      
   195.794301412666054804081861330156229      
   198.251086965533443421964161200031980      
   200.680671314687978881568869508138468      
   203.081474384417678850834882794286785      
   205.452016046304222381122818448653119      
   207.790924063033812408453190677083743      
   210.096941650001858878850103055106547      
   212.368934619322856145159775541842073      
   214.605898076281271438725000481998781      
   216.806962643520302588416040869839145      
   218.971400193115843541862950665336594      
   221.098629070866248672622169367092532      
   223.188218800381647151045739936902105      
   225.239894256630125491605835915261143      
   227.253539299250592412511637388829743      
   229.229199854964294691442142775431116      
   231.167086435639287567558115661260375      
   233.067576073872068842916026756265635      
   234.931213651313223733982648881267580      
   236.758712586442230221613562011425092      
   238.550954838277313874499778096758001      
   240.308990170926458999372093280678488      
   242.034034611459878862206460276746302      
   243.727468021029950155444365618870695      
   245.390830687423377312875349243633363      
   247.025818837476766392463701117675317      
   248.634278961422819174366309041145270      
   250.218200839859622369318796912326461      
   251.779709169383925014414960583797013      
   253.321053696768711810525831723752891      
   254.844597795550536770609354570470974      
   256.352805454370038505372002143706853      
   257.848226694184575209810852180668378      
   259.333481491542632282072754195096654      
   260.811242356399367132403979691314789      
   262.284215793079107408549242284547755      
   263.755122958114038803542568263878990      
   265.226679913496978904302324784356650      
   266.701577951768283638166275260223835      
   268.182464532798146739530959732519925      
   269.671925413341992113448885956494361      
   271.172468562227390779805785337208409      
   272.686510430710531643033825779216333      
   274.216365085983200253989148750814410      
   275.764236616246856530996203957097801      
   277.332215082311112718038798945659468      
   278.922276131369830606138764995470754      
   280.536284214946368844584513418149046      
   282.175999178854816816245530372888643      
   283.843085833124465380093068117686947      
   285.539125978085298310351685401995232      
   287.265632270346693003807461167680393      
   289.024063266438305135375248596146425      
   290.815838984444099750973298176678647      
   292.642356371978940223900923506235934      
   294.505004154506995715937133984463635      
   296.405176649972067692776121047729255      
   298.344286260808135526050302998842673      
   300.323774479349503010668711570663608      
   302.345121355780963737032589019064108      
   304.409853470254422908588719627799811      
   306.519550517457643759151201967306290      
   308.675850651285628342836067275644604      
   310.880454751149771090503077711297327      
   313.135129764094143981901021787100551      
   315.441711253854361806092136490365139      
   317.802105255170655493986608142099352      
   320.218289494352352628451433270042212      
   322.692313999448520911677690550546375      
   325.226301088186185985157614051563708      
   327.822444690543823327333327039737023      
   330.483008935811709959964120438852130      
   333.210325910899981053364653697648006      
   336.006792476769568833975860220164252      
   338.874866012370205495969041763793659      
   341.817058939682383513895066570584768      
   344.835931868902133991891942041362185      
   347.934085189267069310776716093376496      
   351.114148918542357526769667414996204      
   354.378770613029570756800107802750221      
   357.730601130610188682486499417022890      
   361.172278032427016978540672214289736      
   364.706406405174049889878038901617385      
   368.335536886576116513487935877521732      
   372.062140682652156792099418837052666      
   375.888581378069936623848634068676478      
   379.817083361787748029385562850443395      
   383.849696720868060782494752490718846      
   387.988258497601542775693503262993092      
   392.234350260796075975321692709261163      
   396.589252013251349821584526207069036      
   401.053892546113313955144214697608227      
   405.628796459066867254972696057138971      
   410.314028195243662722827438092385214      
   415.109133593299431474474308171326915      
   420.013079638252673624480758555419221      
   425.024193299145410184849718094402297      
   430.140100577018179438032725557865180      
   435.357667152603838249945840340315138      
   440.672942321017761910029006257431436      
   446.081108232142768400800363933374789      
   451.576436822306469939705140446710156      
   457.152257227843636069200206488633013      
   462.800936917990056756501306948290655      
   468.513880278729001743182243103156079      
   474.281548928452400661892995270429247      
   480.093508661103236308349022124577126      
   485.938508606162673901939303994027986      
   491.804598982827206166458924811898557      
   497.679294723077039935172793848615308      
   503.549793254753846830529392493191589      
   509.403255866010393245104426812405728      
   515.227163280091985567688679706906799      
   521.009757260271060525097627779981250      
   526.740581046659678369033923531530518      
   532.411131849895739660140981785329058      
   538.015637902152607974554087365366502      
   543.551969759782535428484015633991207      
   549.022685772965342972427958644432574      
   554.436224057315321481511107918952110      
   559.808162129539703348739146541976122      
   565.162552422832562633726621870431527      
   570.533181934261614094291683774143350      
   575.964615090290222004357651630654848      
   581.512788193832114026731789893646798      
   587.244860753330241275740810839899347      
   593.237988622593028582508447402727330      
   599.576706502976094451483168874070397      
   606.348736619684077208288021391343542      
   613.639307316988321841074231343558494      
   621.524457320291194347433990511795116      
   630.064233394444818710132672398183620      
   639.297004952500107710589362263510630      
   649.236147475865974883675202965176826      
   659.869998320928354008127062843132295      
   671.165333609947104546651122985043316      
   683.073868666389211683192216128611142      
   695.540697672407010184650157646972767      
   708.513319979425458047448068512193546      
   721.949963592985119962564214258774749      
   735.826215214313460163504441334510258      
   750.139373743027175585499874048595737      
