 0.10600899187332E-01
 0.10677592394201E-01
 0.10757467216656E-01
 0.10840611753903E-01
 0.10927125706661E-01
 0.11017122091826E-01
 0.11110729219906E-01
 0.11208092994212E-01
 0.11309379605184E-01
 0.11414778712096E-01
 0.11524507229137E-01
 0.11638813865749E-01
 0.11757984615058E-01
 0.11882349443790E-01
 0.12012290518450E-01
 0.12148252415303E-01
 0.12290754919910E-01
 0.12440409247307E-01
 0.12597938839726E-01
 0.12764206378369E-01
 0.12940249364860E-01
 0.13127327729061E-01
 0.13326988645102E-01
 0.13541156510231E-01
 0.13772260627590E-01
 0.14023420970763E-01
 0.14298726304907E-01
 0.14603664671487E-01
 0.14945816398805E-01
 0.15336023868840E-01
 0.15790485846862E-01
 0.16334804359747E-01
 0.17012658630818E-01
 0.17907363319152E-01
 0.19208936404207E-01
 0.21523300392551E-01
 0.30841686309048E-01
 0.79030121327565E+01
 0.14833613532084E+02
 0.21110456884103E+02
 0.27061333495746E+02
 0.32830893924061E+02
 0.38511051514361E+02
 0.44172719668321E+02
 0.49873086340291E+02
 0.55652266306304E+02
 0.61526026302598E+02
 0.67479952107329E+02
 0.73467306297244E+02
 0.79408549528717E+02
 0.85185971402054E+02
 0.90609276117830E+02
 0.95210916192132E+02
 0.99535807794081E+02
 0.10381949847468E+03
 0.10805879303320E+03
 0.11225121949161E+03
 0.11639493372948E+03
 0.12048862187002E+03
 0.12453140749836E+03
 0.12852276775511E+03
 0.13246246015747E+03
 0.13635046053350E+03
 0.14018691155372E+03
 0.14397208085145E+03
 0.14770632750950E+03
 0.15139007565042E+03
 0.15502379393645E+03
 0.15860797989924E+03
 0.16214314816313E+03
