   3.84700476494064148889328535713556156E-0002
   3.28001390140339329611999663347959343      
   3.32430925064202800355480705205422734      
   3.36919825598398719277725264066535402      
   3.41468910736421243619548037586716828      
   3.46079010168137022159944477645447499      
   3.50750964435170524567542972159568435      
   3.55485625088187974992887190596939024      
   3.60283854846113615949895852348239228      
   3.65146527757312240216561726292423793      
   3.70074529362772154067104003061599633      
   3.75068756861322974360623983420418395      
   3.80130119276922914586277575913967495      
   3.85259537628050480636706532931732172      
   3.90457945099235775587286550946836729      
   3.95726287214766903840119902569582190      
   4.01065522014607268394724436508790500      
   4.06476620232559870481962252929644358      
   4.11960565476715048099615411409731774      
   4.17518354412218428876421699748188344      
   4.23150996946396222931417316656369346      
   4.28859516416275342755638794812828159      
   4.34644949778536209397155880132728069      
   4.40508347801936487155069614963274004      
   4.46450775262244382364020463172047629      
   4.52473311139720545461816044895252297      
   4.58577048819188029165021545252761952      
   4.64763096292730179018958040361624550      
   4.71032576365056765629224696113647411      
   4.77386626861579110311731283199250897      
   4.83826400839235407507760204567401500      
   4.90353066800107907889396004271332762      
   4.96967808907874095417092900462244873      
   5.03671827207134469491179904168150428      
   5.10466337845660029545780612142053189      
   5.17352573299603053746063464516058510      
   5.24331782601715265642201152290284231      
   5.31405231572617992474552608984223581      
   5.38574203055169436076210037921729197      
   5.45839997151974701735382333625091231      
   5.53203931466084761706530005009036446      
   5.60667341344931068031311754539026553      
   5.68231580127543073672867959499795520      
   5.75898019395096471392228593154686264      
   5.83668049224840516002806802240177348      
   5.91543078447453357312504264742519619      
   5.99524534907874877871432024823498524      
   6.07613865729667101237824042279989689      
   6.15812537582952812487796770869396389      
   6.24122036955983612738315572424675356      
   6.32543870430389213117351984231777576      
   6.41079564960160360467558379002639766      
   6.49730668154418376651454006973034167      
   6.58498748564024885151755382321290861      
   6.67385395972085892215840018167970629      
   6.76392221688404984533406063130573244      
   6.85520858847941000783253730368017490      
   6.94772962713326129725865273993019419      
   7.04150210981500982202902881939876257      
   7.13654304094523777743079277942143640      
   7.23286965554611377734118457665081378      
   7.33049942243470485526101249556168127      
   7.42945004745977918558261440728714392      
   7.52973947678269437774862927322987568      
   7.63138590020297194288408623310999569      
   7.73440775452916421475860658741971815      
   7.83882372699562561411752098750336274      
   7.94465275872580566643668796165565964      
   8.05191404824268660626215189128621412      
   8.16062705502699371404045586897493259      
   8.27081150312381172052720118008615435      
   8.38248738479824566548728035904979081      
   8.49567496424076949664004313912541809      
   8.61039478132291042594276289782541537      
   8.72666765540392160669836538394396445      
   8.84451468918910003898448479491268113      
   8.96395727264041073385583440943679565      
   9.08501708694008204889645847489278584      
   9.20771610850784072805855927256890500      
   9.33207661307245851516242984666315437      
   9.45812117979828524455209267073452109      
   9.58587269546744600196606843506529900      
   9.71535435871838222479871695389928452      
   9.84658968434141880765950444824645820      
   9.97960250763204043057434351145466395      
   10.1144169888025617329357361196303285      
   10.2510576174528764344541652821125427      
   10.3895492171009706187912771824011681      
   10.5299169497738849514465556388578990      
   10.6721863206598095510951202087178238      
   10.8163831828219935588414965624028282      
   10.9625337419751491069055348418615365      
   11.1106645613250263168996711170634655      
   11.2608025664718321229801099910213339      
   11.4129750503781610607408439311116367      
   11.5672096784021006356874753475273331      
   11.7235344933961674286384559660956332      
   11.8819779208727226494524576129398638      
   12.0425687742365073517367573130053394      
   12.2053362600849279028088955293362409      
   12.3703099835767114946223495754939061      
   12.5375199538695394081964017995242907      
   12.7069965896272523277835771987136424      
   12.8787707245972071587265745234505188      
   13.0528736132583484445265792421828689      
   13.2293369365405395308524676631025405      
   13.4081928076156789389270552706241673      
   13.5894737777611059467431501543908808      
   13.7732128422957760200423066038135315      
   13.9594434465896612920825945544672427      
   14.1481994921468037521992906218511684      
   14.3395153427624188235483969912826903      
   14.5334258307544157980512253640481544      
   14.7299662632696637391572578202745831      
   14.9291724286652991049663391470642257      
   15.1310806029653258928402036456125470      
   15.3357275563927188324101524894073817      
   15.5431505599771926384417914588554472      
   15.7533873922387502797122288343143169      
   15.9664763459470706314065838188932559      
   16.1824562349567372901250175755721948      
   16.4013664011182500711897277830891707      
   16.6232467212646957021402022628755414      
   16.8481376142738827957638532978009173      
   17.0760800482056733586180698104213645      
   17.3071155475141626458023152673597562      
   17.5412862003342748139183795026075825      
   17.7786346658422516819445469387822642      
   18.0192041816894156253093993153583436      
   18.2630385715084858935979713460941680      
   18.5101822524916192944931714694013721      
   18.7606802430392229539698887363661126      
   19.0145781704785110365957700087600755      
   19.2719222788505142081407665787744832      
   19.5327594367643283864878507773447389      
   19.7971371453170309385863032364374577      
   20.0651035460776624305085593617813824      
   20.3367074291334666646724896888475812      
   20.6119982411964116863619411019527712      
   20.8910260937678311645273588166406443      
   21.1738417713588347669763030746266006      
   21.4604967397639080917359638216490189      
   21.7510431543849420078292892142641283      
   22.0455338686026593035674313833974024      
   22.3440224421921869570274658030776342      
   22.6465631497792543284738690211670895      
   22.9532109893332247718362279539017269      
   23.2640216906928809725483599330342592      
   23.5790517241205756975682100017304781      
   23.8983583088800403723213767319299382      
   24.2219994218328016012604407871597591      
   24.5500338060477974920180019306350955      
   24.8825209794184056853125206416569139      
   25.2195212432806965672257008204955832      
   25.5610956910263027868073580800157348      
   25.9073062167028515051629810010429634      
   26.2582155235944383409158231466255060      
   26.6138871327741276723462879783458400      
   26.9743853916199442382046058440202337      
   27.3397754822852731529930913417098839      
   27.7101234301140090845115114239940045      
   28.0854961119901872481604581916129061      
   28.4659612646111911911519619202807281      
   28.8515874926729583250112890687091238      
   29.2424442769548979890656803883724721      
   29.6386019822914911748886598541209517      
   30.0401318654167607516129396921233304      
   30.4471060826669736741675416049692239      
   30.8595976975260785661319782321917084      
   31.2776806879974674278861320887648769      
   31.7014299537846988062012987010703315      
   32.1309213232628124642907914480060080      
   32.5662315602208221640761007596168359      
   33.0074383703548559822925752437683164      
   33.4546204074902639354050375500929976      
   33.9078572795097892830939325211582172      
   34.3672295539636242050045134523933675      
   34.8328187633358453940698045786113601      
   35.3047074099402992721502806618374175      
   35.7829789704175638660328606987077732      
   36.2677178998030625757220137610496682      
   36.7590096351348016953831509702607767      
   37.2569405985675244675565617671982658      
   37.7615981999583091443683215165828366      
   38.2730708388868172200848451555810871      
   38.7914479060714691891422210151404762      
   39.3168197841408385903060804495259861      
   39.8492778477174730365646413673905515      
   40.3889144627691798008356766114267188      
   40.9358229851805910419701754004864139      
   41.4900977584954482669471315376944071      
   42.0518341107776714335414963516898030      
   42.6211283505367455724962363916458729      
   43.1980777616603999393042571728368280      
   43.7827805972948550276544133063661779      
   44.3753360726102276158137595075372469      
   44.9758443563858321552440938721397216      
   45.5844065613472725007285598791820946      
   46.2011247331842847933110214715751481      
   46.8261018381753300504344767318599221      
   47.4594417493419310499110437689326454      
   48.1012492310527372327220343026541577      
   48.7516299219942838382328894506234345      
   49.4106903164224168835267892021065478      
   50.0785377436054179333658518447518179      
   50.7552803453669706581743732637580054      
   51.4410270516343599599413595487448915      
   52.1358875538946478630597162471766375      
   52.8399722764591305477988622164957675      
   53.5533923454341464961650060201469052      
   54.2762595552943578972977497706640116      
   55.0086863329529948743298770061335192      
   55.7507856992223320700306736192062258      
   56.5026712275568560519430230835454895      
   57.2644569999713576028705619109390773      
   58.0362575600264940128906921081470249      
   58.8181878627753996483791283338819630      
   59.6103632215666879126216489614062918      
   60.4128992516018274872409097506460147      
   61.2259118101484175127827557612542531      
   62.0495169333154713287221063855823965      
   62.8838307693025021937432216929725194      
   63.7289695080410675468999067862828151      
   64.5850493071555595426265204505135674      
   65.4521862141794820089798985002157245      
   66.3304960849742513559429130987058981      
   67.2200944983098058287390777486873649      
   68.1210966665798919298277648890456663      
   69.0336173426399043464743870387791348      
   69.9577707227714437929732623474545218      
   70.8936703457952708592441434849881535      
   71.8414289883728730759886550521029982      
   72.8011585565562464170902854254282517      
   73.7729699736654078974342726211958730      
   74.7569730645932706343447498341660983      
   75.7532764366573325046609803937281584      
   76.7619873571367239953491509865614128      
   77.7832116276507465476489633778070465      
   78.8170534555505189735559991705240951      
   79.8636153225077942295550435991018490      
   80.9229978504935034916357677772619021      
   81.9952996653419984355625333324165548      
   83.0806172580942308026757375673942911      
   84.1790448443027396866889963991740508      
   85.2906742214621359660272722106994486      
   86.4155946246991262377640610193441034      
   87.5538925808144926181770484818428596      
   88.7056517607142627806093178632025889      
   89.8709528301968092873979025697346591      
   91.0498732989752017457802545473023535      
   92.2424873677081055874729409450372028      
   93.4488657726863448171862562397791804      
   94.6690756276743270260880323195882290      
   95.9031802622346972576901247162549995      
   97.1512390556696524114145735455827744      
   98.4133072654926294813771000560773615      
   99.6894358490993339496039603489244108      
   100.979671277037510195236313682456010      
   102.284055335981756311132349806051791      
   103.602624919205104936495982893493471      
   104.935411802006679097194655005937279      
   106.282442399209797525829954206411254      
   107.643737501495091758793501304071461      
   109.019311986989114276852629480338138      
   110.409174504204686730272281706141687      
   111.813327122143685807969190598795594      
   113.231764943150159888812226170694273      
   114.664475673972284399571927429460368      
   116.111439150493660919873101395170709      
   117.572626811773862496477183554605097      
   119.048001119449566607416612070661688      
   120.537514919253604531066648366773301      
   122.041110742479139306903364269897514      
   123.558720046722980813538312501985090      
   125.090262397257341857779049586646794      
   126.635644592966225885655110647820951      
   128.194759743984531059848935276237583      
   129.767486312005976648826880207803977      
   131.353687128641887009831968892255921      
   132.953208412112282399859043114869899      
   134.565878807744781906516957379428923      
   136.191508482959512083401860627538897      
   137.829888312239276571545628415941846      
   139.480789191536787620820660702001494      
   141.143961524094253472997724304515085      
   142.819134920155887723853724920422832      
   144.506018150988820214070146699613660      
   146.204299392559967193262594646434339      
   147.913646785923956032448071851695155      
   149.633709329932955331341062044430922      
   151.364118107709233609295348679958463      
   153.104487832220035325604843786200934      
   154.854418679383917509774623401310670      
   156.613498360764994365608455358102822      
   158.381304373495589060070408972638650      
   160.157406353917014705362567066412808      
   161.941368454559554359272084930281655      
   163.732751662078792052477976972320079      
   165.531115976693842530394239443521444      
   167.336022381086446096107279933940070      
