   9.27416205628821198293646964239244649E-0004
   1.47170091594607580539020249787076539E-0002
   1.49237086125404548473200648528309352E-0002
   1.51331131797214629583350368289581816E-0002
   1.53452604197268061353737773884321947E-0002
   1.55601883884356548178318651680927445E-0002
   1.57779356458918415256020526220348869E-0002
   1.59985412634030874406004766392747471E-0002
   1.62220448307323776424626396678678098E-0002
   1.64484864633829465003228711087292522E-0002
   1.66779068099783582707735829065494379E-0002
   1.69103470597391911027656365900774652E-0002
   1.71458489500578554763690991740858318E-0002
   1.73844547741731006932585447807403403E-0002
   1.76262073889457854532022018238974271E-0002
   1.78711502227375108540066349196339388E-0002
   1.81193272833937364128454903207642532E-0002
   1.83707831663330219564286456537816589E-0002
   1.86255630627440605399892964001404756E-0002
   1.88837127678921899474541926045413159E-0002
   1.91452786895370928642321698584357675E-0002
   1.94103078564634185144730939790132332E-0002
   1.96788479271260814654598373516945358E-0002
   1.99509471984120164504369650136859687E-0002
   2.02266546145201914685578766075642796E-0002
   2.05060197759617051274833680522774621E-0002
   2.07890929486818182142552785829744616E-0002
   2.10759250733057938355474552969601436E-0002
   2.13665677745104451898516529388828788E-0002
   2.16610733705233151294082754985651096E-0002
   2.19594948827514371638824520055691333E-0002
   2.22618860455416534626489440248303932E-0002
   2.25683013160744917484614333080857294E-0002
   2.28787958843936297508102130896094602E-0002
   2.31934256835730031187020415961766455E-0002
   2.35122474000236403929147344019184604E-0002
   2.38353184839423368134625800868937151E-0002
   2.41626971599043074062116941706472250E-0002
   2.44944424376019889573383565800342310E-0002
   2.48306141227321901575720177827030782E-0002
   2.51712728280338193874467057872301925E-0002
   2.55164799844784503278895162481669504E-0002
   2.58662978526160168245691376921450985E-0002
   2.62207895340779602161045661596731243E-0002
   2.65800189832401846615547303854871603E-0002
   2.69440510190482088771191691914787593E-0002
   2.73129513370069361207226776360768420E-0002
   2.76867865213374982506863483157244595E-0002
   2.80656240573036642350718925720361635E-0002
   2.84495323437103386051107569803301832E-0002
   2.88385807055767110324981355061028647E-0002
   2.92328394069866544690081221557209508E-0002
   2.96323796641190061188410807385952161E-0002
   3.00372736584604029245940921360230051E-0002
   3.04475945502033812311702411028241173E-0002
   3.08634164918324888564970586004049766E-0002
   3.12848146419011969379155124642145879E-0002
   3.17118651790024386408391842875640967E-0002
   3.21446453159356421079133790795442998E-0002
   3.25832333140731658960633421032168458E-0002
   3.30277084979290865838532680164645345E-0002
   3.34781512699333302387985582529397492E-0002
   3.39346431254141820027497788958117532E-0002
   3.43972666677922511812871758307601187E-0002
   3.48661056239890129054837045716206614E-0002
   3.53412448600530916599844491589452298E-0002
   3.58227703970074967378035677475205594E-0002
   3.63107694269210649790519604911195004E-0002
   3.68053303292074119663010795134314002E-0002
   3.73065426871547391738639049860629199E-0002
   3.78144973046898913897671063360488700E-0002
   3.83292862233801060365921531481872061E-0002
   3.88510027396759437870838691745368623E-0002
   3.93797414223989380955995900595143522E-0002
   3.99155981304775499268108300262627022E-0002
   4.04586700309350630294995331135003812E-0002
   4.10090556171331045676524251966954657E-0002
   4.15668547272745257525789626183113651E-0002
   4.21321685631694272856046121430432749E-0002
   4.27050997092681649126313718272117290E-0002
   4.32857521519652211781387179909736879E-0002
   4.38742312991778804508492475543519277E-0002
   4.44706440002036952435405465924865497E-0002
   4.50750985658607843740285922786389840E-0002
   4.56877047889150532935138840346570752E-0002
   4.63085739647984799842566130429656404E-0002
   4.69378189126226608959835321529607790E-0002
   4.75755539964918631349648144425440403E-0002
   4.82218951471198807572234300701271323E-0002
   4.88769598837550444546661568334131467E-0002
   4.95408673364177851898184309702690048E-0002
   5.02137382684552033887452828017465041E-0002
   5.08956950994171459583170210255233703E-0002
   5.15868619282583436826627784354800175E-0002
   5.22873645568712113163592834399638460E-0002
   5.29973305139539618942029091971776613E-0002
   5.37168890792187352689563753785283294E-0002
   5.44461713079444886211977865650866358E-0002
   5.51853100558794434934642605255669444E-0002
   5.59344400044979297234924881343366269E-0002
   5.66936976866165113063360849597891050E-0002
   5.74632215123743226264615878622918349E-0002
   5.82431517955825854691508533461370918E-0002
   5.90336307804483176514110531763546460E-0002
   5.98348026686772827760086395808177923E-0002
   6.06468136469612674786528396009827785E-0002
   6.14698119148548071389981838394983077E-0002
   6.23039477130465134973709190207829926E-0002
   6.31493733520301876859871658870233742E-0002
   6.40062432411809292934378000945705718E-0002
   6.48747139182414764870532388378081963E-0002
   6.57549440792240326822389686973496725E-0002
   6.66470946087328576464285304074804086E-0002
   6.75513286107129008762511772082317294E-0002
   6.84678114396297884729157077766287165E-0002
   6.93967107320864570084221371153034729E-0002
   7.03381964388817429267246713580896578E-0002
   7.12924408575162275484860471532227685E-0002
   7.22596186651506276901407636209585785E-0002
   7.32399069520220108232927777148716509E-0002
   7.42334852553230861551171852950579396E-0002
   7.52405355935497994132102193834586467E-0002
   7.62612425013224260163630381170712689E-0002
   7.72957930646853073631733062265835304E-0002
   7.83443769568903321489475853126260956E-0002
   7.94071864746692007954156870139683611E-0002
   8.04844165749994440573117883552680404E-0002
   8.15762649123690887349951040943874718E-0002
   8.26829318765447732696964222482736497E-0002
   8.38046206308480178389105225551167123E-0002
   8.49415371509442427564013519539131628E-0002
   8.60938902641489685812022576505989654E-0002
   8.72618916892557083116548381883981984E-0002
   8.84457560768892988304486157638006785E-0002
   8.96457010503892438129832488726928535E-0002
   9.08619472472264832533805894270458535E-0002
   9.20947183609573804929700539971753458E-0002
   9.33442411837183123648956139723295743E-0002
   9.46107456492640311549647294910514969E-0002
   9.58944648765527166373132872470231734E-0002
   9.71956352138803800925013276344568481E-0002
   9.85144962835668845410846942400163145E-0002
   9.98512910271956967288335573980980699E-0002
  0.101206265751408951346174139073236914      
  0.102579670174259148079908694696308059      
  0.103971757472118355828204487724135385      
  0.105382784327145368101321122782001095      
  0.106813010975310796923829132991434766      
  0.108262701254979579125209752464889069      
  0.109732122656049850139026154822255582      
  0.111221546369646561741099375738917632      
  0.112731247338367616096148087758940607      
  0.114261504307079635055025855649529498      
  0.115812599874259798122223167750592505      
  0.117384820543879442318288866646403579      
  0.118978456777824332297248623547563256      
  0.120593803048845680356581748360559650      
  0.122231157894035107618970841806011949      
  0.123890823968815799270555814469675291      
  0.125573108101441109192065903989361901      
  0.127278321347990813958979695192755328      
  0.129006779047854091916531285630092485      
  0.130758800879687123414354155880182145      
  0.132534710917831946134878465843817660      
  0.134334837689181878052678844192252918      
  0.136159514230477410551781375671186736      
  0.138009078146015002235140898703739536      
  0.139883871665749617693341147118588121      
  0.141784241703770234613392119629159989      
  0.143710539917125774049623348724834997      
  0.145663122764977088172852972418036151      
  0.147642351568048685543648734236510620      
  0.149648592568351882527783018781900533      
  0.151682216989148873851552212106278669      
  0.153743601095125012169017730046978096      
  0.155833126252734192498146636098176545      
  0.157951178990679758493690481727307006      
  0.160098151060490804035848698279967436      
  0.162274439497150907744603279383315477      
  0.164480446679733603652002814631142627      
  0.166716580391995842268342332076074045      
  0.168983253882877606533458315226806357      
  0.171280885926852614824063040021114927      
  0.173609900884071629736351759056142288      
  0.175970728760236446223634386752408110      
  0.178363805266138929393220189388025493      
  0.180789571876795751122525205351708251      
  0.183248475890105573888294208899606622      
  0.185740970484951391670341465840873424      
  0.188267514778666747883411857040540898      
  0.190828573883780155042799579851304991      
  0.193424618963947964214542491394108710      
  0.196056127288981454872015206644074911      
  0.198723582288869664986622945896991149      
  0.201427473606694937626955829913095770      
  0.204168297150334060440818969938905461      
  0.206946555142833402481301017533409015      
  0.209762756171342429688615422559425523      
  0.212617415234485982128914332373851967      
  0.215511053788052019194992287849662812      
  0.218444199788868147210562537219156735      
  0.221417387736737320922121597653084839      
  0.224431158714300681858395530578171522      
  0.227486060424693724601482782698173398      
  0.230582647226861050705961158153985103      
  0.233721480168394856863763339463037424      
  0.236903127015763477124402864696809781      
  0.240128162281798625223212960552671801      
  0.243397167250313967480136651735657498      
  0.246710729997733330132904052166504854      
  0.250069445411614621034951119549658644      
  0.253473915205965598610254927229906976      
  0.256924747933260444752085880541638130      
  0.260422558993081725006203465949256191      
  0.263967970637331620415120445283697124      
  0.267561611971979111262176755418497118      
  0.271204118955337005062496446416071517      
  0.274896134392894439717709550907207967      
  0.278638307928767489856126023360112914      
  0.282431296033872962609058360928691581      
  0.286275761990979124017280686505453004      
  0.290172375876842297704208049140937675      
  0.294121814541700494916486357651254034      
  0.298124761586464988161015193326807847      
  0.302181907338028394282195352801882200      
  0.306293948823193626655126651015784791      
  0.310461589741822634809602247339573411      
  0.314685540439906811850393087373426779      
  0.318966517883372879210134706291117451      
  0.323305245633558480995659948954184269      
  0.327702453825420582817033558561776816      
  0.332158879149676365782000399534587207      
  0.336675264840220036875692128562098706      
  0.341252360668308648886192053527649017      
  0.345890922945164376282817593954426533      
  0.350591714534797738832216098478865448      
  0.355355504879014329349631917202857003      
  0.360183070036723400245561775969671420      
  0.365075192739817822218787198486301031      
  0.370032662468037467978768956195920401      
  0.375056275545358189198598673948223748      
  0.380146835260561429158191516835990100      
  0.385305152014730649205401276684476688      
  0.390532043498483685280578828182932267      
  0.395828334901779902844437204571542749      
  0.401194859159130385470424950445883892      
  0.406632457232981826236775519739424276      
  0.412141978437933441102968660083923388      
  0.417724280808273389830748051983204197      
  0.423380231511079850937846351956372634      
  0.429110707306814598842908595589849695      
  0.434916595058936934144077977272853248      
  0.440798792293576041981809471409962918      
  0.446758207809715144629982716402020902      
  0.452795762339655861157332765909607775      
  0.458912389258742981515775254234533380      
  0.465109035342437348555621346262394239      
  0.471386661567828712086610241957982919      
  0.477746243955587187557622636233313009      
  0.484188774447170772020015801909591447      
  0.490715261810854108621931790866625303      
  0.497326732568844983363689865851645353      
  0.504024231936445510941557101076791197      
  0.510808824762944292028592954197593107      
  0.517681596462760477523997236846213133      
  0.524643653924389715309229526088592493      
  0.531696126384039875419025665844288791      
  0.538840166250637981602550531278015105      
  0.546076949869321673018340231251245701      
  0.553407678211821842764339468198939363      
  0.560833577484564776222342199799059626      
  0.568355899649180429639971968066155094      
  0.575975922855744502685681369739849773      
  0.583694951796875920479286082287320416      
  0.591514318001130079647244546135499205      
  0.599435380097313150870800005252700111      
  0.607459524097653137548368941603330448      
  0.615588163767317214676495956366248425      
  0.623822741170457679280604719453457447      
  0.632164727508392143014360687367717223      
  0.640615624392874935450181324299792465      
  0.649176965725433435388267891599778483      
  0.657850320380660765742455777815765262      
  0.666637295914934800817000749844168139      
  0.675539543539654684530992357875936865      
  0.684558764606956906493593645082478757      
  0.693696718853328618940267531692558813      
  0.702955234630428954482131794721821087      
  0.712336221321566899131957310512389696      
  0.721841684096840226982156527554156215      
  0.731473741101756937895873408284993381      
  0.741234643106856074192649347492582107      
  0.751126795574652449780647366433918978      
  0.761152783031548789164690357284595427      
  0.771315395573055331487530491071847864      
  0.781617657287212113663372644814431173      
  0.792062856358757570155120554682062868      
  0.802654576618620266949110581207614294      
  0.813396730330662551554938985883705701      
  0.824293592058816231690588526567749995      
