   6.87033632443685167883685820060566897E-0004
   1.21168913889307441927939075262786041E-0002
   1.26394816452183087559475944198790937E-0002
   1.31827683821834150619522499442578527E-0002
   1.37476210275930984804830230620716943E-0002
   1.43349441249337733923867093875736401E-0002
   1.49456787874590869946278704158457989E-0002
   1.55808042107833917199447049731124047E-0002
   1.62413392461013420695544658972970743E-0002
   1.69283440363172433016506024790041681E-0002
   1.76429217175432713185175737371671599E-0002
   1.83862201885811310033743477992109775E-0002
   1.91594339511429688939440345651267365E-0002
   1.99638060236989184431789634491714861E-0002
   2.08006299319640233710070125968936122E-0002
   2.16712517791591616871181804456285087E-0002
   2.25770723993010782990457539955662849E-0002
   2.35195495968973575583444422486434566E-0002
   2.45002004765443961569743573723492541E-0002
   2.55206038660511589664177757167095433E-0002
   2.65824028368394874362409990559139454E-0002
   2.76873073255035882249200716257953251E-0002
   2.88370968605475392900469851614931391E-0002
   3.00336233984605981052167262546871144E-0002
   3.12788142734360998287260060812157728E-0002
   3.25746752651910623211254506302757587E-0002
   3.39232937895005099213798684909636792E-0002
   3.53268422162232136963688431110319600E-0002
   3.67875813197642456342986248229703981E-0002
   3.83078638670946918460757724391236909E-0002
   3.98901383486303126215766049057522350E-0002
   4.15369528574592535532998620499345666E-0002
   4.32509591226041043678117735697907131E-0002
   4.50349167022068635557315163521184195E-0002
   4.68916973427360199513380725998885568E-0002
   4.88242895105347576557353231345038937E-0002
   5.08358031022582019228938244140705376E-0002
   5.29294743409868639195279430525145754E-0002
   5.51086708650539576744266680978351020E-0002
   5.73768970168876504824896570307336798E-0002
   5.97377993394468846838385694441885585E-0002
   6.21951722881236060137621623519091169E-0002
   6.47529641662971433959753461697280122E-0002
   6.74152832930626522345378770889513041E-0002
   7.01864044120157211498974710449580746E-0002
   7.30707753503690987544879659942074720E-0002
   7.60730239381063189485418170785651191E-0002
   7.91979651973500993352867813322980657E-0002
   8.24506088126510618517481401666619171E-0002
   8.58361668934902325612046168665919564E-0002
   8.93600620409549461121467837385496709E-0002
   9.30279357313021982708267127787592975E-0002
   9.68456570299849000624062169472699488E-0002
  0.100819331650705119100069659782082753      
  0.104955311375195721115367673774880737      
  0.109260203850748104562958097800944544      
  0.113740882784033173752015570076140021      
  0.118404498551552832410058090173555418      
  0.123258489249175263755955069512287391      
  0.128310592205740865639731434753005684      
  0.133568855988815744692662052486778569      
  0.139041652934513925549209642679233010      
  0.144737692238200602602963211587157491      
  0.150666033649240237528492704162506328      
  0.156836101821332245745457398148009300      
  0.163257701381132964844751015766351801      
  0.169941032792730276799494043459640039      
  0.176896709115204051538296978118948376      
  0.184135773776118252804270381634447850      
  0.191669719516357652223235400493821656      
  0.199510508701823380264856836915201836      
  0.207670595244844155457577332619394074      
  0.216162948431072585625657764867335354      
  0.225001079002522810608234801462825664      
  0.234199067898375179692271752793910045      
  0.243771598094059248591133895921155561      
  0.253733989996259747778760165782284433      
  0.264102240837565883254846644305737664      
  0.274893068463845566083951082850505538      
  0.286123959822855572055572267267010784      
  0.297813224361401416858265768160371126      
  0.309980052459015362397059768351729070      
  0.322644579034209067482892378786179069      
  0.335827952650843835658987909741371882      
  0.349552410951441225951694376612292821      
  0.363841364193852375683420400570738348      
  0.378719490206480326286489784587183740      
  0.394212846305525049039418752216904895      
  0.410349006652330247481201378138093812      
  0.427157237060589681978501600343047155      
  0.444668723141850814848149835438177788      
  0.462916871562292204062799015865127531      
  0.481937707788751156987612478760743235      
  0.501770397042447299821904516036134750      
  0.522457918854554913631298405195479319      
  0.544047931023518359778258406272355600      
  0.566593868123434660361766423256037779      
  0.590156335858941694030844535148892093      
  0.614804888756625877090133011737215684      
  0.640620318541378312712479571764148930      
