   4.23335335404750771796326942499887077      
   4.16966864391402994753374246927666623      
   4.10651697108707082239735412810608982      
   4.04377217574775562195130923460664261      
   3.98130573321660237433666411605776595      
   3.91898530036937719629587048239110624      
   3.85667311229236696220499256139253862      
   3.79422418327848996773900927003667468      
   3.73148425363168122458630700016709707      
   3.66828740685245346706193074443123299      
   3.60445325899555784968306656350847719      
   3.53978359100132780829831071488125183      
   3.47405825225266164788184656736308536      
   3.40703010459086671656567235961604732      
   3.33841869319171694090048476437285201      
   3.26790221276607064328659436391729839      
   3.19510716617468484947399674196119926      
   3.11959485622908952341314051292060129      
   3.04084345095306402120501930693172558      
   2.95822369712133119275346108001427109      
   2.87096516253909084758581756520857955      
   2.77810756651669353201207085621205491      
   2.67842695620150623747166895231606934      
   2.57031620994694183083442498776091068      
   2.45157704397022049826515649272395711      
   2.31903075198848071690436845768536281      
   2.16773092940798654584312403540093755      
   1.98918750912454672582186652222680938      
   1.76654543773577902930794436765505987      
   1.45610932689963476514988616805566653      
  0.793957464481991668605862977595165632      
   9.80019753897495844897073219665125512      
   17.5912876627437264799727021785837464      
   24.1258097090794731027361030629318639      
   29.9385949930390572058143629977575090      
   35.2546591849154495782915994713496491      
   40.1976553900380785944818289692236927      
   44.8452343081103664245490685470118904      
   49.2501808707643835740176915438234234      
   53.4502601695764522455080997154575232      
   57.4734192066862224884561806204642240      
   61.3407602461105198043426415749775996      
   65.0683004172565051996410507663803620      
   68.6679636380404415612313900227262029      
   72.1479237128359566992586324126638003      
   75.5119284527827328150266722755814450      
   78.7538904461291890978694780343455062      
   81.8570655586760537067215605441630662      
   84.8759901954176023835776054213610732      
   87.8175935936041143252929207145975792      
   90.6865154520124486683274278107104738      
   93.4869138264508877130654996277073154      
   96.2225332276738587928458730264022174      
   98.8967606149234393706654996452632573      
   101.512671911147443732195439299884405      
   104.073070992554907347949756262921069      
   106.580522628158138454084137306670300      
   109.037380501269902619532784040420637      
   111.445811193474394006963500195982778      
   113.807814824719149132275047231422103      
   116.125242902366405217124534219385945      
   118.399813824487477261277699627628215      
   120.633126399457502957954255226048765      
   122.826671678801713161957025497500864      
   124.981843348701431908933864992687917      
   127.099946884390929859909753392858801      
   129.182207638462739593464483215522303      
   131.229778007086268468084465936155030      
   133.243743795990268975973118018988644      
   135.225129889845683591780328544300348      
   137.174905313495612763761647323425347      
   139.093987760747930542936367893203611      
   140.983247655893522877793986184112513      
   142.843511804307781365005333497109670      
   144.675566680498099367687644114646819      
   146.480161395923360231676014076221330      
   148.258010383199396154891162565430461      
   150.009795828649619055077911547216108      
   151.736169881118069511344486809234537      
   153.437756661482946447474103950188054      
   155.115154094308555947150239937909470      
