   81.7400452933505755287497666325070652      
   81.7369829321362559161162635458563839      
   81.7318659383887877502566492464355664      
   81.7246788171069092646157416256954347      
   81.7153142691112513355480484438167157      
   81.7032510246316832087617035577988584      
   81.6871237708919762155613062305885351      
   81.6645597796197055009924405093834848      
   81.6323663368318888965851159506847274      
   81.5868654152965965127291375756293547      
   81.5241707007577325089038466898578125      
   81.4403329233994294572814054861370123      
   81.3313889635889207663752626179535441      
   81.1933864729439693416804801430288680      
   81.0224357946170938277442449000923885      
   80.8148030036420062865707310213120836      
   80.5670287389274906074794220297972508      
   80.2760456561102578633666519076950921      
   79.9392697705036693722789983933042158      
   79.5546508798859404342396983951308603      
   79.1206785382548910560351328043918802      
   78.6363488858320957533437830630526169      
   78.1011026006909659625708873871243008      
   77.5147455760658924321796642643242583      
   76.8773627352538294672463755236356684      
   76.1892329034646555846662350339464893      
   75.4507498451459765600482271432317177      
   74.6623520490549427722128942610910698      
   73.8244618696064836304404258981615595      
   72.9374332437044356846759445158383288      
   72.0015063062555028425711648997296057      
   71.0167666808964151017993657062259074      
   69.9831068769852761531502071135623326      
   68.9001869426451982113963617863431118      
   67.7673911789071496097827780648105838      
   66.5837771849615046255964013907936558      
   65.3480126209211191056638608160909411      
   64.0582936251841961323943177424957764      
   62.7122364529808221359585773070856714      
   61.3067300097206429815452467548943794      
   59.8377304451851621632166606137385420      
   58.2999677853540511010181868394846836      
   56.6865145944892456049147142902945567      
   54.9881291989767767602431131996431590      
   53.1922114304904958388677020899538308      
   51.2810487769102790513587354877047102      
   49.2286524157852842319179074078528041      
   46.9944649769832844861849560575983527      
   44.5089343890928934062597240906888601      
   41.6316941722780809054901564453755627      
   37.9421959451586934797247522199935832      
