   5.75680180862328832789351832007182886      
   5.75669425692932188045342259455682127      
   5.75651514993322422471306682713598759      
   5.75626515783696746065825434693080231      
   5.75595074113892759969884591670766922      
   5.75560333005164824995299966163680429      
   5.75530298423353216419590694854938737      
   5.75518409089945189721283661638262907      
   5.75542004521267600789729332537909869      
   5.75619988719558993664834197151041896      
   5.75770872353118056557725314897992209      
   5.76011704244732619997530169380923276      
   5.76357889021003630154411000721474310      
   5.76823611547849424395151466003354215      
   5.77422496599425088998204602750105118      
   5.78168181015994724263577088027057991      
   5.79074608575923168443547411549435782      
   5.80156005650592269296313802477872421      
   5.81426605464391876750379921099535534      
   5.82900240076137385663122459030320225      
   5.84589919309891788725815020229029497      
   5.86507485104665068974138854484913191      
   5.88663388903943203217251925954280314      
   5.91066603167659614850709688986626421      
   5.93724652663636708559286989965969291      
   5.96643737856939058320818569760475499      
   5.99828919034389898675742435775481834      
   6.03284332398472293941633873047239588      
   6.07013415040160176108885528561797592      
   6.11019122188359436807583200535467379      
   6.15304126038573344131713183884977031      
   6.19870990170085530008147204585554847      
   6.24722316850178160620469299133423037      
   6.29860866549383568699084675255515439      
   6.35289649844954117922629158432326611      
   6.41011991796690441966285611438769174      
   6.47031567883751373293335439177634823      
   6.53352408634366498495254453646512965      
   6.59978866959028771151742283016318321      
   6.66915537334308040440271300552656522      
   6.74167108484277890837889219230222356      
   6.81738119283590972386627385802604282      
   6.89632568222854617776310890367957312      
   6.97853294383184352039834904282852966      
   7.06400992344799933341750931521806864      
   7.15272626684429569588348127935800789      
   7.24458844819053463969329234549546157      
   7.33939733433232967561876207037751028      
   7.43678199340293449109883236792766124      
   7.53614111858854006737953859353978033      
   7.63751505392915380668435167963165445      
