   25.5609701966351035855553396936628096      
   18.1244481185036589916585934651051279      
   14.8101904266112475860353237003934954      
   12.8299681938192390580603150811956253      
   11.4767530474077616800116088387741270      
   10.4767593715811898290760074013662161      
   9.69864181961418608835586300682483921      
   9.07039467532081498125073985322504946      
   8.54874219587954674423180520829828457      
   8.10587022695699358422643893669827379      
   7.72296493143862907263142390773133194      
   7.38677491490305570215519780181164808      
   7.08765224240557017468551187914246967      
   6.81837622979956169384899121629712810      
   6.57341845429341808012580229143920560      
   6.34846826633014929095003697739763917      
   6.14011703586672533191516745947734793      
   5.94564123660508379610626083175839089      
   5.76284822300466326568240236382781562      
   5.58996268034828722387878592097203714      
   5.42554031965994053475337201351314220      
   5.26840061033456747107269385612944997      
   5.11757346039792322634886344233060637      
   4.97225656835148431436537960758962135      
   4.83178120510725972618093535383725778      
   4.69558477606490866176986675902312967      
   4.56318886780957912851142258332444618      
   4.43418171803610013775300336673890499      
   4.30820422168884888805909387444581395      
   4.18493872855311199679256595624426732      
   4.06410000848223588633369821633017798      
   3.94542786304066776592790377632380242      
   3.82868094674877082881831412136043864      
   3.71363142661384405026677768416730574      
   3.60006015404340199441366253651318399      
   3.48775204680112142296880314104206962      
   3.37649137663332623141268037504073094      
   3.26605662385533445612391145525620246      
   3.15621448038934464015858945317750938      
   3.04671243352940252450633661648846433      
   2.93726909879908432813881718042657973      
   2.82756100448286177051534564120395748      
   2.71720368783080931170652300754882796      
   2.60572337265225894087583849045382748      
   2.49251231870636309093141678575865556      
   2.37675408691571469711762569757755368      
   2.25728873164513571881959869172277981      
   2.13234414846229383932064223615018999      
   1.99891790499512953559193004014746775      
   1.85097623763632806811149156053632852      
   1.67036454437961386461863145608730388      
