   64.6490882715240698604312083494197253      
   63.6842268058412049414943133816604904      
   62.6926156861322570032841770033423098      
   61.6737691557504076947395221406365820      
   60.6270297845499956938403111924381215      
   59.5515385835108876136286505832897598      
   58.4461989020234753988312077939823055      
   57.3096322218056957239647164554582946      
   56.1401232777891755068578616446929727      
   54.9355509545143233103542166057317836      
   53.6932999726640973278489930518883873      
   52.4101462475699804093160551687258144      
   51.0821055654268590171994580591885753      
   49.7042302062599032617493792055880929      
   48.2703301822899392311811166211378663      
   46.7725828071064516646175110772398589      
   45.2009726545875263330572870891378754      
   43.5424666821377682717557669686423467      
   41.7797630068525482564395027808782330      
   39.8893294736624066837056187092302154      
   37.8382105292638605991897754350942316      
   35.5785776495815420775311408164250775      
   33.0377437703129221093136826257001384      
   30.0973577567616835771711799415371437      
   26.5394602967811956175786176778375488      
   21.8584699263306288998773867284465442      
   14.1056990637246400950187786632800419      
   2.40155655024241151358731116194752812E-0004
   1.05180032383689127180421614658676193E-0004
   8.49467807152160802068548420253878511E-0005
   7.01211890145306169560365398379761593E-0005
   5.84740327735049799078776099055432973E-0005
   5.87789093078839000006900830745528472E-0005
   7.10262655725821002829735014439461555E-0005
   7.38412507189588535876083785035562997E-0005
   7.69494686478818811530129436670214211E-0005
   8.63074867545566832999456544740904946E-0005
   8.16572769942042601056772354574531213E-0005
   6.71995926956839190984337701602083707E-0005
   5.88883505468298818024122588357907012E-0005
   5.28497647923310114093890607459807576E-0005
   4.60549892548595331935636000987315554E-0005
   1.55481606105966415088584214263925513E-0005
   1.55435815857884460348383022748841122E-0005
   1.55397695342156832287399549156872258E-0005
   1.55365779622795383293791654164054633E-0005
   1.55338909571183191836980701116981899E-0005
   1.55316163792516913305004623205107565E-0005
   1.55296806520371101214406295943659071E-0005
   1.55280247530002210927688810655565774E-0005
   1.55266011165663099944218100525153713E-0005
   1.55253712318953148619516792404498862E-0005
   1.55243037732340692434030891924282004E-0005
   1.55233731397252628232897152607569686E-0005
   1.55225583110557815726220138398661802E-0005
   1.55218419474550161749128695908080056E-0005
   1.55212096792866600296298743056106264E-0005
   1.55206495441852830425156196488677636E-0005
   1.55201515393693467266820118128341591E-0005
   1.55197072641536686288587894523457715E-0005
   1.55193096333393994659817171821109464E-0005
   1.55189526464940618663584167764565766E-0005
   1.55186312014632747567329994672355815E-0005
   1.55183409430179327258738809429261035E-0005
   1.55180781395170357986332165393381025E-0005
   1.55178395819947833751762907391114049E-0005
   1.55176225012658648967084718839616299E-0005
   1.55174244995645003962570260220238384E-0005
   1.55172434939518323423317739434416346E-0005
   1.55170776692888815511861788767226341E-0005
