   277.063994752807950380999828051341283      
   277.054327991375339132886413204767162      
   277.038180646394532378450515601994857      
   277.015518774396774460241653896187563      
   276.986215181390183313760201571743595      
   276.949621814926701000755553538587510      
   276.903795277110939727168267893279378      
   276.844889010105382833870181274640328      
   276.766949869919533458539135344699313      
   276.661764814383104030318869583065957      
   276.518414588525815292674640901277893      
   276.322693245589491766566175701525570      
   276.056862779034758264189141196724406      
   275.700045872243321754957336057868251      
   275.229179798029952680314224071468521      
   274.620188517062239772185157168130440      
   273.848986059266865566965013271453631      
   272.892041184068615088616042122025878      
   271.726404972534528464010055512901983      
   270.329246444882680043569882992921965      
   268.677016466978446780472890634300188      
   266.744366096652424512210379284471527      
   264.502904525130145839775410410665399      
   261.919821226413768898204477939207536      
   258.956336151949731071927125608039621      
   255.565887372824952002277605168982515      
   251.691911558003449005226362987275955      
   247.264998951615937685056693450762245      
   242.199063020567427445708145973436702      
   236.385833467000545306759815869898019      
   229.686128469386026144234824129359973      
   221.914047726448443184809059272222988      
   212.803562541294072014889455537066270      
   201.925311789321919185136671062068740      
   188.428654678035121266590440610979642      
   169.693121178800258291057701376071169      
