   2.63832749831767334627303024877432574      
   2.63841925767091098456395721883128340      
   2.63857210058560169033926455270925787      
   2.63878575728225817176061555616340922      
   2.63905835665190479386146858302828443      
   2.63937961568292646512282768360214298      
   2.63971932019438913623204147939465439      
   2.64002002421901525210992957177113271      
   2.64019886107731281831277271816910977      
   2.64015507807125026309554411283154796      
   2.63977718885433551871848665213247772      
   2.63894511459153255389721225515344874      
   2.63752584147941560284213367342239868      
   2.63536447141450333266170807754236634      
   2.63227455017478946579196888838634829      
   2.62803145772652466302521370283572766      
   2.62237097755833639216467551301505431      
   2.61499309979010977501287235200389353      
   2.60556959964475044633059438026025546      
   2.59375333011778304441843044247249286      
   2.57918735993753014264380760115466620      
   2.56151274944565148513283541010103024      
   2.54037457747709909739372131626291187      
   2.51542663248040613703494871949277374      
   2.48633593428706984287584106547733424      
   2.45278905503558881545387621620922387      
   2.41450323465694248499388804031138568      
   2.37124674612639055102023069092744658      
   2.32287501351804844228124077965854230      
   2.26939152222295579691804186400573285      
   2.21104481683199054485486520054209549      
   2.14847291224792121453495319032414156      
   2.08290163425066038459641925497297925      
   2.01639553388219369062958138375313858      
   1.95216708682861648608328776580256339      
   1.89479166876249336563083159224305600      
