   277.063994752807950380999828051341283      
   277.054327991376201872858287044696376      
   277.038180672286391907104845582934950      
   277.015523493964962998576091101027144      
   276.986326294971573534838194914462756      
   276.950559702325259442050496063368878      
   276.908196653092907185829420771896740      
   276.859213771973835549452877839204376      
   276.803592568844868602993079575155293      
   276.741320427628946101791837050802886      
   276.672391363891392405832372826452235      
   276.596806522490574106100413101589494      
   276.514574336397853594829050512693415      
   276.425710154936448387604061963658627      
   276.330234975374240565457353422235240      
   276.228172728528217247525330965146131      
   276.119545463157074022122022113695478      
   276.004365834578583366426259974825691      
   275.882626565139081502218662517351036      
   275.754286957757929963846846863825673      
   275.619257016684336130302328883843468      
   275.477380140409461794811658507785998      
   275.328415616410184137274817499673781      
   275.172022222788166956440575136398912      
   275.007744134723791838716520485543143      
   274.835000088152428772990933705842424      
   274.653076425209001097236684165824720      
   274.461124294168210777112286772627950      
   274.258160949773854629310359555067083      
   274.043074829029319087050325602385134      
   273.814633877080883049548601025488622      
   273.571496477938941482138915877240062      
   273.312224283653089214784069379138261      
   273.035296245338770269546980127204012      
   272.739123189362317612068202503703596      
   272.422062361220271794863010458956946      
   272.082431448967833330107775405611466      
   271.718521699507382928278160396886756      
   271.328609835968501725261621994986680      
   270.910968577933190727476826003585178      
   270.463875644533981560263724349599234      
   269.985621191840222736698168815346965      
   269.474513688549933512491628667573931      
   268.928884280338539897131615377805026      
   268.347089722766549825111993738240310      
   267.727513985236053153361985437234621      
   267.068568639658791576452968129977170      
   266.368692153238307423332998646606839      
   265.626348202077059811770177873148789      
   264.840023117501701651426972797746438      
   264.008222565440282659012251426719018      
   263.129467547693681208175133726627569      
   262.202289799220651071978141030469057      
   261.225226639007192720813048518297967      
   260.196815317169386659271973233902022      
   259.115586883140227959981307147020168      
   257.980059581527771225390468569989518      
   256.788731769067243084294894856702500      
   255.540074323179951096662692993252981      
   254.232522498131144659646840377409835      
   252.864467166935501691050820130456441      
   251.434245363054870734520675128382495      
   249.940130017744222421109535935192996      
   248.380318765331680276185253872867102      
   246.752921655978563086243452892026680      
   245.055947591118666650472490848433707      
   243.287289251897057308921398870440482      
   241.444706252112826384885804686461280      
   239.525806183308334176575128148741931      
   237.528023166724451752178217951240803      
   235.448593426695992455691460095580717      
   233.284527306728921149672126123234934      
   231.032577015592777048312276995585253      
   228.689199220361037198443818911042168      
   226.250511391782641452505136492478510      
   223.712240528495460041725129383238171      
   221.069662524070838930480727417588310      
