   2.63832749831767334627303024877432574      
   2.63841925767092640733995819541989510      
   2.63857210103611414717227677521753813      
   2.63878583738208172650016633913986082      
   2.63906019958987120146007893744039572      
   2.63939484330872454365556996948645347      
   2.63978934763374429454646892478686499      
   2.64024321804088193221295279912310712      
   2.64075589154507642237587425168495019      
   2.64132674375087216303470781695639581      
   2.64195509719828082621133746432575028      
   2.64264023010707234535596961573863662      
   2.64338138406792170139211350820409514      
   2.64417776841836768289056799073926374      
   2.64502855809445388308175372829106742      
   2.64593288091066163644732330772251318      
   2.64688978971038670824653926468348960      
   2.64789821495764182366870188868321832      
   2.64895689440302105716129653380888786      
   2.65006427849464409419003431699899052      
   2.65121841309114454204261460973901424      
   2.65241680421687579683223560064173566      
   2.65365627249785462566456582648699622      
   2.65493280695470172890626372456812886      
   2.65624142866460971424191112304597010      
   2.65757607439024558253921855593702833      
   2.65892950875740907634126148663196783      
   2.66029327126638388342142412494854266      
   2.66165766173511141529346317928327579      
   2.66301176504492532728585927065742522      
   2.66434351356254832849185149403597010      
   2.66563978360254317541864420627626226      
   2.66688652073435040832091596761755310      
   2.66806888786158248582440305578046005      
   2.66917142953129812768681571230897126      
   2.67017824599825737497854735267334535      
   2.67107317092922048278475589054333816      
   2.67183994729547907349291397959107998      
   2.67246239677800057351166734443585781      
   2.67292457891225693533851266467611678      
   2.67321093707103971037072608616791377      
   2.67330642926412940238660016248154743      
   2.67319664248848490122694905734206193      
   2.67286789007827304520910666381813985      
   2.67230729206859367811252228815184902      
   2.67150283907361728287499517922261919      
   2.67044344054074926912828895024276141      
   2.66911895852526294420470307211677046      
   2.66752022830616094762916796978677621      
   2.66563906728996492295885398752929171      
   2.66346827368587446615890226207718257      
   2.66100161644677238586633723182331181      
   2.65823381793055432710163882997447299      
   2.65516053066202991758580843344917271      
   2.65177830950243140354060256324179014      
   2.64808458042616935856120675656896992      
   2.64407760698886894645142318265191834      
   2.63975645550160722041311702489582485      
   2.63512095977615589373030652461194875      
   2.63017168624166962880118642879135728      
   2.62490990015603000303842674587195854      
   2.61933753352429098915225849727441476      
   2.61345715530828575421705288328111587      
   2.60727194447252463665880053497707576      
   2.60078566633692274617170040706172322      
   2.59400265276675215496820669952650698      
   2.58692778667829203356327360316759156      
   2.57956649143337408967965472870582428      
   2.57192472567958651504658553254449099      
   2.56400898442258860048191312471881036      
   2.55582630710487268575605674508591320      
   2.54738429375553203180725195557303485      
   2.53869113050921272083908624089860086      
   2.52975562610185779691629246831432540      
   2.52058726142491281752395272619406361      
   2.51119625479937964688205347996716523      
   2.50159364641716425242961508686073729      
