   51.0406496719757435464676280994432676      
   49.2356098969096271286762001583531383      
   47.3124215943523553478577534411706020      
   45.2419913563695739845696112901184055      
   42.9795425895267186683637002649858515      
   40.4510248057431833930475796981526432      
   37.5223099577177606224597093581815631      
   33.9335026144184462912770414516590235      
   29.2303557376734910329169650212075527      
   22.2458189228584892873872811391975184      
   7.13057026975825897136793525892594119E-0004
   1.19940773326068542313174406005933117E-0004
   1.15751132864091116803552285359833369E-0004
   1.12266950361673629514717133671731061E-0004
   9.95564426925288751406863012214479561E-0005
   8.65573281653898869345222780203359906E-0005
   8.16690811620221200859994241436344374E-0005
   8.99770266342072115861740874211163931E-0005
   9.02694330653188768579119385462722872E-0005
   8.78217033257446019272419538480281271E-0005
   8.77747502414716912372805277359714947E-0005
   9.38242399710506764162522012725355233E-0005
   8.34675433214365555525508296329765872E-0005
   6.93225304669681385998156225633129863E-0005
   5.89500001170873227005242737071803004E-0005
   4.88447635293452271862230371047155339E-0005
   1.55200220852072361758905786076427073E-0005
   1.55198034549059568938226392790501480E-0005
   1.55195792200722919907306420395268249E-0005
   1.55193532829267560488746061611920628E-0005
   1.55191288492826249816866063420931531E-0005
   1.55189084596603307761287357109887927E-0005
   1.55186940492168963753435840018737993E-0005
   1.55184870238965313030065847772400858E-0005
   1.55182883425809834525480548146642920E-0005
   1.55180985978150412392137702185303709E-0005
   1.55179180903182278545488353069155514E-0005
   1.55177468946698753419624622026003162E-0005
   1.55175849151744025831057284330551900E-0005
   1.55174319320065134927171702577872571E-0005
   1.55172876383941936293907982689780566E-0005
   1.55171516699306365171764185779458514E-0005
   1.55170236272168135126495957911559460E-0005
   1.55169030930076662171794354508304384E-0005
   1.55167896449287452465039029599452594E-0005
   1.55166828646890512845980016554901939E-0005
   1.55165823445668170798079870631349190E-0005
   1.55164876918036316316142054878167102E-0005
   1.55163985314165093509284813270616908E-0005
   1.55163145078301224675462585248725481E-0005
   1.55162352856424953317776337486633843E-0005
   1.55161605497653990284263528715739847E-0005
   1.55160900051233110846600348433233973E-0005
   1.55160233760497167596504172450360473E-0005
   1.55159604054844813618750667832122648E-0005
   1.55159008540490569605121162515492739E-0005
   1.55158444990556175837900558287242136E-0005
   1.55157911334906267482607775529251331E-0005
   1.55157405650015027374598208909072714E-0005
   1.55156926149062383131767977185106292E-0005
   1.55156471172392598757856746555298628E-0005
   1.55156039178419700417602371523029779E-0005
   1.55155628735028807816102192486260869E-0005
   1.55155238511496784764213762076852384E-0005
   1.55154867270937586446649426638244338E-0005
   1.55154513863264784181226318994582906E-0005
   1.55154177218655237775781771500866581E-0005
   1.55153856341492222783354890077680005E-0005
   1.55153550304762912714651087417967918E-0005
   1.55153258244883285756195967388145309E-0005
