   1.21128102486677900422200207338283287      
   1.18569928342841844969498884463155469      
   1.16034352777884547302484537028652608      
   1.13529659141568055202756196372506496      
   1.11066408026049956385258315671225309      
   1.08659027941122558664056976389263623      
   1.06329390186133223078155601899129398      
   1.04122274723850358028530597549284291      
   1.02199612429432370685944025347750919      
   1.01115176422982067457463756569832392      
  0.922978402755632723569319325327319287      
  0.861284352507537596208337761844962975      
  0.833441123939880416185938208144027447      
  0.805654238315373122365727175255553257      
  0.773902625299468965159696088793193268      
  0.737265111981286011270519582955888266      
  0.695727591684781597472161685787041733      
  0.649651981934726632993407183643551491      
  0.599778873634942606616183958202814943      
  0.547498122145802821881019734125097970      
  0.495019064008467238796561067865271468      
  0.445113799173369944773179475140007907      
  0.400568806562387927252939130850232295      
  0.363744476323145577796284005822506866      
  0.336508372442722696566915148050445545      
  0.320761244120837219349437785807822063      
  0.321877353912471761606645589518656243      
  0.329936487651075543550818773614957627      
  0.337866344071060808787775559719130275      
  0.345668754266533292211188456458548444      
  0.353345547399793737978326744929387804      
  0.360898547424288584098542310106395697      
  0.368329570384988923049334115805311685      
  0.375640422219043477348680160545498487      
  0.382832896986199280498222007664389620      
  0.389908775467702641070682255601819927      
  0.396869824077556228374134040127903400      
  0.403717794037551161003317411343399060      
  0.410454420772733715292159004798711533      
  0.417081423489292780615476708418660020      
  0.423600504901616193624818319088523747      
  0.430013351079576908291395604961915325      
  0.436321631391195063675408223598943284      
  0.442526998519134590747315640806299777      
  0.448631088532288233599331689056268028      
  0.454635520997377222025507206254024648      
  0.460541899117316985286248605715189701      
  0.466351809884923066187606537881255301      
  0.472066824244127866196785133211334866      
  0.477688497249925840952320782096438964      
  0.483218368222699074956191673732575665      
  0.488657960891517788100036588504298330      
  0.494008783523474732632535659824393629      
  0.499272329036667165891259486311815485      
  0.504450075094300950303956363773179456      
  0.509543484181401012384904806865007823      
  0.514554003660890714619089226243719754      
  0.519483065811064005376796032449968296      
  0.524332087844461656262624010469955420      
  0.529102471909303705229058527189925811      
  0.533795605074346365973010635157760276      
  0.538412859298610355162703525084058357      
  0.542955591387892547519367364769535506      
  0.547425142937530891969676584011572153      
  0.551822840266887976421224607840353003      
  0.556149994343675280981516622001379137      
  0.560407900701414237226935515447930012      
  0.564597839351245745383816827249806479      
  0.568721074689936441306709060661760750      
  0.572778855405227044407041193990585852      
