 0.13957755888755E-02
 0.19120207702102E-01
 0.20554702033954E-01
 0.22096570345935E-01
 0.23753992514809E-01
 0.25535741545238E-01
 0.27451232351826E-01
 0.29510573625826E-01
 0.31724623057068E-01
 0.34105046219335E-01
 0.36664379459328E-01
 0.39416097157170E-01
 0.42374683751967E-01
 0.45555710950786E-01
 0.48975920564761E-01
 0.52653313443225E-01
 0.56607245005821E-01
 0.60858527905025E-01
 0.65429542386901E-01
 0.70344354957013E-01
 0.75628846001444E-01
 0.81310847059901E-01
 0.87420288499340E-01
 0.93989358392561E-01
 0.10105267346711E+00
 0.10864746305613E+00
 0.11681376705392E+00
 0.12559464895778E+00
 0.13503642516042E+00
 0.14518891174921E+00
 0.15610569016672E+00
 0.16784439319339E+00
 0.18046701282871E+00
 0.19404023177185E+00
 0.20863578033780E+00
 0.22433082079112E+00
 0.24120836123770E+00
 0.25935770138634E+00
 0.27887491267744E+00
 0.29986335547740E+00
 0.32243423625535E+00
 0.34670720789513E+00
 0.37281101655217E+00
 0.40088419874271E+00
 0.43107583265527E+00
 0.46354634800188E+00
 0.49846839908265E+00
 0.53602780612463E+00
 0.57642457037579E+00
 0.61987396889281E+00
 0.66660773545831E+00
 0.71687533460446E+00
 0.77094533630848E+00
 0.82910689956705E+00
 0.89167137375413E+00
 0.95897402742819E+00
 0.10313759150822E+01
 0.11092658932335E+01
 0.11930627982353E+01
 0.12832177992627E+01
 0.13802169410994E+01
 0.14845838926223E+01
 0.15968829182770E+01
 0.17177220913493E+01
 0.18477567694925E+01
 0.19876933547729E+01
 0.21382933624550E+01
 0.23003778248868E+01
 0.24748320591711E+01
 0.26626108298307E+01
 0.28647439404268E+01
 0.30823422910556E+01
 0.33166044418728E+01
 0.35688237262632E+01
 0.38403959610079E+01
 0.41328278047981E+01
 0.44477458207004E+01
 0.47869063026705E+01
 0.51522059309145E+01
 0.55456933257425E+01
 0.59695815744681E+01
 0.64262618107442E+01
 0.69183179303145E+01
 0.74485425312461E+01
 0.80199541699674E+01
 0.86358160264351E+01
 0.92996560719640E+01
 0.10015288831020E+02
 0.10786838822847E+02
 0.11618765759337E+02
 0.12515891561243E+02
 0.13483429234879E+02
 0.14527013625517E+02
 0.15652734031788E+02
 0.16867168628666E+02
 0.18177420607448E+02
 0.19591155903784E+02
 0.21116642355310E+02
 0.22762790116344E+02
 0.24539193164553E+02
