   8.33465628020449866243008220656680479E-0002
   1.04857067633679627438186334033000624      
   1.08572606818928449256478514210628310      
   1.12417206601554089445130958224065795      
   1.16395573806079997640914777915943834      
   1.20512573299045610355089181816824323      
   1.24773234189854118530180001936450567      
   1.29182754680301072630914747589711318      
   1.33746508860520731057105632738129891      
   1.38470052906731885845646505258572767      
   1.43359131902818537968061919942975401      
   1.48419685521056433490859445826272673      
   1.53657856332845955159142451973532793      
   1.59079996106133241598916616973912501      
   1.64692673786624642908398640509789980      
   1.70502682978790649019133197237960211      
   1.76517049915137183634442274163104945      
   1.82743041973761687603255623004916178      
   1.89188175688325221827069692249551162      
   1.95860225879580134075231754654724889      
   2.02767234731048471789441300670064119      
   2.09917520985663109478845171202735183      
   2.17319689268719072303056730698800564      
   2.24982640723398812264058490759225873      
   2.32915582845913904675366997342854674      
   2.41128039750514069062413751786860366      
   2.49629863575246387998222482569718675      
   2.58431245445257391173608600625747673      
   2.67542726798404958708107425644496870      
   2.76975211720173102073841095063594213      
   2.86739978807574386679020546426577544      
   2.96848693774805111413653115705186381      
   3.07313422726012167688431052967536798      
   3.18146644959434717418196397917161049      
   3.29361267091933625651800471353593899      
   3.40970636829961203266468096307296944      
   3.52988557631257216241923184220399575      
   3.65429303395177497001235711074006849      
   3.78307633641241854150143917420740790      
   3.91638809199516864407862796352667873      
   4.05438608162135433249995025767611904      
   4.19723342283591931185685458748429825      
   4.34509873637482216088009280371333129      
   4.49815631893679049844058419086131494      
   4.65658631706135004666674362652051893      
   4.82057490617324890604152723158637204      
   4.99031447341694354959859277907804773      
   5.16600380229463054347828181560730163      
   5.34784826277763926797265798836304786      
   5.53606000260037511226352779223026574      
   5.73085814224224582918650567245420347      
   5.93246897295923288995998187613934224      
   6.14112615561820147056642035632288528      
   6.35707092427314568011364637171326252      
   6.58055228830080523835299807381808433      
   6.81182723802098361552059433386263209      
   7.05116094999842248844009195931753488      
   7.29882699358567379275338630691444216      
   7.55510753610599937975428355683893001      
   7.82029354866733720789727710900971137      
   8.09468500928813092181892660547829214      
   8.37859110532385294333764145092642315      
   8.67233043206371854120956386240333274      
   8.97623118893305080119677616901738309      
   9.29063137128526508189575754037879749      
   9.61587895755507554765521899274896570      
   9.95233209114952598607600820717931573      
   10.3003592563002306779615127790638395      
   10.6603394473261084157210390472733682      
   11.0326623305996790913231565820005698      
   11.4177283990574484904054296107722521      
   11.8159491191461504841599794356246337      
   12.2277470696342744392876343775463657      
   12.6535560742790571375920152294906095      
   13.0938213289134721224379042167169029      
   13.5489995276566944775083825024937389      
   14.0195589932541896310962387053725655      
   14.5059798215363649489253966628702430      
   15.0087540541499772879417667165336029      
   15.5283859005881880444220266640997067      
   16.0653920377831543592342665958518484      
   16.6203020246674917219626463857103943      
   17.1936588773662328234765741592317197      
   17.7860198570262367342807137278250358      
   18.3979575253309220858865846297891934      
   19.0300611169132363076508697151641662      
   19.6829382625809902979579690039118732      
   20.3572170706654175813177131488396927      
   21.0535485314383408606603915862468597      
   21.7726091622290724557339754284775461      
   22.5151037576626288111372912868557547      
   23.2817680693605988302407058173293291      
   24.0733712268555522191476842751832858      
   24.8907177462861507703002236467065587      
   25.7346490757785790469206016574996363      
   26.6060448087178063265232956634358591      
   27.5058239522622645388660428025727469      
   28.4349469393075208100842264000089317      
   29.3944193485100413394131867448817364      
   30.3852984505485203139658239659182688      
