   6.25700228490710980925122271904592576      
   6.23359736869430267881844782993183530      
   6.23922495924232311170833582837519962      
   6.24500777589957368008506296054417372      
   6.25093786350068909816524557813299077      
   6.25700760796833146143903323278356883      
   6.26320973626194467304628219526422118      
   6.26953731141064141876283166284433055      
   6.27598372796816614064355095243851051      
   6.28254270454861491550702237117051147      
   6.28920827557284905755770045833859548      
   6.29597478012519651450053349339881335      
   6.30283685330995751454683064804953760      
   6.30978941398897875893420430201080730      
   6.31682765408094204162226994524313578      
   6.32394702664727850451613097573958020      
   6.33114323419567651584253238735283749      
   6.33841221731757338700099636926994612      
   6.34575014249306407789131485801783816      
   6.35315339105515216010293411631665306      
   6.36061854793375490944727870994491181      
   6.36814239046149700428144365418976555      
   6.37572187730044273083719661142960704      
   6.38335413869109437234085393372556110      
   6.39103646582540393965555377492716321      
   6.39876630069207289056768287726680532      
   6.40654122699703493596591146746515294      
   6.41435896061939608956561160283155606      
   6.42221734040947270500027819258470458      
   6.43011431983065983766889927038678692      
   6.43804795813369391952200782307132924      
   6.44601641211397676441228626075826574      
   6.45401792830168905260866057124187950      
   6.46205083469024773770143870943152294      
   6.47011353335654558655758583770670169      
   6.47820449266014262673121045834344961      
   6.48632223991680278746471102841788052      
   6.49446535388992997882970436499050945      
   6.50263245739945335480623274800641336      
   6.51082221000991638938162622309812449      
   6.51903330059993375112721203455284400      
   6.52726443989531721517296145163326170      
   6.53551435281466863668869842114295087      
   6.54378177078826158406937291244926010      
   6.55206542372283268465111187882705419      
   6.56036403179304891395844642185676634      
   6.56867629692835740548753883818007049      
   6.57700089385352856316507394133149237      
   6.58533646080355221954684947791364979      
   6.59368158965386544571784474375781066      
   6.60203481552464431317114827764737563      
   6.61039460575967527532190787282547428      
   6.61875934812334469111413135179121659      
   6.62712733829247887569358998652023086      
   6.63549676632712696710838811478825443      
   6.64386570221982781150193259186629121      
   6.65223208028863786967911760231223572      
   6.66059368236533647795939466295024028      
   6.66894811958380361667938365429766542      
   6.67729281270661775828525838000416254      
   6.68562497075748334131203062719350313      
   6.69394156786862721690983749191725302      
   6.70223931809781702099097799900674280      
   6.71051464807593042598685802468862340      
   6.71876366724081122241089634174880048      
   6.72698213544252878933505803946838030      
   6.73516542767564699384831451503912580      
   6.74330849567230248080652199516336749      
   6.75140582607461025384575799446545295      
   6.75945139488160059999033645916799251      
   6.76743861785173694582540483876299966      
   6.77536029651527755697904739622731280      
   6.78320855941693676536184884846861686      
   6.79097479819960445653980292608208029      
   6.79864959807099726117090400157362724      
   6.80622266216230607154819313883476510      
   6.81368272918632391867261256318660188      
   6.82101748370095081795668833343672550      
   6.82821345812282734400976502820133397      
   6.83525592543432655802403368548142230      
   6.84212878127344573525644627382064117      
   6.84881441380570581544748441403260415      
   6.85529355947076592792894352199044722      
   6.86154514242467358800297669281242020      
   6.86754609531764367536303793231076367      
   6.87327115905237383276694354364977874      
   6.87869265944179692447810389644812780      
   6.88378025928230639879149212603566358      
   6.88850068536138073597318837197522604      
   6.89281743119501108445185881926654427      
   6.89669043778773186763682487793830804      
   6.90007575608641227940804520659345432      
   6.90292519569901312874720856007170778      
   6.90518596441398546592705554323073458      
   6.90680030158880987107453188843800554      
   6.90770510519265854158994137850566745      
   6.90783154717691526461500406074692101      
   6.90710466534290357967147492831707622      
   6.90544291329818135447111844404278506      
   6.90275764546145467910822643606337724      
