  0.260749816945774702932053888162200733      
   3.26818370445152928352504921151928618      
   3.38704459177330813083417080605182229      
   3.51023164685807087957665558186665465      
   3.63790749724157235869968669025694115      
   3.77024043993984793028097216109301452      
   3.90740467601393035816354967072745241      
   4.04958050229477620617225303384753808      
   4.19695456640589131084288653262295800      
   4.34972010343824569139703476408610193      
   4.50807719371072994207478190652048214      
   4.67223298457342045762849997100162525      
   4.84240199847634163894275720069020611      
   5.01880637703943744664258484118495891      
   5.20167618099941000449083709712648282      
   5.39124967529553333797828395464611495      
   5.58777363145200647831605577372649048      
   5.79150364938134600470742816821313944      
   6.00270446416096308772506573082381665      
   6.22165029109841300495900357377689326      
   6.44862517071772183662545944114876408      
   6.68392331944696068406257674572709089      
   6.92784948619353220979164270513472409      
   7.18071935397679679284194030819824821      
   7.44285991713606840359495661911830052      
   7.71460987453764006129751560873643864      
   7.99632006242230716431564473609426948      
   8.28835387462908619715512222803074863      
   8.59108769672575227101242402043578672      
   8.90491137560006934604721108157174063      
   9.23022867538701473371206354562836073      
   9.56745775993494916955181187003771995      
   9.91703169940719128781705882040749906      
   10.2793989630700850690068150124192286      
   10.6550239578748980631605667198569461      
   11.0443875568852227951085144715657974      
   11.4479876589988886840935138186974706      
   11.8663397509805600689700532354564029      
   12.2999774869876031399519364153453634      
   12.7494532861902518249262521026932229      
   13.2153389397892449675657529734183903      
   13.6982262334085009978604651365970059      
   14.1987275779872651738598810318793609      
   14.7174766610072996356807410674910416      
   15.2551291002992596996678483160242664      
   15.8123631135115668358004843235675927      
   16.3898801978761973080633220100732316      
   16.9884058126712561681197897731620322      
   17.6086900758572620427313950508498869      
   18.2515084591826119216734291618800806      
   18.9176624889580956309979097104272512      
   19.6079804488431769905507520685435569      
   20.3233180752513745055082407961667267      
   21.0645592568574002362867846973754903      
   21.8326167148332844531285917716493592      
   22.6284326780672162367623192352987530      
   23.4529795374290070511833683141138898      
   24.3072604810771605683988647722493183      
   25.1923100980837641261039227861297249      
   26.1091949528861706069823100244434430      
   27.0590141142564995316228563074349237      
   28.0428996400508432437230556508657095      
   29.0620170006568419080471081261716034      
   30.1175654389256309753456550183544102      
   31.2107782515595572110966110408506803      
   32.3429229820253598805656534189630076      
   33.5153015125285816840112503942209187      
   34.7292500407430924411832727068842913      
   35.9861389263052395560268007241143863      
   37.2873723899148457099722124632422351      
   38.6343880479619322151676193296959666      
   40.0286562637537474035605285138241266      
   41.4716792925642883436034738434932933      
   42.9649902040172996120458936079422071      
   44.5101515575155142373053436853196199      
   46.1087538173816872977850423900329064      
   47.7624134915724392829881553474188360      
   49.4727709904563718290288317833198007      
   51.2414882111012105326426737043375432      
   53.0702458697131318577606115939274767      
   54.9607406220786864081185304684206929      
   56.9146820341734364168520794242393058      
   58.9337894828730477673851873841258606      
   61.0197890765235810498106493125024704      
   63.1744106824531162005994225142164413      
   65.3993851149418757286051512801674538      
   67.6964414715309669723071896845788674      
   70.0673045024856910904513217504927794      
   72.5136917440510509585305119206238035      
   75.0373099780043787809589452383198615      
   77.6398503956352411635558561319542574      
   80.3229817071109125288543735669656156      
   83.0883403936384272899850187102161053      
   85.9375174129226184050599972013440346      
   88.8720409989348384875405054991036829      
   91.8933557770823105282252348771836686      
   95.0027992142658465611032267158134247      
   98.2015773316344469750871689177920440      
   101.490742390341804925909296551191246      
   104.871175594575945593385474512448783      
