   81.7400432333552244830652925470550763      
   81.7369788120130527234245085145984067      
   81.7318598081827496973413420202132141      
   81.7246767896563947108331123921832552      
   81.7154201747153524208668018296109819      
   81.7040808175479481722416920830750363      
   81.6906500109839623130857672446300840      
   81.6751166874253009031377879929705479      
   81.6574576609950205795529232040520061      
   81.6376180319912135034263971116645307      
   81.6154832879557368527561118938758624      
   81.5908480152633533112795673373062675      
   81.5633864716147728939834558793904295      
   81.5326290411455498070714175279183721      
   81.4979474096693861163570143021267351      
   81.4585502957466961291556153613084525      
   81.4134903567414105306138388305956972      
   81.3616814382720989466874626947303183      
   81.3019240442121105782021085721328623      
   81.2329361245624949983586745069590394      
   81.1533861298097136909897156879746884      
   81.0619256338132182241920513472782285      
   80.9572194668061257617494779803176435      
   80.8379720155495361791476540506031204      
   80.7029489989792302319723559980061434      
   80.5509945413541505603113665752831996      
   80.3810437328523756949593436239156044      
   80.1921310895760891593080160097456259      
   79.9833954463019886970605573125261122      
   79.7540818497467766613742809855688149      
   79.5035410067334541237229555795692882      
   79.2312267946774474666545201007358411      
   78.9366922793922551105122730431523118      
   78.6195846177236553065962574607840720      
   78.2796391557790363617083193464890301      
   77.9166729718971515105509376250441014      
   77.5305780611145299632343994442227812      
   77.1213143088985832536091942848082445      
   76.6889023677403388695456728575003267      
   76.2334165146694970217689659311612747      
   75.7549775477310218296431158737177225      
   75.2537457556549223421088469501053888      
   74.7299139835272644669467332559053284      
   74.1837008026845831824604282828977775      
   73.6153437864477516534016119683178151      
   73.0250928820111520686713572042928582      
   72.4132038658515490265296761443554506      
   71.7799318616765913624935977489986251      
   71.1255248935282763272213689144863846      
   70.4502174403118852097555408236980642      
   69.7542239512013597234258836236646993      
   69.0377322700711941788949667114429657      
   68.3008969094737002066227741249756106      
   67.5438320987120063772432604507929091      
   66.7666045184362106374483859072888645      
   65.9692256121571220811259190496197896      
   65.1516433442663878404080684227330001      
   64.3137332429514910108579912910848981      
   63.4552885323224622036440612383482614      
   62.5760091091144859940266851141771758      
   61.6754890623371066734489093453250129      
   60.7532023566598443893566412357886665      
   59.8084862000559660505626291585273045      
   58.8405214849753787763174781221447378      
   57.8483095144393325527304433025958124      
   56.8306439876038077521643596085157889      
   55.7860768911416121981465561252939889      
   54.7128764939831837977421340406676254      
   53.6089750050388479461686297352858814      
   52.4719025516598794231526577935082950      
   51.2987028236915809767427372354262217      
   50.0858237942539139258548762341431447      
   48.8289740190581924985685861642011410      
   47.5229305449752362115742784073937791      
   46.1612774245357185085389453841630201      
   44.7360424556398566526251382852215704      
   43.2371808028283616550127814338967471      
   41.6518213620029569882341561010155283      
   39.9631324708694480991223029923707591      
   38.1485503032482472555442738287170196      
   36.1768803003611111938135215269706223      
   34.0032535053093261196566248713352012      
   31.5595596971390290558299380795559188      
   28.7338987292228192176379265034212027      
   25.3177961183631941864759791255234476      
   20.8277616111577919070364399173314291      
   13.3969932456354488412845154759159783      
   3.70374881662777900866390079617113263E-0005
   3.38998856713748303271126197753647880E-0005
   3.07072857487335415629453600821063144E-0005
   2.74871010863931514455163144307846857E-0005
