   277.063994752807950380999828051341283      
   277.054327991376201872858287044696376      
   277.038180672286391907104441688015013      
   277.015523493964962788093664948305746      
   276.986326294944670645722806205250632      
   276.950559702161312573237004733631951      
   276.908196647719303028761929773158965      
   276.859213676354391363914069010304384      
   276.803591650475852611131759302165107      
   276.741314685455176133186783841185090      
   276.672364990643708287953886593782498      
   276.596710216504207495313594867321974      
   276.514279624271929468658585222775056      
   276.424926809220359962676444824987529      
   276.328380118896043118747260846275414      
   276.224186027003228974539302799069228      
   276.111653494783500682453411616953624      
   275.989807483826694148353042247934778      
   275.857357571350249711291619283943463      
   275.712684312585549293167193250234711      
   275.553842885020886562648635789905801      
   275.378581391610891317265961778654211      
   275.184370154102925275705913872860483      
   274.968438178993402835614782235357858      
   274.727813383306766426667561186246514      
   274.459363822442018811777118576445003      
   274.159837850319616755543471272484774      
   273.825901753336473576453482467325576      
   273.454173894721583961817865323686226      
   273.041254783875426164904313182772686      
   272.583752763273657025200299077727754      
   272.078305211412047936055972458937048      
   271.521595309182099424608800986331331      
   270.910364525348452455718518519028296      
   270.241421054055150162025777359229484      
   269.511644488809883144799337485403799      
   268.717987047350231890618563117795259      
   267.857471673514823024092652228575506      
   266.927187336200238886999055105602674      
   265.924281828757988245501469326661532      
   264.845952338422791013948709580119962      
   263.689434019109472571435067786664272      
   262.451986749368855974249846573802609      
   261.130880206954865994881633081473477      
   259.723377329414305763572027739563551      
   258.226716168127782056941768788249005      
   256.638090074220058795772449356096415      
   254.954626077883110902636418530488043      
   253.173361242270630449821362148520162      
   251.291216678177738159260828522712119      
   249.304968798031545762444005213819496      
   247.211217261708847628867109773570657      
   245.006348912277742493947565379898749      
   242.686496811348124259935158872947848      
   240.247493246190831009422386788655895      
   237.684815280600375868526171830044293      
   234.993521026528864073889282274185500      
   232.168174308238800516740316078573658      
   229.202754704536972546475838230154160      
   226.090549043222191699098534358677015      
   222.824019178575912851656722912352370      
   219.394639156945894956219507279003579      
   215.792692467260090653681445944568806      
   212.007016633287601824054717493215469      
   208.024677419955300986651602477111542      
   203.830547560774465580281657515452398      
   199.406753785977488180811479690372789      
   194.731938732751347093198950655393762      
   189.780256999822051011959946470232103      
   184.519979910727978279531228354535342      
   178.911507865150249290932451457650524      
   172.904455906232737234623058759497611      
   166.433232725012482629903465395467113      
   159.410056871895638202399731464529746      
   151.713369371316901071807055557867164      
   143.167407448602300191433735148770342      
   133.503327327410273072226641514845295      
