   4.40922841036587217452246877855543284      
   4.35445048319647829123210236794841757      
   4.30082398842950455435077273986746124      
   4.24828348550274060316743127249777263      
   4.19676721426610268464977044261496724      
   4.14621672078025246224964360627655775      
   4.09657651823576964120843041004065539      
   4.04779377901663578066978837478280158      
   3.99981805433615186877982746257485815      
   3.95260101821652391233492941836179237      
   3.90609623287548313775129235663990073      
   3.86025893283361736474414102005484277      
   3.81504582526970508262949496551508475      
   3.77041490433348209018587389181766527      
   3.72632527727843875554747845680563553      
   3.68273700040378796567764613613283865      
   3.63961092289547706761890621517150134      
   3.59690853673102226313494513666344215      
   3.55459183086191394301001544183845633      
   3.51262314790858870774914989258129823      
   3.47096504159452391596220794346498865      
   3.42958013310501164124167786703756597      
   3.38843096447818909272844028470629817      
   3.34747984701583547992171669474780584      
   3.30668870253207043159487502432588214      
   3.26601889503048227510434065933768788      
   3.22543105010228432444603653093627115      
   3.18488485895498705893005110785162829      
   3.14433886349222931212209910315072897      
   3.10375021824603336140415204827346951      
   3.06307442417682175230077620184945502      
   3.02226502836194429729374648983499548      
   2.98127328232690345920429959551330848      
   2.94004775015839501028797702766017181      
   2.89853385546335294903673913848541070      
   2.85667335355869919721443641107567417      
   2.81440371178728322652491505771988475      
   2.77165737627617386222762828772840864      
   2.72836089738570641511331459805906928      
   2.68443387797702454329784796710703016      
   2.63978769763525227882256867644855042      
   2.59432395092955436643012502518600302      
   2.54793251688991958604179368547972821      
   2.50048914743839311976010384002837512      
   2.45185242036744073431647334341881446      
   2.40185984104892823512468266266037904      
   2.35032278579269494117464182127795824      
   2.29701984110592181706365290102598731      
   2.24168787709855218281703261726065826      
   2.18400984716558884554226992109329656      
   2.12359773326340671116725609304118750      
   2.05996807218705297081349521322225637      
   1.99250573348243237972421313882825351      
   1.92040828947721942979448375089206298      
   1.84259664322734533919843595411635525      
   1.75756319047378967263774619088527351      
   1.66309483735206353375115053851396528      
   1.55571820589215245239498314148161188      
   1.42943507188522214142468608241631823      
   1.27222183183356643519799994951667606      
   1.05237584727995531033880557395600225      
  0.570875773351874717552651081439085569      
   5.59380700335681754890741779722742787      
   10.6235433614769132403199657361574192      
   15.1998460799785853184809939951375947      
   19.5231881775455633805459804089848506      
   23.6736644978398576859776040332444947      
   27.6933866204848172522754546729081902      
   31.6078698717116144923808395600100177      
   35.4340447698661510548515267195000563      
   39.1838800447398650612267752715431594      
   42.8662115374531924569585471402139068      
   46.4877253642659857618724068549742215      
   50.0535018255575374858670290333383827      
   53.5673158732988888367037035141061677      
   57.0317964989639056412596494214001414      
   60.4484999096875330762754668089057870      
   63.8179217416070033460981745573895203      
   67.1394456285410157269575690872708445      
   70.4111712133603943651576582975552631      
   73.6293005121017832716364998530229183      
