   1.21976299297102300175539610027713871E-0002
   1.22202880497886018647623809689872747E-0002
   1.22437803803573384701453022880791559E-0002
   1.22681372995996255547297813366268256E-0002
   1.22933913515181441368229418261361139E-0002
   1.23195774893971986443789735949088238E-0002
   1.23467333392018813434126713055553339E-0002
   1.23748994843533031168996197499484550E-0002
   1.24041197739187529267396207685318198E-0002
   1.24344416569175910579387568570891025E-0002
   1.24659165461748480339199909303299176E-0002
   1.24986002159715447429197125343446911E-0002
   1.25325532386584913544236458826491239E-0002
   1.25678414664495720779299461011657115E-0002
   1.26045365658215535516630660824326102E-0002
   1.26427166133647442826785122114548271E-0002
   1.26824667636061152157804072498993799E-0002
   1.27238800013332583500503948228994651E-0002
   1.27670579933684620945082567267484331E-0002
   1.28121120576939741442735850526288441E-0002
   1.28591642714453209107154413314520605E-0002
   1.29083487437649325759879045456861410E-0002
   1.29598130850740498601289641495765306E-0002
   1.30137201112917658509924525581408263E-0002
   1.30702498303348396247315975541157749E-0002
   1.31296017694051525683517062418912125E-0002
   1.31919977158793889158394678452429184E-0002
   1.32576849630639703259547960462607435E-0002
   1.33269401760642623541225638974356647E-0002
   1.34000740244692791675176417127230523E-0002
   1.34774367701834530847521171241539217E-0002
   1.35594250543761147367084630094185375E-0002
   1.36464902026822952260671839979330711E-0002
   1.37391484704845076142841868147704341E-0002
   1.38379937921661687705113461504911867E-0002
   1.39437137973887848131952756706412456E-0002
   1.40571101407504050344600193136602991E-0002
   1.41791246006472994030779245748168364E-0002
   1.43108730054000958015639390350486814E-0002
   1.44536899476895870455996362453952279E-0002
   1.46091886315305736979382439833872207E-0002
   1.47793423658878384298020163588770845E-0002
   1.49665977155547536376239808929683748E-0002
   1.51740351276346225818106013801985347E-0002
   1.54056028388390798992446881237720905E-0002
   1.56664677412895838567805630033674762E-0002
   1.59635603915211700676578872203844001E-0002
   1.63064577069321076176467756643863446E-0002
   1.67088872399301319730294649756698812E-0002
   1.71914585479497169611936493042247833E-0002
   1.77870423595511836631571619363736970E-0002
   1.85525741868591739819397043069309524E-0002
   1.95992172393818656643517366166545558E-0002
   2.11899055981633254691159464159653996E-0002
   2.42282384645573547408679044671036488E-0002
   5.03382123603231602962016638534099365E-0002
   6.88991493980903179085581216975391815      
   12.2296064694948057125710004426114956      
   17.0778368367865936155641016787880066      
   21.6336174174038641818956339819986329      
   25.9820557867692986209325864099676851      
   30.1697795673477009516938059691589259      
   34.2259596116918699716773082305047696      
   38.1704595973872808066169140481085670      
   42.0176071855837518217037799621075770      
   45.7781401724632803437176497493981401      
   49.4602835623499739741605895666823948      
   53.0703717538105089186330305281171495      
   56.6132143307449196702946390751625839      
   60.0923058208104062904137784114534245      
   63.5099269979295884776511357790228322      
   66.8671439446111543900878264784215790      
   70.1636372990896363605561177406699260      
   73.3968739734999754635898128215547913      
   76.5613680110776230951272752387048598      
   79.6610525025168819485507686446162116      
   82.6985795110910080027818095889729112      
   85.6763410009525524329183775099990149      
   88.5965880391051030723738322516758179      
   91.4614363268821171701304169250770856      
   94.2728728029195304371188766317413130      
