     0.788131075E-01
     0.876495980E-01
     0.941463779E-01
     0.112386822E+00
     0.146875145E+00
     0.134508677E+00
     0.797210032E-01
     0.801935967E-01
     0.816029122E-01
     0.835311683E-01
     0.829222550E-01
     0.789348708E-01
     0.789960829E-01
     0.791795725E-01
     0.794250356E-01
     0.793482282E-01
     0.794250330E-01
     0.796082950E-01
     0.797006686E-01
     0.799774606E-01
     0.803483492E-01
     0.802322191E-01
     0.795048788E-01
     0.795449424E-01
     0.796650711E-01
     0.798255866E-01
     0.797753831E-01
     0.798255859E-01
     0.799186920E-01
     0.799654353E-01
     0.801055812E-01
     0.802929083E-01
     0.802343111E-01
     0.802929072E-01
     0.803857709E-01
     0.804323908E-01
     0.805721676E-01
     0.807589973E-01
     0.807005562E-01
     0.807589962E-01
     0.808574478E-01
     0.809068835E-01
     0.810550985E-01
     0.812532332E-01
     0.811912526E-01
     0.812532320E-01
     0.813566460E-01
     0.814085830E-01
     0.815642933E-01
     0.817724716E-01
     0.817073461E-01
     0.817724701E-01
     0.818803957E-01
     0.819346072E-01
     0.820971329E-01
     0.823144450E-01
     0.822464595E-01
     0.823144433E-01
     0.824265417E-01
     0.824828571E-01
     0.826516872E-01
     0.828774490E-01
     0.828068175E-01
     0.828774472E-01
     0.829934558E-01
     0.830517430E-01
     0.832264816E-01
     0.834601630E-01
     0.833870515E-01
     0.834601611E-01
     0.835798720E-01
     0.836400263E-01
     0.838203596E-01
     0.840615405E-01
     0.839860805E-01
     0.840615384E-01
     0.841847841E-01
     0.842467210E-01
     0.844323960E-01
     0.846807377E-01
     0.846030352E-01
     0.846807354E-01
     0.848073791E-01
     0.848710297E-01
     0.850618399E-01
     0.853170657E-01
     0.852372072E-01
     0.853170632E-01
     0.854469920E-01
     0.855122995E-01
     0.857080746E-01
     0.859699563E-01
     0.858880134E-01
     0.859699537E-01
     0.861030739E-01
     0.861699911E-01
     0.863705896E-01
     0.866389377E-01
     0.865549697E-01
     0.866389350E-01
     0.867751687E-01
     0.868436561E-01
     0.870489600E-01
     0.873236165E-01
     0.872376728E-01
     0.873236136E-01
     0.874628954E-01
     0.875329201E-01
     0.877428308E-01
     0.880236633E-01
     0.879357855E-01
     0.880236603E-01
     0.881659356E-01
     0.882374701E-01
     0.884519049E-01
     0.887388028E-01
     0.886490254E-01
     0.887387996E-01
     0.888840228E-01
     0.889570440E-01
     0.891759340E-01
     0.894688048E-01
     0.893771569E-01
     0.894688015E-01
     0.896169347E-01
     0.896914234E-01
     0.899147113E-01
     0.902134780E-01
     0.901199836E-01
     0.902134746E-01
     0.903644864E-01
     0.904404269E-01
     0.906680652E-01
     0.909726644E-01
     0.908773434E-01
     0.909726608E-01
     0.911265258E-01
     0.912039051E-01
     0.914358552E-01
     0.917462349E-01
     0.916491036E-01
     0.917462312E-01
     0.919029289E-01
     0.919817365E-01
     0.922179674E-01
     0.925340858E-01
     0.924351573E-01
     0.925340820E-01
     0.926935963E-01
     0.927738242E-01
     0.930143115E-01
     0.933361359E-01
     0.932354205E-01
     0.933361319E-01
     0.934984508E-01
     0.935800927E-01
     0.938248180E-01
     0.941523237E-01
     0.940498291E-01
     0.941523196E-01
     0.943174344E-01
     0.944004861E-01
     0.946494362E-01
     0.949826055E-01
     0.948783372E-01
     0.949826013E-01
     0.951505066E-01
     0.952349652E-01
     0.954881319E-01
     0.958269535E-01
     0.957209151E-01
     0.958269492E-01
     0.959976425E-01
     0.960835066E-01
     0.963408859E-01
     0.966853545E-01
     0.965775477E-01
     0.966853500E-01
     0.968588313E-01
     0.969461009E-01
     0.972076927E-01
     0.975578079E-01
     0.974482329E-01
     0.975578033E-01
     0.977340750E-01
     0.978227514E-01
     0.980885592E-01
     0.984443256E-01
     0.983329808E-01
     0.984443209E-01
     0.986233875E-01
     0.987134728E-01
     0.989835033E-01
     0.993449300E-01
     0.992318127E-01
     0.993449251E-01
     0.995267933E-01
     0.996182907E-01
     0.998925538E-01
     0.100259654E+00
     0.100144760E+00
     0.100259649E+00
     0.100444327E+00
     0.100537241E+00
     0.100815749E+00
     0.101188538E+00
     0.101071863E+00
     0.101188533E+00
     0.101376032E+00
     0.101470367E+00
     0.101753135E+00
     0.102131635E+00
     0.102013171E+00
     0.102131630E+00
     0.102321960E+00
     0.102417722E+00
     0.102704768E+00
     0.103089002E+00
     0.102968742E+00
     0.103088996E+00
     0.103282171E+00
     0.103379367E+00
     0.103670711E+00
     0.104060704E+00
     0.103938641E+00
     0.104060699E+00
     0.104256733E+00
     0.104355370E+00
     0.104651034E+00
     0.105046816E+00
     0.104922940E+00
     0.105046810E+00
     0.105245720E+00
     0.105345807E+00
     0.105645813E+00
     0.106047417E+00
     0.105921718E+00
     0.106047411E+00
     0.106249213E+00
     0.106350757E+00
     0.106655133E+00
     0.107062592E+00
     0.106935060E+00
     0.107062586E+00
     0.107267299E+00
     0.107370310E+00
     0.107679082E+00
     0.108092433E+00
     0.107963056E+00
     0.108092427E+00
     0.108300071E+00
     0.108404558E+00
     0.108717756E+00
     0.109137038E+00
     0.109005804E+00
     0.109137032E+00
     0.109347626E+00
     0.109453600E+00
     0.109771255E+00
     0.110196509E+00
     0.110063405E+00
     0.110196503E+00
     0.110410070E+00
     0.110517541E+00
     0.110839685E+00
     0.111270954E+00
     0.111135966E+00
     0.111270947E+00
     0.111487509E+00
     0.111596489E+00
     0.111923155E+00
     0.112360485E+00
     0.112223600E+00
     0.112360478E+00
     0.112580058E+00
     0.112690559E+00
     0.113021783E+00
     0.113465220E+00
     0.113326422E+00
     0.113465213E+00
     0.113687836E+00
     0.113799869E+00
     0.114135687E+00
     0.114585280E+00
     0.114444555E+00
     0.114585273E+00
     0.114810963E+00
     0.114924541E+00
     0.115264992E+00
     0.115720791E+00
     0.115578123E+00
     0.115720784E+00
     0.115949568E+00
     0.116064704E+00
     0.116409825E+00
     0.116871884E+00
     0.116727256E+00
     0.116871877E+00
     0.117103780E+00
     0.117220488E+00
     0.117570321E+00
     0.118038691E+00
     0.117892087E+00
     0.118038684E+00
     0.118273735E+00
     0.118392029E+00
     0.118746614E+00
     0.119221352E+00
     0.119072754E+00
     0.119221345E+00
     0.119459572E+00
     0.119579465E+00
     0.119938845E+00
     0.120420008E+00
     0.120269398E+00
     0.120420000E+00
     0.120661432E+00
     0.120782939E+00
     0.121147158E+00
     0.121634803E+00
     0.121482164E+00
     0.121634796E+00
     0.121879462E+00
     0.122002598E+00
     0.122371700E+00
     0.122865888E+00
     0.122711200E+00
     0.122865880E+00
     0.123113811E+00
     0.123238592E+00
     0.123612622E+00
     0.124113413E+00
     0.123956658E+00
     0.124113405E+00
     0.124364633E+00
     0.124491073E+00
     0.124870079E+00
     0.125377536E+00
     0.125218694E+00
     0.125377527E+00
     0.125632082E+00
     0.125760198E+00
     0.126144228E+00
     0.126658413E+00
     0.126497465E+00
     0.126658405E+00
     0.126916320E+00
     0.127046127E+00
     0.127435229E+00
     0.127956209E+00
     0.127793133E+00
     0.127956201E+00
     0.128217508E+00
     0.128349024E+00
     0.128743247E+00
     0.129271087E+00
     0.129105864E+00
     0.129271079E+00
     0.129535813E+00
     0.129669054E+00
     0.130068448E+00
     0.130603217E+00
     0.130435824E+00
     0.130603208E+00
     0.130871403E+00
     0.131006386E+00
     0.131411004E+00
     0.131952768E+00
     0.131783185E+00
     0.131952759E+00
     0.132224449E+00
     0.132361192E+00
     0.132771086E+00
     0.133319916E+00
     0.133148121E+00
     0.133319907E+00
     0.133595128E+00
     0.133733648E+00
     0.134148870E+00
     0.134704838E+00
     0.134530808E+00
     0.134704829E+00
     0.134983616E+00
     0.135123931E+00
     0.135544536E+00
     0.136107713E+00
     0.135931427E+00
     0.136107704E+00
     0.136390094E+00
     0.136532223E+00
     0.136958264E+00
     0.137528724E+00
     0.137350158E+00
     0.137528715E+00
     0.137814745E+00
     0.137958706E+00
     0.138390240E+00
     0.138968057E+00
     0.138787187E+00
     0.138968047E+00
     0.139257754E+00
     0.139403566E+00
     0.139840650E+00
     0.140425899E+00
     0.140242703E+00
     0.140425889E+00
     0.140719312E+00
     0.140866994E+00
     0.141309684E+00
     0.141902441E+00
     0.141716894E+00
     0.141902431E+00
     0.142199608E+00
     0.142349179E+00
     0.142797534E+00
     0.143397876E+00
     0.143209955E+00
     0.143397866E+00
     0.143698836E+00
     0.143850317E+00
     0.144304395E+00
     0.144912401E+00
     0.144722081E+00
     0.144912391E+00
     0.145217194E+00
     0.145370603E+00
     0.145830464E+00
     0.146446214E+00
     0.146253470E+00
     0.146446204E+00
     0.146754879E+00
     0.146910237E+00
     0.147375941E+00
     0.147999516E+00
     0.147804322E+00
     0.147999505E+00
     0.148312094E+00
     0.148469421E+00
     0.148941029E+00
     0.149572509E+00
     0.149374841E+00
     0.149572498E+00
     0.149889041E+00
     0.150048359E+00
     0.150525932E+00
     0.151165400E+00
     0.150965231E+00
     0.151165389E+00
     0.151485928E+00
     0.151647256E+00
     0.152130857E+00
     0.152778397E+00
     0.152575702E+00
     0.152778386E+00
     0.153102963E+00
     0.153266322E+00
     0.153756015E+00
     0.154411710E+00
     0.154206462E+00
     0.154411699E+00
     0.154740356E+00
     0.154905769E+00
     0.155401616E+00
     0.156065552E+00
     0.155857724E+00
     0.156065541E+00
     0.156398322E+00
     0.156565808E+00
     0.157067875E+00
     0.157740138E+00
     0.157529704E+00
     0.157740127E+00
     0.158077074E+00
     0.158246657E+00
     0.158755009E+00
     0.159435685E+00
     0.159222618E+00
     0.159435674E+00
     0.159776832E+00
     0.159948533E+00
     0.160463235E+00
     0.161152413E+00
     0.160936685E+00
     0.161152402E+00
     0.161497815E+00
     0.161671656E+00
     0.162192775E+00
     0.162890544E+00
     0.162672126E+00
     0.162890532E+00
     0.163240245E+00
     0.163416249E+00
     0.163943852E+00
     0.164650300E+00
     0.164429166E+00
     0.164650288E+00
     0.165004346E+00
     0.165182535E+00
     0.165716690E+00
     0.166431909E+00
     0.166208030E+00
     0.166431897E+00
     0.166790345E+00
     0.166970742E+00
     0.167511517E+00
     0.168235598E+00
     0.168008945E+00
     0.168235585E+00
     0.168598469E+00
     0.168781098E+00
     0.169328562E+00
     0.170061596E+00
     0.169832141E+00
     0.170061583E+00
     0.170428950E+00
     0.170613833E+00
     0.171168056E+00
     0.171910137E+00
     0.171677851E+00
     0.171910124E+00
     0.172282020E+00
     0.172469181E+00
     0.173030233E+00
     0.173781454E+00
     0.173546307E+00
     0.173781440E+00
     0.174157913E+00
     0.174347375E+00
     0.174915327E+00
     0.175675782E+00
     0.175437745E+00
     0.175675769E+00
     0.176056866E+00
     0.176248653E+00
     0.176823576E+00
     0.177593361E+00
     0.177352404E+00
     0.177593347E+00
     0.177979116E+00
     0.178173252E+00
     0.178755218E+00
     0.179534429E+00
     0.179290522E+00
     0.179534415E+00
     0.179924905E+00
     0.180121414E+00
     0.180710495E+00
     0.181499228E+00
     0.181252341E+00
     0.181499214E+00
     0.181894503E+00
     0.182093425E+00
     0.182689741E+00
     0.183488155E+00
     0.183238239E+00
     0.183488140E+00
     0.183888286E+00
     0.184089649E+00
     0.184693285E+00
     0.185501493E+00
     0.185248512E+00
     0.185501479E+00
     0.185906531E+00
     0.186110361E+00
     0.186721392E+00
     0.187539496E+00
     0.187283418E+00
     0.187539481E+00
     0.187949491E+00
     0.188155812E+00
     0.188774315E+00
     0.189602416E+00
     0.189343209E+00
     0.189602401E+00
     0.190017418E+00
     0.190226257E+00
     0.190852308E+00
     0.191690508E+00
     0.191428141E+00
     0.191690493E+00
     0.192110570E+00
     0.192321952E+00
     0.192955628E+00
     0.193804030E+00
     0.193538471E+00
     0.193804014E+00
     0.194229204E+00
     0.194443155E+00
     0.195084534E+00
     0.195943240E+00
     0.195674457E+00
     0.195943225E+00
     0.196373578E+00
     0.196590125E+00
     0.197239284E+00
     0.198108400E+00
     0.197836359E+00
     0.198108385E+00
     0.198543955E+00
     0.198763122E+00
     0.199420142E+00
     0.200299772E+00
     0.200024441E+00
     0.200299756E+00
     0.200740596E+00
     0.200962411E+00
     0.201627369E+00
     0.202517620E+00
     0.202238966E+00
     0.202517603E+00
     0.202963766E+00
     0.203188255E+00
     0.203861232E+00
     0.204762209E+00
     0.204480199E+00
     0.204762192E+00
     0.205213731E+00
     0.205440921E+00
     0.206121997E+00
     0.207033806E+00
     0.206748407E+00
     0.207033790E+00
     0.207490758E+00
     0.207720677E+00
     0.208409933E+00
     0.209332681E+00
     0.209043859E+00
     0.209332664E+00
     0.209795117E+00
     0.210027791E+00
     0.210725307E+00
     0.211659104E+00
     0.211366825E+00
     0.211659087E+00
     0.212127079E+00
     0.212362535E+00
     0.213068394E+00
     0.214013347E+00
     0.213717577E+00
     0.214013330E+00
     0.214486915E+00
     0.214725181E+00
     0.215439464E+00
     0.216395683E+00
     0.216096388E+00
     0.216395665E+00
     0.216874899E+00
     0.217116002E+00
     0.217838792E+00
     0.218806386E+00
     0.218503533E+00
     0.218806368E+00
     0.219291307E+00
     0.219535274E+00
     0.220266654E+00
     0.221245734E+00
     0.220939287E+00
     0.221245716E+00
     0.221736414E+00
     0.221983274E+00
     0.222723326E+00
     0.223714003E+00
     0.223403929E+00
     0.223713985E+00
     0.224210499E+00
     0.224460279E+00
     0.225209088E+00
     0.226211473E+00
     0.225897736E+00
     0.226211454E+00
     0.226713841E+00
     0.226966570E+00
     0.227724220E+00
     0.228738424E+00
     0.228420989E+00
     0.228738405E+00
     0.229246720E+00
     0.229502426E+00
     0.230269001E+00
     0.231295137E+00
     0.230973969E+00
     0.231295117E+00
     0.231809418E+00
     0.232068129E+00
     0.232843715E+00
     0.233881896E+00
     0.233556960E+00
     0.233881876E+00
     0.234402220E+00
     0.234663964E+00
     0.235448645E+00
     0.236498984E+00
     0.236170245E+00
     0.236498964E+00
     0.237025408E+00
     0.237290214E+00
     0.238084076E+00
     0.239146687E+00
     0.238814110E+00
     0.239146667E+00
     0.239679269E+00
     0.239947166E+00
     0.240750295E+00
     0.241825293E+00
     0.241488841E+00
     0.241825272E+00
     0.242364089E+00
     0.242635106E+00
     0.243447589E+00
     0.244535088E+00
     0.244194726E+00
     0.244535067E+00
     0.245080158E+00
     0.245354323E+00
     0.246176247E+00
     0.247276361E+00
     0.246932053E+00
     0.247276340E+00
     0.247827763E+00
     0.248105106E+00
     0.248936557E+00
     0.250049404E+00
     0.249701114E+00
     0.250049383E+00
     0.250607197E+00
     0.250887746E+00
     0.251728813E+00
     0.252854508E+00
     0.252502199E+00
     0.252854486E+00
     0.253418749E+00
     0.253702535E+00
     0.254553304E+00
     0.255691965E+00
     0.255335600E+00
     0.255691943E+00
     0.256262715E+00
     0.256549766E+00
     0.257410326E+00
     0.258562068E+00
     0.258201613E+00
     0.258562046E+00
     0.259139386E+00
     0.259429732E+00
     0.260300173E+00
     0.261465114E+00
     0.261100531E+00
     0.261465092E+00
     0.262049060E+00
     0.262342730E+00
     0.263223140E+00
     0.264401398E+00
     0.264032650E+00
     0.264401376E+00
     0.264992031E+00
     0.265289056E+00
     0.266179523E+00
     0.267371218E+00
     0.266998268E+00
     0.267371195E+00
     0.267968599E+00
     0.268269008E+00
     0.269169622E+00
     0.270374872E+00
     0.269997683E+00
     0.270374848E+00
     0.270979060E+00
     0.271282884E+00
     0.272193736E+00
     0.273412660E+00
     0.273031194E+00
     0.273412636E+00
     0.274023717E+00
     0.274330984E+00
     0.275252164E+00
     0.276484882E+00
     0.276099103E+00
     0.276484858E+00
     0.277102868E+00
     0.277413610E+00
     0.278345209E+00
     0.279591841E+00
     0.279201711E+00
     0.279591816E+00
     0.280216818E+00
     0.280531065E+00
     0.281473173E+00
     0.282733840E+00
     0.282339321E+00
     0.282733815E+00
     0.283365869E+00
     0.283683651E+00
     0.284636361E+00
     0.285911183E+00
     0.285512238E+00
     0.285911158E+00
     0.286550326E+00
     0.286871675E+00
     0.287835077E+00
     0.289124177E+00
     0.288720768E+00
     0.289124151E+00
     0.289770495E+00
     0.290095441E+00
     0.291069629E+00
     0.292373128E+00
     0.291965217E+00
     0.292373102E+00
     0.293026685E+00
     0.293355258E+00
     0.294340323E+00
     0.295658345E+00
     0.295245893E+00
     0.295658319E+00
     0.296319202E+00
     0.296651435E+00
     0.297647471E+00
     0.298980138E+00
     0.298563107E+00
     0.298980112E+00
     0.299648359E+00
     0.299984281E+00
     0.300991381E+00
     0.302338818E+00
     0.301917170E+00
     0.302338791E+00
     0.303014465E+00
     0.303354108E+00
     0.304372367E+00
     0.305734698E+00
     0.305308393E+00
     0.305734671E+00
     0.306417834E+00
     0.306761230E+00
     0.307790741E+00
     0.309168091E+00
     0.308737091E+00
     0.309168063E+00
     0.309858781E+00
     0.310205962E+00
     0.311246820E+00
     0.312639313E+00
     0.312203579E+00
     0.312639285E+00
     0.313337621E+00
     0.313688618E+00
     0.314740919E+00
     0.316148683E+00
     0.315708174E+00
     0.316148654E+00
     0.316854673E+00
     0.317209517E+00
     0.318273356E+00
     0.319696517E+00
     0.319251196E+00
     0.319696488E+00
     0.320410254E+00
     0.320768979E+00
     0.321844453E+00
     0.323283138E+00
     0.322832963E+00
     0.323283109E+00
     0.324004687E+00
     0.324367324E+00
     0.325454529E+00
     0.326908867E+00
     0.326453800E+00
     0.326908838E+00
     0.327638294E+00
     0.328004876E+00
     0.329103910E+00
     0.330574029E+00
     0.330114029E+00
     0.330573999E+00
     0.331311399E+00
     0.331681959E+00
     0.332792919E+00
     0.334278949E+00
     0.333813976E+00
     0.334278919E+00
     0.335024329E+00
     0.335398899E+00
     0.336521885E+00
     0.338023956E+00
     0.337553969E+00
     0.338023925E+00
     0.338777413E+00
     0.339156027E+00
     0.340291137E+00
     0.341809380E+00
     0.341334338E+00
     0.341809349E+00
     0.342570981E+00
     0.342953671E+00
     0.344101005E+00
     0.345635552E+00
     0.345155415E+00
     0.345635521E+00
     0.346405365E+00
     0.346792165E+00
     0.347951824E+00
     0.349502808E+00
     0.349017534E+00
     0.349502776E+00
     0.350280900E+00
     0.350671845E+00
     0.351843929E+00
     0.353411484E+00
     0.352921031E+00
     0.353411452E+00
     0.354197925E+00
     0.354593047E+00
     0.355777659E+00
     0.357361919E+00
     0.356866245E+00
     0.357361886E+00
     0.358156777E+00
     0.358556111E+00
     0.359753353E+00
     0.361354453E+00
     0.360853517E+00
     0.361354421E+00
     0.362157799E+00
     0.362561380E+00
     0.363771355E+00
     0.365389432E+00
     0.364883191E+00
     0.365389399E+00
     0.366201335E+00
     0.366609197E+00
     0.367832010E+00
     0.369467202E+00
     0.368955612E+00
     0.369467168E+00
     0.370287732E+00
     0.370699911E+00
     0.371935666E+00
     0.373588111E+00
     0.373071130E+00
     0.373588077E+00
     0.374417341E+00
     0.374833871E+00
     0.376082674E+00
     0.377752512E+00
     0.377230096E+00
     0.377752478E+00
     0.378590513E+00
     0.379011430E+00
     0.380273388E+00
     0.381960760E+00
     0.381432865E+00
     0.381960725E+00
     0.382807604E+00
     0.383232944E+00
     0.384508164E+00
     0.386213211E+00
     0.385679794E+00
     0.386213176E+00
     0.387068972E+00
     0.387498771E+00
     0.388787361E+00
     0.390510227E+00
     0.389971242E+00
     0.390510192E+00
     0.391374978E+00
     0.391809273E+00
     0.393111342E+00
     0.394852171E+00
     0.394307574E+00
     0.394852135E+00
     0.395725987E+00
     0.396164813E+00
     0.397480473E+00
     0.399239410E+00
     0.398689156E+00
     0.399239374E+00
     0.400122365E+00
     0.400565761E+00
     0.401895121E+00
     0.403672314E+00
     0.403116356E+00
     0.403672278E+00
     0.404564484E+00
     0.405012487E+00
     0.406355660E+00
     0.408151256E+00
     0.407589549E+00
     0.408151219E+00
     0.409052717E+00
     0.409505365E+00
     0.410862463E+00
     0.412676612E+00
     0.412109109E+00
     0.412676575E+00
     0.413587442E+00
     0.414044771E+00
     0.415415910E+00
     0.417248762E+00
     0.416675417E+00
     0.417248724E+00
     0.418169038E+00
     0.418631088E+00
     0.420016382E+00
     0.421868089E+00
     0.421288854E+00
     0.421868051E+00
     0.422797889E+00
     0.423264699E+00
     0.424664264E+00
     0.426534980E+00
     0.425949806E+00
     0.426534941E+00
     0.427474383E+00
     0.427945991E+00
     0.429359944E+00
     0.431249823E+00
     0.430658664E+00
     0.431249784E+00
     0.432198909E+00
     0.432675355E+00
     0.434103815E+00
     0.436013012E+00
     0.435415818E+00
     0.436012972E+00
     0.436971861E+00
     0.437453185E+00
     0.438896270E+00
     0.440824943E+00
     0.440221666E+00
     0.440824903E+00
     0.441793637E+00
     0.442279878E+00
     0.443737708E+00
     0.445686015E+00
     0.445076606E+00
     0.445685975E+00
     0.446664635E+00
     0.447155834E+00
     0.448628531E+00
     0.450596632E+00
     0.449981040E+00
     0.450596591E+00
     0.451585260E+00
     0.452081458E+00
     0.453569142E+00
     0.455557198E+00
     0.454935374E+00
     0.455557157E+00
     0.456555917E+00
     0.457057155E+00
     0.458559950E+00
     0.460568122E+00
     0.459940016E+00
     0.460568081E+00
     0.461577016E+00
     0.462083335E+00
     0.463601364E+00
     0.465629816E+00
     0.464995376E+00
     0.465629774E+00
     0.466648969E+00
     0.467160409E+00
     0.468693798E+00
     0.470742693E+00
     0.470101869E+00
     0.470742651E+00
     0.471772189E+00
     0.472288794E+00
     0.473837666E+00
     0.475907170E+00
     0.475259910E+00
     0.475907127E+00
     0.476947094E+00
     0.477468904E+00
     0.479033386E+00
     0.481123664E+00
     0.480469917E+00
     0.481123621E+00
     0.482174101E+00
     0.482701160E+00
     0.484281377E+00
     0.486392596E+00
     0.485732310E+00
     0.486392553E+00
     0.487453632E+00
     0.487985981E+00
     0.489582060E+00
     0.491714387E+00
     0.491047510E+00
     0.491714343E+00
     0.492786107E+00
     0.493323788E+00
     0.494935857E+00
     0.497089458E+00
     0.496415938E+00
     0.497089414E+00
     0.498171949E+00
     0.498715005E+00
     0.500343189E+00
     0.502518233E+00
     0.501838018E+00
     0.502518188E+00
     0.503611579E+00
     0.504160053E+00
     0.505804480E+00
     0.508001133E+00
     0.507314170E+00
     0.508001087E+00
     0.509105421E+00
     0.509659353E+00
     0.511320150E+00
     0.513538578E+00
     0.512844817E+00
     0.513538533E+00
     0.514653894E+00
     0.515213328E+00
     0.516890619E+00
     0.519130990E+00
     0.518430378E+00
     0.519130944E+00
     0.520257417E+00
     0.520822394E+00
     0.522516306E+00
     0.524778784E+00
     0.524071270E+00
     0.524778737E+00
     0.525916406E+00
     0.526486968E+00
     0.528197624E+00
     0.530482372E+00
     0.529767906E+00
     0.530482325E+00
     0.531631274E+00
     0.532207460E+00
     0.533934984E+00
     0.536242163E+00
     0.535520694E+00
     0.536242116E+00
     0.537402426E+00
     0.537984278E+00
     0.539728789E+00
     0.542058558E+00
     0.541330038E+00
     0.542058511E+00
     0.543230262E+00
     0.543817819E+00
     0.545579437E+00
     0.547931951E+00
     0.547196330E+00
     0.547931903E+00
     0.549115174E+00
     0.549708475E+00
     0.551487314E+00
     0.553862726E+00
     0.553119957E+00
     0.553862677E+00
     0.555057543E+00
     0.555656625E+00
     0.557452797E+00
     0.559851253E+00
     0.559101291E+00
     0.559851204E+00
     0.561057739E+00
     0.561662638E+00
     0.563476251E+00
     0.565897891E+00
     0.565140693E+00
     0.565897842E+00
     0.567116116E+00
     0.567726866E+00
     0.569558021E+00
     0.572002981E+00
     0.571238504E+00
     0.572002932E+00
     0.573233010E+00
     0.573849643E+00
     0.575698438E+00
     0.578166843E+00
     0.577395049E+00
     0.578166794E+00
     0.579408738E+00
     0.580031283E+00
     0.581897807E+00
     0.584389775E+00
     0.583610626E+00
     0.584389724E+00
     0.585643590E+00
     0.586272075E+00
     0.588156409E+00
     0.590672044E+00
     0.589885509E+00
     0.590671993E+00
     0.591937829E+00
     0.592572277E+00
     0.594474493E+00
     0.597013887E+00
     0.596219938E+00
     0.597013836E+00
     0.598291683E+00
     0.598932115E+00
     0.600852272E+00
     0.603415502E+00
     0.602614114E+00
     0.603415451E+00
     0.604705342E+00
     0.605351773E+00
     0.607289917E+00
     0.609877042E+00
     0.609068198E+00
     0.609876991E+00
     0.611178949E+00
     0.611831388E+00
     0.613787549E+00
     0.616398608E+00
     0.615582295E+00
     0.616398556E+00
     0.617712590E+00
     0.618371042E+00
     0.620345232E+00
     0.622980237E+00
     0.622156453E+00
     0.622980185E+00
     0.624306290E+00
     0.624970752E+00
     0.626962961E+00
     0.629621896E+00
     0.628790645E+00
     0.629621844E+00
     0.630959999E+00
     0.631630459E+00
     0.633640652E+00
     0.636323467E+00
     0.635484766E+00
     0.636323415E+00
     0.637673577E+00
     0.638350013E+00
     0.640378125E+00
     0.643084732E+00
     0.642238608E+00
     0.643084678E+00
     0.644446784E+00
     0.645129163E+00
     0.647175093E+00
     0.649905353E+00
     0.649051850E+00
     0.649905299E+00
     0.651279255E+00
     0.651967528E+00
     0.654031133E+00
     0.656784853E+00
     0.655924033E+00
     0.656784800E+00
     0.658170479E+00
     0.658864582E+00
     0.660945671E+00
     0.663722592E+00
     0.662854534E+00
     0.663722538E+00
     0.665119774E+00
     0.665819624E+00
     0.667917943E+00
     0.670717725E+00
     0.669842537E+00
     0.670717671E+00
     0.672126250E+00
     0.672831738E+00
     0.674946963E+00
     0.677769170E+00
     0.676886989E+00
     0.677769116E+00
     0.679188766E+00
     0.679899755E+00
     0.682031476E+00
     0.684875557E+00
     0.683986555E+00
     0.684875503E+00
     0.686305880E+00
     0.687022197E+00
     0.689169895E+00
     0.692035157E+00
     0.691139550E+00
     0.692035102E+00
     0.693475777E+00
     0.694197205E+00
     0.696360231E+00
     0.699245806E+00
     0.698343868E+00
     0.699245752E+00
     0.700696185E+00
     0.701422453E+00
     0.703599996E+00
     0.706504798E+00
     0.705596866E+00
     0.706504743E+00
     0.707964259E+00
     0.708695028E+00
     0.710886069E+00
     0.713808739E+00
     0.712895240E+00
     0.713808685E+00
     0.715276431E+00
     0.716011274E+00
     0.718214535E+00
     0.721153364E+00
     0.720234832E+00
     0.721153311E+00
     0.722628210E+00
     0.723366586E+00
     0.725580448E+00
     0.728533275E+00
     0.727610385E+00
     0.728533222E+00
     0.730013898E+00
     0.730755117E+00
     0.732977510E+00
     0.735941576E+00
     0.735015191E+00
     0.735941523E+00
     0.737426195E+00
     0.738169366E+00
     0.740397617E+00
     0.743369355E+00
     0.742440589E+00
     0.743369303E+00
     0.744855630E+00
     0.745599579E+00
     0.747830177E+00
     0.750804903E+00
     0.749875221E+00
     0.750804852E+00
     0.752289696E+00
     0.753032852E+00
     0.755261085E+00
     0.758232520E+00
     0.757303884E+00
     0.758232470E+00
     0.759711506E+00
     0.760451704E+00
     0.762671084E+00
     0.765630576E+00
     0.764705689E+00
     0.765630528E+00
     0.767097577E+00
     0.767831725E+00
     0.770032985E+00
     0.772968182E+00
     0.772050904E+00
     0.772968136E+00
     0.774413926E+00
     0.775137383E+00
     0.777306614E+00
     0.780198980E+00
     0.779295102E+00
     0.780198936E+00
     0.781608500E+00
     0.782313776E+00
     0.784428531E+00
     0.787248147E+00
     0.786367018E+00
     0.787248107E+00
     0.788594243E+00
     0.789267726E+00
     0.791287207E+00
     0.793979698E+00
     0.793138309E+00
     0.793979665E+00
     0.795199598E+00
     0.795809879E+00
     0.797639936E+00
     0.800079813E+00
     0.799317373E+00
     0.800079789E+00
     0.801469045E+00
     0.802164049E+00
     0.804248045E+00
     0.807026363E+00
     0.806158176E+00
     0.807026327E+00
     0.808608341E+00
     0.809399789E+00
     0.811772823E+00
     0.814936296E+00
     0.813947774E+00
     0.814936245E+00
     0.816720804E+00
     0.817613581E+00
     0.820290248E+00
     0.823858234E+00
     0.822743340E+00
     0.823858162E+00
     0.825889341E+00
     0.826905484E+00
     0.829951763E+00
     0.834012044E+00
     0.832743367E+00
     0.834011939E+00
     0.836264951E+00
     0.837392010E+00
     0.840770561E+00
     0.845273194E+00
     0.843866361E+00
     0.845273055E+00
     0.847531447E+00
     0.848661061E+00
     0.852047298E+00
     0.856559786E+00
     0.855149921E+00
     0.856559650E+00
     0.858825239E+00
     0.859958319E+00
     0.863354969E+00
     0.867880950E+00
     0.866466917E+00
     0.867880816E+00
     0.870152712E+00
     0.871288813E+00
     0.874694546E+00
     0.879232251E+00
     0.877814602E+00
     0.879232121E+00
     0.881509563E+00
     0.882648307E+00
     0.886061988E+00
     0.890609911E+00
     0.889189116E+00
     0.890609783E+00
     0.892892104E+00
     0.894033158E+00
     0.897453791E+00
     0.902010609E+00
     0.900587081E+00
     0.902010484E+00
     0.904295381E+00
     0.905437597E+00
     0.908861738E+00
     0.913422873E+00
     0.911998040E+00
     0.913422751E+00
     0.915690802E+00
     0.916824476E+00
     0.920223060E+00
     0.924749842E+00
     0.923335779E+00
     0.924749726E+00
     0.927009900E+00
     0.928139519E+00
     0.931525984E+00
     0.936036313E+00
     0.934627429E+00
     0.936036202E+00
     0.938295058E+00
     0.939423904E+00
     0.942808081E+00
     0.947315043E+00
     0.945907250E+00
     0.947314935E+00
     0.949576819E+00
     0.950707064E+00
     0.954095458E+00
     0.958607716E+00
     0.957198309E+00
     0.958607610E+00
     0.960875515E+00
     0.962008654E+00
     0.965405747E+00
     0.969929261E+00
     0.968516378E+00
     0.969929158E+00
     0.972205207E+00
     0.973342302E+00
     0.976751271E+00
     0.981290269E+00
     0.979872590E+00
     0.981290166E+00
     0.983575893E+00
     0.984717707E+00
     0.988140841E+00
     0.992698365E+00
     0.991274942E+00
     0.992698265E+00
     0.994994775E+00
     0.996141861E+00
     0.999580815E+00
     0.100415906E+01
     0.100272921E+01
     0.100415896E+01
     0.100646705E+01
     0.100761980E+01
     0.101107576E+01
     0.101567629E+01
     0.101423952E+01
     0.101567619E+01
     0.101798896E+01
     0.101914394E+01
     0.102260659E+01
     0.102721572E+01
     0.102577630E+01
     0.102721562E+01
     0.102953033E+01
     0.103068616E+01
     0.103415140E+01
     0.103876366E+01
     0.103732330E+01
     0.103876357E+01
     0.104108020E+01
     0.104223689E+01
     0.104570471E+01
     0.105032011E+01
     0.104887881E+01
     0.105032002E+01
     0.105263858E+01
     0.105379612E+01
     0.105726653E+01
     0.106188506E+01
     0.106044282E+01
     0.106188497E+01
     0.106420546E+01
     0.106536386E+01
     0.106883687E+01
     0.107345855E+01
     0.107201537E+01
     0.107345847E+01
     0.107578092E+01
     0.107694019E+01
     0.108041582E+01
     0.108504071E+01
     0.108359656E+01
     0.108504062E+01
     0.108736506E+01
     0.108852522E+01
     0.109200353E+01
     0.109663168E+01
     0.109518654E+01
     0.109663159E+01
     0.109895805E+01
     0.110011911E+01
     0.110360016E+01
     0.110823165E+01
     0.110678551E+01
     0.110823156E+01
     0.111056009E+01
     0.111172208E+01
     0.111520592E+01
     0.111984083E+01
     0.111839366E+01
     0.111984075E+01
     0.112217139E+01
     0.112333433E+01
     0.112682104E+01
     0.113145947E+01
     0.113001124E+01
     0.113145939E+01
     0.113379219E+01
     0.113495610E+01
     0.113844575E+01
     0.114308780E+01
     0.114163848E+01
     0.114308773E+01
     0.114542274E+01
     0.114658765E+01
     0.115008032E+01
     0.115472608E+01
     0.115327563E+01
     0.115472601E+01
     0.115706329E+01
     0.115822922E+01
     0.116172498E+01
     0.116637457E+01
     0.116492296E+01
     0.116637449E+01
     0.116871409E+01
     0.116988107E+01
     0.117338000E+01
     0.117803350E+01
     0.117658071E+01
     0.117803343E+01
     0.118037539E+01
     0.118154345E+01
     0.118504562E+01
     0.118970314E+01
     0.118824913E+01
     0.118970307E+01
     0.119204744E+01
     0.119321660E+01
     0.119672209E+01
     0.120138371E+01
     0.119992846E+01
     0.120138364E+01
     0.120373047E+01
     0.120490075E+01
     0.120840962E+01
     0.121307544E+01
     0.121161892E+01
     0.121307537E+01
     0.121542471E+01
     0.121659613E+01
     0.122010844E+01
     0.122477853E+01
     0.122332071E+01
     0.122477847E+01
     0.122713034E+01
     0.122830293E+01
     0.123181873E+01
     0.123649318E+01
     0.123503404E+01
     0.123649312E+01
     0.123884757E+01
     0.124002133E+01
     0.124354069E+01
     0.124821955E+01
     0.124675907E+01
     0.124821949E+01
     0.125057655E+01
     0.125175151E+01
     0.125527446E+01
     0.125995780E+01
     0.125849596E+01
     0.125995773E+01
     0.126231744E+01
     0.126349360E+01
     0.126702019E+01
     0.127170804E+01
     0.127024483E+01
     0.127170798E+01
     0.127407034E+01
     0.127524772E+01
     0.127877797E+01
     0.128347038E+01
     0.128200579E+01
     0.128347032E+01
     0.128583536E+01
     0.128701396E+01
     0.129054791E+01
     0.129524490E+01
     0.129377891E+01
     0.129524484E+01
     0.129761257E+01
     0.129879240E+01
     0.130233004E+01
     0.130703164E+01
     0.130556425E+01
     0.130703158E+01
     0.130940201E+01
     0.131058306E+01
     0.131412442E+01
     0.131883061E+01
     0.131736183E+01
     0.131883055E+01
     0.132120368E+01
     0.132238597E+01
     0.132593102E+01
     0.133064181E+01
     0.132917164E+01
     0.133064176E+01
     0.133301757E+01
     0.133420108E+01
     0.133774983E+01
     0.134246519E+01
     0.134099363E+01
     0.134246514E+01
     0.134484363E+01
     0.134602836E+01
     0.134958078E+01
     0.135430068E+01
     0.135282775E+01
     0.135430063E+01
     0.135668178E+01
     0.135786772E+01
     0.136142378E+01
     0.136614816E+01
     0.136467387E+01
     0.136614811E+01
     0.136853190E+01
     0.136971903E+01
     0.137327868E+01
     0.137800750E+01
     0.137653187E+01
     0.137800745E+01
     0.138039385E+01
     0.138158215E+01
     0.138514534E+01
     0.138987850E+01
     0.138840156E+01
     0.138987845E+01
     0.139226742E+01
     0.139345688E+01
     0.139702354E+01
     0.140176097E+01
     0.140028274E+01
     0.140176092E+01
     0.140415240E+01
     0.140534299E+01
     0.140891305E+01
     0.141365463E+01
     0.141217515E+01
     0.141365458E+01
     0.141604853E+01
     0.141724021E+01
     0.142081359E+01
     0.142555920E+01
     0.142407851E+01
     0.142555915E+01
     0.142795550E+01
     0.142914825E+01
     0.143272484E+01
     0.143747434E+01
     0.143599248E+01
     0.143747430E+01
     0.143987298E+01
     0.144106675E+01
     0.144464645E+01
     0.144939968E+01
     0.144791670E+01
     0.144939964E+01
     0.145180057E+01
     0.145299534E+01
     0.145657801E+01
     0.146133480E+01
     0.145985076E+01
     0.146133476E+01
     0.146373787E+01
     0.146493357E+01
     0.146851909E+01
     0.147327925E+01
     0.147179421E+01
     0.147327921E+01
     0.147568439E+01
     0.147688098E+01
     0.148046918E+01
     0.148523252E+01
     0.148374653E+01
     0.148523248E+01
     0.148763962E+01
     0.148883705E+01
     0.149242778E+01
     0.149719405E+01
     0.149570720E+01
     0.149719401E+01
     0.149960301E+01
     0.150080121E+01
     0.150439429E+01
     0.150916326E+01
     0.150767562E+01
     0.150916322E+01
     0.151157395E+01
     0.151277286E+01
     0.151636810E+01
     0.152113950E+01
     0.151965116E+01
     0.152113946E+01
     0.152355179E+01
     0.152475135E+01
     0.152834853E+01
     0.153312208E+01
     0.153163312E+01
     0.153312204E+01
     0.153553583E+01
     0.153673596E+01
     0.154033487E+01
     0.154511026E+01
     0.154362078E+01
     0.154511023E+01
     0.154752532E+01
     0.154872594E+01
     0.155232634E+01
     0.155710326E+01
     0.155561336E+01
     0.155710322E+01
     0.155951946E+01
     0.156072048E+01
     0.156432214E+01
     0.156910023E+01
     0.156761002E+01
     0.156910020E+01
     0.157151740E+01
     0.157271875E+01
     0.157632138E+01
     0.158110028E+01
     0.157960988E+01
     0.158110025E+01
     0.158351825E+01
     0.158471982E+01
     0.158832315E+01
     0.159310249E+01
     0.159161201E+01
     0.159310246E+01
     0.159552105E+01
     0.159672275E+01
     0.160032647E+01
     0.160510584E+01
     0.160361542E+01
     0.160510581E+01
     0.160752481E+01
     0.160872652E+01
     0.161233033E+01
     0.161710930E+01
     0.161561907E+01
     0.161710928E+01
     0.161952846E+01
     0.162073008E+01
     0.162433365E+01
     0.162911178E+01
     0.162762187E+01
     0.162911176E+01
     0.163153090E+01
     0.163273232E+01
     0.163633531E+01
     0.164111213E+01
     0.163962269E+01
     0.164111210E+01
     0.164353098E+01
     0.164473208E+01
     0.164833413E+01
     0.165310914E+01
     0.165162034E+01
     0.165310912E+01
     0.165552749E+01
     0.165672814E+01
     0.166032887E+01
     0.166510158E+01
     0.166361357E+01
     0.166510156E+01
     0.166751917E+01
     0.166871925E+01
     0.167231828E+01
     0.167708815E+01
     0.167560109E+01
     0.167708813E+01
     0.167950472E+01
     0.168070409E+01
     0.168430102E+01
     0.168906751E+01
     0.168758158E+01
     0.168906749E+01
     0.169148279E+01
     0.169268131E+01
     0.169627571E+01
     0.170103826E+01
     0.169955363E+01
     0.170103824E+01
     0.170345198E+01
     0.170464950E+01
     0.170824096E+01
     0.171299897E+01
     0.171151583E+01
     0.171299896E+01
     0.171541084E+01
     0.171660722E+01
     0.172019529E+01
     0.172494816E+01
     0.172346671E+01
     0.172494815E+01
     0.172735789E+01
     0.172855297E+01
     0.173213720E+01
     0.173688432E+01
     0.173540474E+01
     0.173688431E+01
     0.173929160E+01
     0.174048524E+01
     0.174406515E+01
     0.174880589E+01
     0.174732839E+01
     0.174880589E+01
     0.175121042E+01
     0.175240245E+01
     0.175597758E+01
     0.176071128E+01
     0.175923605E+01
     0.176071128E+01
     0.176311274E+01
     0.176430300E+01
     0.176787286E+01
     0.177259887E+01
     0.177112613E+01
     0.177259886E+01
     0.177499694E+01
     0.177618526E+01
     0.177974936E+01
     0.178446700E+01
     0.178299695E+01
     0.178446699E+01
     0.178686135E+01
     0.178804758E+01
     0.179160540E+01
     0.179631398E+01
     0.179484686E+01
     0.179631398E+01
     0.179870430E+01
     0.179988826E+01
     0.180343930E+01
     0.180813813E+01
     0.180667414E+01
     0.180813813E+01
     0.181052408E+01
     0.181170559E+01
     0.181524934E+01
     0.181993771E+01
     0.181847708E+01
     0.181993771E+01
     0.182231895E+01
     0.182349784E+01
     0.182703378E+01
     0.183171097E+01
     0.183025392E+01
     0.183171098E+01
     0.183408717E+01
     0.183526327E+01
     0.183879086E+01
     0.184345616E+01
     0.184200292E+01
     0.184345617E+01
     0.184582697E+01
     0.184700009E+01
     0.185051881E+01
     0.185517148E+01
     0.185372229E+01
     0.185517149E+01
     0.185753657E+01
     0.185870653E+01
     0.186221584E+01
     0.186685514E+01
     0.186541022E+01
     0.186685516E+01
     0.186916624E+01
     0.187030944E+01
     0.187373850E+01
     0.187827157E+01
     0.187685976E+01
     0.187827159E+01
     0.188050538E+01
     0.188161041E+01
     0.188492503E+01
     0.188930711E+01
     0.188794229E+01
     0.188930713E+01
     0.189147121E+01
     0.189254179E+01
     0.189575315E+01
     0.189999891E+01
     0.189867652E+01
     0.189999893E+01
     0.190209911E+01
     0.190313810E+01
     0.190625475E+01
     0.191037545E+01
     0.190909199E+01
     0.191037547E+01
     0.191241644E+01
     0.191342616E+01
     0.191645503E+01
     0.192045976E+01
     0.191921241E+01
     0.192045978E+01
     0.192244543E+01
     0.192342778E+01
     0.192637458E+01
     0.193027088E+01
     0.192905730E+01
     0.193027090E+01
     0.193220447E+01
     0.193316106E+01
     0.193603061E+01
     0.193982480E+01
     0.193864301E+01
     0.193982482E+01
     0.194170909E+01
     0.194264128E+01
     0.194543768E+01
     0.194913516E+01
     0.194798349E+01
     0.194913518E+01
     0.195097256E+01
     0.195188153E+01
     0.195460832E+01
     0.195821376E+01
     0.195709077E+01
     0.195821378E+01
     0.196000637E+01
     0.196089316E+01
     0.196355345E+01
     0.196707094E+01
     0.196597534E+01
     0.196707096E+01
     0.196882061E+01
     0.196968614E+01
     0.197228266E+01
     0.197571583E+01
     0.197464650E+01
     0.197571585E+01
     0.197742421E+01
     0.197826930E+01
     0.198080452E+01
     0.198415659E+01
     0.198311252E+01
     0.198415661E+01
     0.198582518E+01
     0.198665057E+01
     0.198912669E+01
     0.199240058E+01
     0.199138087E+01
     0.199240060E+01
     0.199403075E+01
     0.199483709E+01
     0.199725612E+01
     0.200045450E+01
     0.199945831E+01
     0.200045452E+01
     0.200204747E+01
     0.200283540E+01
     0.200519919E+01
     0.200832446E+01
     0.200735105E+01
     0.200832449E+01
     0.200988140E+01
     0.201065147E+01
     0.201296171E+01
     0.201601613E+01
     0.201506480E+01
     0.201601616E+01
     0.201753809E+01
     0.201829083E+01
     0.202054911E+01
     0.202353476E+01
     0.202260485E+01
     0.202353478E+01
     0.202502273E+01
     0.202575863E+01
     0.202796641E+01
     0.203088525E+01
     0.202997615E+01
     0.203088527E+01
     0.203234017E+01
     0.203305969E+01
     0.203521835E+01
     0.203807219E+01
     0.203718335E+01
     0.203807221E+01
     0.203949494E+01
     0.204019852E+01
     0.204230938E+01
     0.204509994E+01
     0.204423082E+01
     0.204509996E+01
     0.204649135E+01
     0.204717940E+01
     0.204924369E+01
     0.205197261E+01
     0.205112269E+01
     0.205197263E+01
     0.205333347E+01
     0.205400639E+01
     0.205602528E+01
     0.205869412E+01
     0.205786292E+01
     0.205869414E+01
     0.206002519E+01
     0.206068334E+01
     0.206265796E+01
     0.206526820E+01
     0.206445526E+01
     0.206526822E+01
     0.206657020E+01
     0.206721395E+01
     0.206914536E+01
     0.207169843E+01
     0.207090331E+01
     0.207169845E+01
     0.207297205E+01
     0.207360175E+01
     0.207549099E+01
     0.207798824E+01
     0.207721051E+01
     0.207798826E+01
     0.207923416E+01
     0.207985013E+01
     0.208169820E+01
     0.208414094E+01
     0.208338020E+01
     0.208414096E+01
     0.208535980E+01
     0.208596236E+01
     0.208777021E+01
     0.209015971E+01
     0.208941556E+01
     0.209015973E+01
     0.209135214E+01
     0.209194159E+01
     0.209371015E+01
     0.209604763E+01
     0.209531969E+01
     0.209604765E+01
     0.209721422E+01
     0.209779087E+01
     0.209952102E+01
     0.210180767E+01
     0.210109557E+01
     0.210180769E+01
     0.210294900E+01
     0.210351314E+01
     0.210520575E+01
     0.210744271E+01
     0.210674609E+01
     0.210744273E+01
     0.210855935E+01
     0.210911125E+01
     0.211076716E+01
     0.211295553E+01
     0.211227406E+01
     0.211295555E+01
     0.211404803E+01
     0.211458797E+01
     0.211620799E+01
     0.211834885E+01
     0.211768218E+01
     0.211834887E+01
     0.211941773E+01
     0.211994597E+01
     0.212153090E+01
     0.212362529E+01
     0.212297310E+01
     0.212362531E+01
     0.212467108E+01
     0.212518787E+01
     0.212673846E+01
     0.212878740E+01
     0.212814937E+01
     0.212878742E+01
     0.212981059E+01
     0.213031618E+01
     0.213183319E+01
     0.213383766E+01
     0.213321349E+01
     0.213383768E+01
     0.213483874E+01
     0.213533338E+01
     0.213681752E+01
     0.213877848E+01
     0.213816787E+01
     0.213877850E+01
     0.213975793E+01
     0.214024185E+01
     0.214169383E+01
     0.214361221E+01
     0.214301487E+01
     0.214361223E+01
     0.214457048E+01
     0.214504391E+01
     0.214646442E+01
     0.214834113E+01
     0.214775677E+01
     0.214834114E+01
     0.214927868E+01
     0.214974184E+01
     0.215113154E+01
     0.215296745E+01
     0.215239581E+01
     0.215296747E+01
     0.215388472E+01
     0.215433783E+01
     0.215569737E+01
     0.215749336E+01
     0.215693416E+01
     0.215749338E+01
     0.215839077E+01
     0.215883403E+01
     0.216016405E+01
     0.216192094E+01
     0.216137393E+01
     0.216192096E+01
     0.216279891E+01
     0.216323254E+01
     0.216453364E+01
     0.216625226E+01
     0.216571717E+01
     0.216625228E+01
     0.216711119E+01
     0.216753538E+01
     0.216880818E+01
     0.217048931E+01
     0.216996591E+01
     0.217048933E+01
     0.217132959E+01
     0.217174454E+01
     0.217298962E+01
     0.217463404E+01
     0.217412208E+01
     0.217463406E+01
     0.217545606E+01
     0.217586196E+01
     0.217707989E+01
     0.217868836E+01
     0.217818760E+01
     0.217868837E+01
     0.217949249E+01
     0.217988953E+01
     0.218108086E+01
     0.218265411E+01
     0.218216433E+01
     0.218265413E+01
     0.218344072E+01
     0.218382908E+01
     0.218499436E+01
     0.218653311E+01
     0.218605408E+01
     0.218653312E+01
     0.218730256E+01
     0.218768240E+01
     0.218882216E+01
     0.219032711E+01
     0.218985862E+01
     0.219032713E+01
     0.219107975E+01
     0.219145126E+01
     0.219256601E+01
     0.219403785E+01
     0.219357967E+01
     0.219403786E+01
     0.219477401E+01
     0.219513735E+01
     0.219622761E+01
     0.219766700E+01
     0.219721893E+01
     0.219766701E+01
     0.219838701E+01
     0.219874236E+01
     0.219980860E+01
     0.220121620E+01
     0.220077805E+01
     0.220121622E+01
     0.220192040E+01
     0.220226790E+01
     0.220331062E+01
     0.220468706E+01
     0.220425862E+01
     0.220468708E+01
     0.220537576E+01
     0.220571558E+01
     0.220673524E+01
     0.220808115E+01
     0.220766223E+01
     0.220808117E+01
     0.220875466E+01
     0.220908695E+01
     0.221008402E+01
     0.221140001E+01
     0.221099041E+01
     0.221140002E+01
     0.221205862E+01
     0.221238353E+01
     0.221335847E+01
     0.221464512E+01
     0.221424466E+01
     0.221464514E+01
     0.221528915E+01
     0.221560682E+01
     0.221656006E+01
     0.221781797E+01
     0.221742647E+01
     0.221781799E+01
     0.221844770E+01
     0.221875829E+01
     0.221969025E+01
     0.222091999E+01
     0.222053728E+01
     0.222092001E+01
     0.222153571E+01
     0.222183935E+01
     0.222275047E+01
     0.222395260E+01
     0.222357849E+01
     0.222395261E+01
     0.222455458E+01
     0.222485141E+01
     0.222574210E+01
     0.222691717E+01
     0.222655149E+01
     0.222691718E+01
     0.222750569E+01
     0.222779585E+01
     0.222866652E+01
     0.222981507E+01
     0.222945766E+01
     0.222981508E+01
     0.223039040E+01
     0.223067402E+01
     0.223152507E+01
     0.223264762E+01
     0.223229831E+01
     0.223264763E+01
     0.223321003E+01
     0.223348724E+01
     0.223431907E+01
     0.223541614E+01
     0.223507478E+01
     0.223541615E+01
     0.223596589E+01
     0.223623683E+01
     0.223704981E+01
     0.223812192E+01
     0.223778834E+01
     0.223812193E+01
     0.223865926E+01
     0.223892405E+01
     0.223971858E+01
     0.224076623E+01
     0.224044027E+01
     0.224076624E+01
     0.224129142E+01
     0.224155018E+01
     0.224232663E+01
     0.224335032E+01
     0.224303183E+01
     0.224335033E+01
     0.224386361E+01
     0.224411647E+01
     0.224487521E+01
     0.224587543E+01
     0.224556425E+01
     0.224587544E+01
     0.224637707E+01
     0.224662414E+01
     0.224736554E+01
     0.224834277E+01
     0.224803877E+01
     0.224834278E+01
     0.224883301E+01
     0.224907443E+01
     0.224979884E+01
     0.225075357E+01
     0.225045658E+01
     0.225075358E+01
     0.225123264E+01
     0.225146852E+01
     0.225217632E+01
     0.225310902E+01
     0.225281890E+01
     0.225310903E+01
     0.225357717E+01
     0.225380763E+01
     0.225449917E+01
     0.225541031E+01
     0.225512691E+01
     0.225541032E+01
     0.225586779E+01
     0.225609295E+01
     0.225676859E+01
     0.225765864E+01
     0.225738182E+01
     0.225765865E+01
     0.225810568E+01
     0.225832567E+01
     0.225898576E+01
     0.225985520E+01
     0.225958480E+01
     0.225985521E+01
     0.226029205E+01
     0.226050697E+01
     0.226115188E+01
     0.226200118E+01
     0.226173707E+01
     0.226200119E+01
     0.226242809E+01
     0.226263807E+01
     0.226326815E+01
     0.226409778E+01
     0.226383980E+01
     0.226409779E+01
     0.226451499E+01
     0.226472016E+01
     0.226533579E+01
     0.226614623E+01
     0.226589424E+01
     0.226614624E+01
     0.226655400E+01
     0.226675447E+01
     0.226735601E+01
     0.226814776E+01
     0.226790160E+01
     0.226814777E+01
     0.226854634E+01
     0.226874225E+01
     0.226933009E+01
     0.227010363E+01
     0.226986315E+01
     0.227010364E+01
     0.227049331E+01
     0.227068478E+01
     0.227125931E+01
     0.227201517E+01
     0.227178021E+01
     0.227201518E+01
     0.227239622E+01
     0.227258339E+01
     0.227314503E+01
     0.227388374E+01
     0.227365413E+01
     0.227388375E+01
     0.227425646E+01
     0.227443948E+01
     0.227498865E+01
     0.227571079E+01
     0.227548635E+01
     0.227571080E+01
     0.227607549E+01
     0.227625452E+01
     0.227679169E+01
     0.227749786E+01
     0.227727841E+01
     0.227749787E+01
     0.227785490E+01
     0.227803009E+01
     0.227855578E+01
     0.227924663E+01
     0.227903197E+01
     0.227924664E+01
     0.227959640E+01
     0.227976796E+01
     0.228028272E+01
     0.228095899E+01
     0.228074889E+01
     0.228095900E+01
     0.228130194E+01
     0.228147007E+01
     0.228197455E+01
     0.228263707E+01
     0.228243127E+01
     0.228263707E+01
     0.228297347E+01
     0.228313831E+01
     0.228363291E+01
     0.228428218E+01
     0.228408053E+01
     0.228428219E+01
     0.228460574E+01
     0.228476426E+01
     0.228523989E+01
     0.228586418E+01
     0.228567029E+01
     0.228586419E+01
     0.228617526E+01
     0.228632764E+01
     0.228678485E+01
     0.228738489E+01
     0.228719855E+01
     0.228738490E+01
     0.228768384E+01
     0.228783026E+01
     0.228826959E+01
     0.228884607E+01
     0.228866705E+01
     0.228884608E+01
     0.228913325E+01
     0.228927389E+01
     0.228969585E+01
     0.229024947E+01
     0.229007756E+01
     0.229024948E+01
     0.229052524E+01
     0.229066026E+01
     0.229106538E+01
     0.229159684E+01
     0.229143182E+01
     0.229159685E+01
     0.229186154E+01
     0.229199112E+01
     0.229237992E+01
     0.229288990E+01
     0.229273156E+01
     0.229288991E+01
     0.229314388E+01
     0.229326820E+01
     0.229364119E+01
     0.229413038E+01
     0.229397850E+01
     0.229413039E+01
     0.229437398E+01
     0.229449321E+01
     0.229485091E+01
     0.229531997E+01
     0.229517435E+01
     0.229531998E+01
     0.229555354E+01
     0.229566784E+01
     0.229601075E+01
     0.229646036E+01
     0.229632078E+01
     0.229646036E+01
     0.229668423E+01
     0.229679377E+01
     0.229712238E+01
     0.229755320E+01
     0.229741946E+01
     0.229755320E+01
     0.229776771E+01
     0.229787264E+01
     0.229818746E+01
     0.229860012E+01
     0.229847203E+01
     0.229860013E+01
     0.229880560E+01
     0.229890609E+01
     0.229920759E+01
     0.229960274E+01
     0.229948009E+01
     0.229960275E+01
     0.229979950E+01
     0.229989572E+01
     0.230018437E+01
     0.230056264E+01
     0.230044523E+01
     0.230056264E+01
     0.230075099E+01
     0.230084308E+01
     0.230111936E+01
     0.230148134E+01
     0.230136900E+01
     0.230148135E+01
     0.230166034E+01
     0.230174785E+01
     0.230201039E+01
     0.230235437E+01
     0.230224762E+01
     0.230235437E+01
     0.230252349E+01
     0.230260619E+01
     0.230285427E+01
     0.230317933E+01
     0.230307844E+01
     0.230317933E+01
     0.230333925E+01
     0.230341746E+01
     0.230365208E+01
     0.230395950E+01
     0.230386409E+01
     0.230395950E+01
     0.230411085E+01
     0.230418487E+01
     0.230440692E+01
     0.230469789E+01
     0.230460758E+01
     0.230469790E+01
     0.230484123E+01
     0.230491134E+01
     0.230512164E+01
     0.230539723E+01
     0.230531169E+01
     0.230539723E+01
     0.230553306E+01
     0.230559950E+01
     0.230579881E+01
     0.230605999E+01
     0.230597892E+01
     0.230605999E+01
     0.230618879E+01
     0.230625180E+01
     0.230644079E+01
     0.230668846E+01
     0.230661159E+01
     0.230668846E+01
     0.230681066E+01
     0.230687044E+01
     0.230704975E+01
     0.230728473E+01
     0.230721180E+01
     0.230728473E+01
     0.230740073E+01
     0.230745747E+01
     0.230762768E+01
     0.230785073E+01
     0.230778150E+01
     0.230785073E+01
     0.230796089E+01
     0.230801478E+01
     0.230817641E+01
     0.230838824E+01
     0.230832249E+01
     0.230838824E+01
     0.230849290E+01
     0.230854410E+01
     0.230869766E+01
     0.230889890E+01
     0.230883644E+01
     0.230889891E+01
     0.230899837E+01
     0.230904704E+01
     0.230919299E+01
     0.230938425E+01
     0.230932489E+01
     0.230938425E+01
     0.230947883E+01
     0.230952509E+01
     0.230966386E+01
     0.230984570E+01
     0.230978926E+01
     0.230984570E+01
     0.230993565E+01
     0.230997966E+01
     0.231011163E+01
     0.231028457E+01
     0.231023090E+01
     0.231028457E+01
     0.231037015E+01
     0.231041202E+01
     0.231053758E+01
     0.231070210E+01
     0.231065104E+01
     0.231070210E+01
     0.231078355E+01
     0.231082339E+01
     0.231094288E+01
     0.231109944E+01
     0.231105085E+01
     0.231109944E+01
     0.231117697E+01
     0.231121490E+01
     0.231132864E+01
     0.231147766E+01
     0.231143141E+01
     0.231147766E+01
     0.231155149E+01
     0.231158760E+01
     0.231169589E+01
     0.231183777E+01
     0.231179374E+01
     0.231183777E+01
     0.231190808E+01
     0.231194248E+01
     0.231204561E+01
     0.231218072E+01
     0.231213879E+01
     0.231218072E+01
     0.231224771E+01
     0.231228047E+01
     0.231237871E+01
     0.231250740E+01
     0.231246746E+01
     0.231250740E+01
     0.231257123E+01
     0.231260244E+01
     0.231269604E+01
     0.231281864E+01
     0.231278060E+01
     0.231281864E+01
     0.231287947E+01
     0.231290922E+01
     0.231299842E+01
     0.231311523E+01
     0.231307898E+01
     0.231311523E+01
     0.231317322E+01
     0.231320158E+01
     0.231328659E+01
     0.231339792E+01
     0.231336338E+01
     0.231339792E+01
     0.231345321E+01
     0.231348024E+01
     0.231356129E+01
     0.231366741E+01
     0.231363448E+01
     0.231366741E+01
     0.231372014E+01
     0.231374591E+01
     0.231382318E+01
     0.231392435E+01
     0.231389297E+01
     0.231392435E+01
     0.231397465E+01
     0.231399922E+01
     0.231407292E+01
     0.231416939E+01
     0.231413946E+01
     0.231416939E+01
     0.231421737E+01
     0.231424081E+01
     0.231431110E+01
     0.231440310E+01
     0.231437456E+01
     0.231440310E+01
     0.231444888E+01
     0.231447125E+01
     0.231453831E+01
     0.231462607E+01
     0.231459885E+01
     0.231462607E+01
     0.231466976E+01
     0.231469111E+01
     0.231475510E+01
     0.231483882E+01
     0.231481285E+01
     0.231483882E+01
     0.231488054E+01
     0.231490091E+01
     0.231496198E+01
     0.231504187E+01
     0.231501710E+01
     0.231504187E+01
     0.231508171E+01
     0.231510116E+01
     0.231515947E+01
     0.231523572E+01
     0.231521207E+01
     0.231523572E+01
     0.231527377E+01
     0.231529235E+01
     0.231534803E+01
     0.231542083E+01
     0.231539826E+01
     0.231542083E+01
     0.231545719E+01
     0.231547494E+01
     0.231552813E+01
     0.231559766E+01
     0.231557610E+01
     0.231559766E+01
     0.231563243E+01
     0.231564938E+01
     0.231570022E+01
     0.231576665E+01
     0.231574606E+01
     0.231576665E+01
     0.231579991E+01
     0.231581612E+01
     0.231586473E+01
     0.231592823E+01
     0.231590855E+01
     0.231592823E+01
     0.231596007E+01
     0.231597558E+01
     0.231602210E+01
     0.231608283E+01
     0.231606401E+01
     0.231608283E+01
     0.231611334E+01
     0.231612820E+01
     0.231617274E+01
     0.231623088E+01
     0.231621286E+01
     0.231623088E+01
     0.231626014E+01
     0.231627439E+01
     0.231631709E+01
     0.231637281E+01
     0.231635554E+01
     0.231637281E+01
     0.231640086E+01
     0.231641451E+01
     0.231645543E+01
     0.231650880E+01
     0.231649226E+01
     0.231650879E+01
     0.231653555E+01
     0.231654856E+01
     0.231658755E+01
     0.231663839E+01
     0.231662264E+01
     0.231663839E+01
     0.231666390E+01
     0.231667630E+01
     0.231671348E+01
     0.231676191E+01
     0.231674691E+01
     0.231676191E+01
     0.231678626E+01
     0.231679808E+01
     0.231683353E+01
     0.231687969E+01
     0.231686540E+01
     0.231687969E+01
     0.231690293E+01
     0.231691421E+01
     0.231694803E+01
     0.231699204E+01
     0.231697842E+01
     0.231699204E+01
     0.231701425E+01
     0.231702502E+01
     0.231705730E+01
     0.231709929E+01
     0.231708630E+01
     0.231709929E+01
     0.231712053E+01
     0.231713083E+01
     0.231716168E+01
     0.231720177E+01
     0.231718937E+01
     0.231720177E+01
     0.231722212E+01
     0.231723198E+01
     0.231726151E+01
     0.231729985E+01
     0.231728800E+01
     0.231729985E+01
     0.231731941E+01
     0.231732886E+01
     0.231735720E+01
     0.231739395E+01
     0.231738259E+01
     0.231739395E+01
     0.231741282E+01
     0.231742193E+01
     0.231744922E+01
     0.231748458E+01
     0.231747366E+01
     0.231748458E+01
     0.231750129E+01
     0.231750937E+01
     0.231753358E+01
     0.231756497E+01
     0.231755527E+01
     0.231756497E+01
     0.231757941E+01
     0.231758641E+01
     0.231760738E+01
     0.231763462E+01
     0.231762620E+01
     0.231763462E+01
     0.231764742E+01
     0.231765363E+01
     0.231767223E+01
     0.231769642E+01
     0.231768894E+01
     0.231769642E+01
     0.231770793E+01
     0.231771351E+01
     0.231773025E+01
     0.231775204E+01
     0.231774530E+01
     0.231775204E+01
     0.231776248E+01
     0.231776756E+01
     0.231778276E+01
     0.231780257E+01
     0.231779644E+01
     0.231780257E+01
     0.231781210E+01
     0.231781674E+01
     0.231783064E+01
     0.231784876E+01
     0.231784315E+01
     0.231784876E+01
     0.231785751E+01
     0.231786178E+01
     0.231787455E+01
     0.231789119E+01
     0.231788603E+01
     0.231789119E+01
     0.231789926E+01
     0.231790319E+01
     0.231791497E+01
     0.231793032E+01
     0.231792556E+01
     0.231793032E+01
     0.231793778E+01
     0.231794142E+01
     0.231795231E+01
     0.231796651E+01
     0.231796211E+01
     0.231796651E+01
     0.231797343E+01
     0.231797680E+01
     0.231798690E+01
     0.231800008E+01
     0.231799599E+01
     0.231800008E+01
     0.231800650E+01
     0.231800964E+01
     0.231801902E+01
     0.231803127E+01
     0.231802747E+01
     0.231803127E+01
     0.231803725E+01
     0.231804017E+01
     0.231804890E+01
     0.231806031E+01
     0.231805677E+01
     0.231806031E+01
     0.231806588E+01
     0.231806860E+01
     0.231807675E+01
     0.231808738E+01
     0.231808409E+01
     0.231808738E+01
     0.231809259E+01
     0.231809513E+01
     0.231810274E+01
     0.231811267E+01
     0.231810959E+01
     0.231811267E+01
     0.231811754E+01
     0.231811991E+01
     0.231812703E+01
     0.231813631E+01
     0.231813343E+01
     0.231813631E+01
     0.231814087E+01
     0.231814309E+01
     0.231814974E+01
     0.231815844E+01
     0.231815574E+01
     0.231815844E+01
     0.231816270E+01
     0.231816479E+01
     0.231817102E+01
     0.231817916E+01
     0.231817664E+01
     0.231817916E+01
     0.231818317E+01
     0.231818512E+01
     0.231819096E+01
     0.231819860E+01
     0.231819623E+01
     0.231819860E+01
     0.231820235E+01
     0.231820419E+01
     0.231820967E+01
     0.231821684E+01
     0.231821462E+01
     0.231821684E+01
     0.231822036E+01
     0.231822208E+01
     0.231822724E+01
     0.231823397E+01
     0.231823188E+01
     0.231823397E+01
     0.231823728E+01
     0.231823890E+01
     0.231824374E+01
     0.231825006E+01
     0.231824810E+01
     0.231825006E+01
     0.231825317E+01
     0.231825469E+01
     0.231825925E+01
     0.231826519E+01
     0.231826335E+01
     0.231826519E+01
     0.231826812E+01
     0.231826955E+01
     0.231827383E+01
     0.231827943E+01
     0.231827769E+01
     0.231827943E+01
     0.231828218E+01
     0.231828353E+01
     0.231828756E+01
     0.231829282E+01
     0.231829119E+01
     0.231829282E+01
     0.231829542E+01
     0.231829669E+01
     0.231830048E+01
     0.231830544E+01
     0.231830390E+01
     0.231830544E+01
     0.231830788E+01
     0.231830908E+01
     0.231831265E+01
     0.231831732E+01
     0.231831587E+01
     0.231831732E+01
     0.231831962E+01
     0.231832075E+01
     0.231832412E+01
     0.231832851E+01
     0.231832715E+01
     0.231832851E+01
     0.231833069E+01
     0.231833175E+01
     0.231833492E+01
     0.231833907E+01
     0.231833778E+01
     0.231833907E+01
     0.231834112E+01
     0.231834212E+01
     0.231834511E+01
     0.231834902E+01
     0.231834781E+01
     0.231834902E+01
     0.231835095E+01
     0.231835189E+01
     0.231835472E+01
     0.231835840E+01
     0.231835726E+01
     0.231835840E+01
     0.231836023E+01
     0.231836112E+01
     0.231836378E+01
     0.231836726E+01
     0.231836618E+01
     0.231836726E+01
     0.231836898E+01
     0.231836982E+01
     0.231837233E+01
     0.231837561E+01
     0.231837460E+01
     0.231837561E+01
     0.231837724E+01
     0.231837803E+01
     0.231838040E+01
     0.231838350E+01
     0.231838254E+01
     0.231838350E+01
     0.231838503E+01
     0.231838578E+01
     0.231838802E+01
     0.231839094E+01
     0.231839003E+01
     0.231839094E+01
     0.231839239E+01
     0.231839309E+01
     0.231839521E+01
     0.231839797E+01
     0.231839711E+01
     0.231839797E+01
     0.231839933E+01
     0.231840000E+01
     0.231840200E+01
     0.231840460E+01
     0.231840379E+01
     0.231840460E+01
     0.231840589E+01
     0.231840652E+01
     0.231840841E+01
     0.231841087E+01
     0.231841011E+01
     0.231841087E+01
     0.231841209E+01
     0.231841268E+01
     0.231841446E+01
     0.231841679E+01
     0.231841607E+01
     0.231841679E+01
     0.231841794E+01
     0.231841850E+01
     0.231842018E+01
     0.231842238E+01
     0.231842170E+01
     0.231842238E+01
     0.231842346E+01
     0.231842400E+01
     0.231842558E+01
     0.231842766E+01
     0.231842701E+01
     0.231842766E+01
     0.231842868E+01
     0.231842919E+01
     0.231843069E+01
     0.231843264E+01
     0.231843204E+01
     0.231843264E+01
     0.231843362E+01
     0.231843409E+01
     0.231843551E+01
     0.231843736E+01
     0.231843679E+01
     0.231843736E+01
     0.231843828E+01
     0.231843872E+01
     0.231844006E+01
     0.231844181E+01
     0.231844127E+01
     0.231844181E+01
     0.231844268E+01
     0.231844310E+01
     0.231844437E+01
     0.231844602E+01
     0.231844551E+01
     0.231844602E+01
     0.231844684E+01
     0.231844724E+01
     0.231844844E+01
     0.231845000E+01
     0.231844951E+01
     0.231845000E+01
     0.231845077E+01
     0.231845115E+01
     0.231845228E+01
     0.231845375E+01
     0.231845330E+01
     0.231845375E+01
     0.231845449E+01
     0.231845484E+01
     0.231845591E+01
     0.231845730E+01
     0.231845687E+01
     0.231845730E+01
     0.231845800E+01
     0.231845834E+01
     0.231845935E+01
     0.231846066E+01
     0.231846025E+01
     0.231846066E+01
     0.231846132E+01
     0.231846164E+01
     0.231846259E+01
     0.231846383E+01
     0.231846345E+01
     0.231846383E+01
     0.231846446E+01
     0.231846476E+01
     0.231846566E+01
     0.231846683E+01
     0.231846647E+01
     0.231846683E+01
     0.231846742E+01
     0.231846771E+01
     0.231846856E+01
     0.231846967E+01
     0.231846933E+01
     0.231846967E+01
     0.231847023E+01
     0.231847050E+01
     0.231847131E+01
     0.231847236E+01
     0.231847203E+01
     0.231847236E+01
     0.231847288E+01
     0.231847314E+01
     0.231847390E+01
     0.231847490E+01
     0.231847459E+01
     0.231847490E+01
     0.231847540E+01
     0.231847564E+01
     0.231847636E+01
     0.231847730E+01
     0.231847701E+01
     0.231847730E+01
     0.231847778E+01
     0.231847801E+01
     0.231847870E+01
     0.231847959E+01
     0.231847931E+01
     0.231847959E+01
     0.231848004E+01
     0.231848026E+01
     0.231848091E+01
     0.231848175E+01
     0.231848149E+01
     0.231848175E+01
     0.231848218E+01
     0.231848239E+01
     0.231848301E+01
     0.231848382E+01
     0.231848357E+01
     0.231848382E+01
     0.231848423E+01
     0.231848443E+01
     0.231848502E+01
     0.231848579E+01
     0.231848555E+01
     0.231848579E+01
     0.231848618E+01
     0.231848637E+01
     0.231848694E+01
     0.231848768E+01
     0.231848745E+01
     0.231848768E+01
     0.231848807E+01
     0.231848825E+01
     0.231848881E+01
     0.231848953E+01
     0.231848930E+01
     0.231848953E+01
     0.231848992E+01
     0.231849010E+01
     0.231849066E+01
     0.231849138E+01
     0.231849116E+01
     0.231849138E+01
     0.231849179E+01
     0.231849198E+01
     0.231849257E+01
     0.231849331E+01
     0.231849308E+01
     0.231849331E+01
     0.231849366E+01
     0.231849382E+01
     0.231849431E+01
     0.231849494E+01
     0.231849475E+01
     0.231849360E+01
     0.231849373E+01
     0.231849414E+01
     0.231849467E+01
     0.231849451E+01
     0.231849467E+01
     0.231849493E+01
     0.231849506E+01
     0.231849544E+01
     0.231849593E+01
     0.231849578E+01
     0.231849593E+01
     0.231849615E+01
     0.231849625E+01
     0.231849657E+01
     0.231849698E+01
     0.231849685E+01
     0.231849698E+01
     0.231849717E+01
     0.231849726E+01
     0.231849753E+01
     0.231849788E+01
     0.231849778E+01
     0.231849788E+01
     0.231849805E+01
     0.231849813E+01
     0.231849837E+01
     0.231849868E+01
     0.231849859E+01
     0.231849868E+01
     0.231849883E+01
     0.231849890E+01
     0.231849912E+01
     0.231849939E+01
     0.231849931E+01
     0.231849939E+01
     0.231849953E+01
     0.231849959E+01
     0.231849978E+01
     0.231850003E+01
     0.231849996E+01
     0.231850003E+01
     0.231850015E+01
     0.231850021E+01
     0.231850038E+01
     0.231850061E+01
     0.231850054E+01
     0.231850061E+01
     0.231850072E+01
     0.231850077E+01
     0.231850093E+01
     0.231850113E+01
     0.231850107E+01
     0.231850113E+01
     0.231850123E+01
     0.231850128E+01
     0.231850142E+01
     0.231850160E+01
     0.231850155E+01
     0.231850160E+01
     0.231850169E+01
     0.231850174E+01
     0.231850187E+01
     0.231850204E+01
     0.231850199E+01
     0.231850204E+01
     0.231850212E+01
     0.231850216E+01
     0.231850228E+01
     0.231850243E+01
     0.231850239E+01
     0.231850243E+01
     0.231850251E+01
     0.231850255E+01
     0.231850265E+01
     0.231850280E+01
     0.231850275E+01
     0.231850280E+01
     0.231850286E+01
     0.231850290E+01
     0.231850300E+01
     0.231850313E+01
     0.231850309E+01
     0.231850313E+01
     0.231850319E+01
     0.231850322E+01
     0.231850331E+01
     0.231850343E+01
     0.231850340E+01
     0.231850343E+01
     0.231850349E+01
     0.231850352E+01
     0.231850360E+01
     0.231850371E+01
     0.231850368E+01
     0.231850371E+01
     0.231850377E+01
     0.231850379E+01
     0.231850387E+01
     0.231850397E+01
     0.231850394E+01
     0.231850397E+01
     0.231850402E+01
     0.231850404E+01
     0.231850412E+01
     0.231850421E+01
     0.231850418E+01
     0.231850421E+01
     0.231850425E+01
     0.231850428E+01
     0.231850434E+01
     0.231850443E+01
     0.231850440E+01
     0.231850443E+01
     0.231850447E+01
     0.231850449E+01
     0.231850455E+01
     0.231850463E+01
     0.231850461E+01
     0.231850463E+01
     0.231850467E+01
     0.231850469E+01
     0.231850474E+01
     0.231850482E+01
     0.231850479E+01
     0.231850482E+01
     0.231850485E+01
     0.231850487E+01
     0.231850492E+01
     0.231850499E+01
     0.231850497E+01
     0.231850499E+01
     0.231850502E+01
     0.231850504E+01
     0.231850509E+01
     0.231850515E+01
     0.231850513E+01
     0.231850515E+01
     0.231850518E+01
     0.231850519E+01
     0.231850524E+01
     0.231850529E+01
     0.231850528E+01
     0.231850529E+01
     0.231850532E+01
     0.231850534E+01
     0.231850538E+01
     0.231850543E+01
     0.231850541E+01
     0.231850543E+01
     0.231850546E+01
     0.231850547E+01
     0.231850551E+01
     0.231850555E+01
     0.231850554E+01
     0.231850555E+01
     0.231850558E+01
     0.231850559E+01
     0.231850563E+01
     0.231850567E+01
     0.231850566E+01
     0.231850567E+01
     0.231850569E+01
     0.231850570E+01
     0.231850574E+01
     0.231850578E+01
     0.231850576E+01
     0.231850578E+01
     0.231850580E+01
     0.231850581E+01
     0.231850584E+01
     0.231850588E+01
     0.231850586E+01
     0.231850588E+01
     0.231850590E+01
     0.231850590E+01
     0.231850593E+01
     0.231850597E+01
     0.231850596E+01
     0.231850597E+01
     0.231850599E+01
     0.231850599E+01
     0.231850602E+01
     0.231850605E+01
     0.231850604E+01
     0.231850605E+01
     0.231850607E+01
     0.231850608E+01
     0.231850610E+01
     0.231850613E+01
     0.231850612E+01
     0.231850613E+01
     0.231850615E+01
     0.231850615E+01
     0.231850617E+01
     0.231850620E+01
     0.231850619E+01
     0.231850620E+01
     0.231850622E+01
     0.231850622E+01
     0.231850624E+01
     0.231850627E+01
     0.231850626E+01
     0.231850627E+01
     0.231850628E+01
     0.231850629E+01
     0.231850631E+01
     0.231850633E+01
     0.231850632E+01
     0.231850633E+01
     0.231850634E+01
     0.231850635E+01
     0.231850637E+01
     0.231850639E+01
     0.231850638E+01
     0.231850639E+01
     0.231850640E+01
     0.231850640E+01
     0.231850642E+01
     0.231850644E+01
     0.231850643E+01
     0.231850644E+01
     0.231850645E+01
     0.231850646E+01
     0.231850647E+01
     0.231850649E+01
     0.231850648E+01
     0.231850649E+01
     0.231850650E+01
     0.231850650E+01
     0.231850652E+01
     0.231850653E+01
     0.231850653E+01
     0.231850653E+01
     0.231850654E+01
     0.231850655E+01
     0.231850656E+01
     0.231850657E+01
     0.231850657E+01
     0.231850657E+01
     0.231850658E+01
     0.231850659E+01
     0.231850660E+01
     0.231850661E+01
     0.231850661E+01
     0.231850661E+01
     0.231850662E+01
     0.231850662E+01
     0.231850663E+01
     0.231850665E+01
     0.231850664E+01
     0.231850665E+01
     0.231850665E+01
     0.231850666E+01
     0.231850667E+01
     0.231850668E+01
     0.231850668E+01
     0.231850668E+01
     0.231850669E+01
     0.231850669E+01
     0.231850670E+01
     0.231850671E+01
     0.231850671E+01
     0.231850671E+01
     0.231850672E+01
     0.231850672E+01
     0.231850673E+01
     0.231850674E+01
     0.231850673E+01
     0.231850674E+01
     0.231850674E+01
     0.231850675E+01
     0.231850675E+01
     0.231850676E+01
     0.231850676E+01
     0.231850676E+01
     0.231850677E+01
     0.231850677E+01
     0.231850678E+01
     0.231850679E+01
     0.231850678E+01
     0.231850679E+01
     0.231850679E+01
     0.231850679E+01
     0.231850680E+01
     0.231850681E+01
     0.231850680E+01
     0.231850681E+01
     0.231850681E+01
     0.231850681E+01
     0.231850682E+01
     0.231850683E+01
     0.231850682E+01
     0.231850683E+01
     0.231850683E+01
     0.231850683E+01
     0.231850684E+01
     0.231850685E+01
     0.231850684E+01
     0.231850685E+01
     0.231850685E+01
     0.231850685E+01
     0.231850686E+01
     0.231850686E+01
     0.231850686E+01
     0.231850686E+01
     0.231850686E+01
     0.231850687E+01
     0.231850687E+01
     0.231850688E+01
     0.231850688E+01
     0.231850688E+01
     0.231850688E+01
     0.231850688E+01
     0.231850689E+01
     0.231850689E+01
     0.231850689E+01
     0.231850689E+01
     0.231850689E+01
     0.231850689E+01
     0.231850690E+01
     0.231850690E+01
     0.231850690E+01
     0.231850690E+01
     0.231850691E+01
     0.231850691E+01
     0.231850691E+01
     0.231850692E+01
     0.231850691E+01
     0.231850692E+01
     0.231850692E+01
     0.231850692E+01
     0.231850692E+01
     0.231850693E+01
     0.231850692E+01
     0.231850693E+01
     0.231850693E+01
     0.231850693E+01
     0.231850693E+01
     0.231850694E+01
     0.231850693E+01
     0.231850694E+01
     0.231850694E+01
     0.231850694E+01
     0.231850694E+01
     0.231850694E+01
     0.231850694E+01
     0.231850694E+01
     0.231850695E+01
     0.231850695E+01
     0.231850695E+01
     0.231850695E+01
     0.231850695E+01
     0.231850695E+01
     0.231850695E+01
     0.231850695E+01
     0.231850696E+01
     0.231850696E+01
     0.231850696E+01
     0.231850696E+01
     0.231850696E+01
     0.231850696E+01
     0.231850696E+01
     0.231850697E+01
     0.231850697E+01
     0.231850697E+01
     0.231850697E+01
     0.231850697E+01
     0.231850697E+01
     0.231850697E+01
     0.231850697E+01
     0.231850697E+01
     0.231850697E+01
     0.231850697E+01
     0.231850698E+01
     0.231850698E+01
     0.231850698E+01
     0.231850698E+01
     0.231850698E+01
     0.231850698E+01
     0.231850698E+01
     0.231850698E+01
     0.231850698E+01
     0.231850698E+01
     0.231850698E+01
     0.231850699E+01
     0.231850699E+01
     0.231850699E+01
     0.231850699E+01
     0.231850699E+01
     0.231850699E+01
     0.231850699E+01
     0.231850699E+01
     0.231850699E+01
     0.231850699E+01
     0.231850699E+01
     0.231850699E+01
     0.231850699E+01
     0.231850699E+01
     0.231850700E+01
     0.231850700E+01
     0.231850700E+01
     0.231850700E+01
     0.231850700E+01
     0.231850700E+01
     0.231850700E+01
     0.231850700E+01
     0.231850700E+01
     0.231850700E+01
     0.231850700E+01
     0.231850700E+01
     0.231850700E+01
     0.231850700E+01
     0.231850700E+01
     0.231850700E+01
     0.231850700E+01
     0.231850700E+01
     0.231850701E+01
     0.231850701E+01
     0.231850701E+01
     0.231850701E+01
     0.231850701E+01
     0.231850701E+01
     0.231850701E+01
     0.231850701E+01
     0.231850701E+01
     0.231850701E+01
     0.231850701E+01
     0.231850701E+01
     0.231850701E+01
     0.231850701E+01
     0.231850701E+01
     0.231850701E+01
     0.231850701E+01
     0.231850701E+01
     0.231850701E+01
     0.231850701E+01
     0.231850701E+01
     0.231850701E+01
     0.231850701E+01
     0.231850701E+01
     0.231850701E+01
     0.231850701E+01
     0.231850701E+01
     0.231850701E+01
     0.231850701E+01
     0.231850701E+01
     0.231850702E+01
     0.231850702E+01
     0.231850702E+01
     0.231850702E+01
     0.231850702E+01
     0.231850702E+01
     0.231850702E+01
     0.231850702E+01
     0.231850702E+01
     0.231850702E+01
     0.231850702E+01
     0.231850702E+01
     0.231850702E+01
     0.231850702E+01
     0.231850702E+01
     0.231850702E+01
     0.231850702E+01
     0.231850702E+01
     0.231850702E+01
     0.231850702E+01
     0.231850702E+01
     0.231850702E+01
     0.231850702E+01
     0.231850702E+01
     0.231850702E+01
     0.231850702E+01
     0.231850702E+01
     0.231850702E+01
     0.231850702E+01
     0.231850702E+01
     0.231850702E+01
     0.231850702E+01
     0.231850702E+01
     0.231850702E+01
     0.231850702E+01
     0.231850702E+01
     0.231850702E+01
     0.231850702E+01
     0.231850702E+01
     0.231850702E+01
     0.231850702E+01
     0.231850702E+01
     0.231850702E+01
     0.231850702E+01
     0.231850702E+01
     0.231850702E+01
     0.231850702E+01
     0.231850702E+01
     0.231850702E+01
     0.231850702E+01
     0.231850702E+01
     0.231850702E+01
     0.231850702E+01
     0.231850702E+01
     0.231850702E+01
     0.231850702E+01
     0.231850702E+01
     0.231850702E+01
     0.231850702E+01
     0.231850702E+01
     0.231850702E+01
     0.231850702E+01
     0.231850702E+01
     0.231850702E+01
     0.231850702E+01
     0.231850702E+01
     0.231850703E+01
     0.231850702E+01
     0.231850703E+01
     0.231850703E+01
     0.231850703E+01
     0.231850703E+01
     0.231850703E+01
     0.231850703E+01
     0.231850703E+01
     0.231850703E+01
     0.231850703E+01
     0.231850703E+01
     0.231850703E+01
     0.231850703E+01
     0.231850703E+01
     0.231850703E+01
     0.231850703E+01
     0.231850703E+01
     0.231850703E+01
     0.231850703E+01
     0.231850703E+01
     0.231850703E+01
     0.231850703E+01
     0.231850703E+01
     0.231850703E+01
     0.231850703E+01
     0.231850703E+01
     0.231850703E+01
     0.231850703E+01
     0.231850703E+01
     0.231850703E+01
     0.231850703E+01
     0.231850703E+01
     0.231850703E+01
     0.231850703E+01
     0.231850703E+01
     0.231850703E+01
     0.231850703E+01
     0.231850703E+01
     0.231850703E+01
     0.231850703E+01
     0.231850703E+01
     0.231850703E+01
     0.231850703E+01
     0.231850703E+01
     0.231850703E+01
     0.231850703E+01
     0.231850703E+01
     0.231850703E+01
     0.231850703E+01
     0.231850703E+01
     0.231850703E+01
     0.231850703E+01
     0.231850703E+01
     0.231850703E+01
     0.231850703E+01
     0.231850703E+01
     0.231850703E+01
     0.231850703E+01
     0.231850703E+01
     0.231850703E+01
     0.231850703E+01
     0.231850703E+01
     0.231850703E+01
     0.231850703E+01
     0.231850703E+01
     0.231850703E+01
     0.231850703E+01
     0.231850703E+01
     0.231850703E+01
     0.231850703E+01
     0.231850703E+01
     0.231850703E+01
     0.231850703E+01
     0.231850703E+01
     0.231850703E+01
     0.231850703E+01
     0.231850703E+01
     0.231850703E+01
     0.231850703E+01
     0.231850703E+01
     0.231850703E+01
     0.231850703E+01
     0.231850703E+01
     0.231850703E+01
     0.231850703E+01
     0.231850703E+01
     0.231850703E+01
     0.231850703E+01
     0.231850703E+01
     0.231850703E+01
     0.231850703E+01
     0.231850703E+01
     0.231850703E+01
     0.231850703E+01
     0.231850703E+01
     0.231850703E+01
     0.231850703E+01
     0.231850703E+01
     0.231850703E+01
     0.231850703E+01
     0.231850703E+01
     0.231850703E+01
     0.231850703E+01
     0.231850703E+01
     0.231850703E+01
     0.231850703E+01
     0.231850703E+01
     0.231850703E+01
     0.231850703E+01
     0.231850703E+01
     0.231850703E+01
     0.231850703E+01
     0.231850703E+01
     0.231850703E+01
     0.231850703E+01
     0.231850703E+01
     0.231850703E+01
     0.231850703E+01
     0.231850703E+01
     0.231850703E+01
     0.231850703E+01
     0.231850703E+01
     0.231850703E+01
     0.231850703E+01
     0.231850703E+01
     0.231850703E+01
     0.231850703E+01
     0.231850703E+01
     0.231850703E+01
     0.231850703E+01
     0.231850703E+01
     0.231850703E+01
     0.231850703E+01
     0.231850703E+01
     0.231850703E+01
     0.231850703E+01
     0.231850703E+01
     0.231850703E+01
     0.231850703E+01
     0.231850703E+01
     0.231850703E+01
     0.231850703E+01
     0.231850703E+01
     0.231850703E+01
     0.231850703E+01
     0.231850703E+01
     0.231850703E+01
     0.231850703E+01
     0.231850703E+01
     0.231850703E+01
     0.231850703E+01
     0.231850703E+01
     0.231850703E+01
     0.231850703E+01
     0.231850703E+01
     0.231850703E+01
     0.231850703E+01
     0.231850703E+01
     0.231850703E+01
     0.231850703E+01
     0.231850703E+01
     0.231850703E+01
     0.231850703E+01
     0.231850703E+01
     0.231850703E+01
     0.231850703E+01
     0.231850703E+01
     0.231850703E+01
     0.231850703E+01
     0.231850703E+01
     0.231850703E+01
     0.231850703E+01
     0.231850703E+01
     0.231850703E+01
     0.231850703E+01
     0.231850703E+01
     0.231850703E+01
     0.231850703E+01
     0.231850703E+01
     0.231850703E+01
     0.231850703E+01
     0.231850703E+01
     0.231850703E+01
     0.231850703E+01
     0.231850703E+01
     0.231850703E+01
     0.231850703E+01
     0.231850703E+01
     0.231850703E+01
     0.231850703E+01
     0.231850703E+01
     0.231850703E+01
     0.231850703E+01
     0.231850703E+01
     0.231850703E+01
     0.231850703E+01
     0.231850703E+01
     0.231850703E+01
     0.231850703E+01
     0.231850703E+01
     0.231850703E+01
     0.231850703E+01
     0.231850703E+01
     0.231850703E+01
     0.231850703E+01
     0.231850703E+01
     0.231850703E+01
     0.231850703E+01
     0.231850703E+01
     0.231850703E+01
     0.231850703E+01
     0.231850703E+01
     0.231850703E+01
     0.231850703E+01
     0.231850703E+01
     0.231850703E+01
     0.231850703E+01
     0.231850703E+01
     0.231850703E+01
     0.231850703E+01
     0.231850703E+01
     0.231850703E+01
     0.231850703E+01
     0.231850703E+01
     0.231850703E+01
     0.231850703E+01
     0.231850703E+01
     0.231850703E+01
     0.231850703E+01
     0.231850703E+01
     0.231850703E+01
     0.231850703E+01
     0.231850703E+01
     0.231850703E+01
     0.231850703E+01
     0.231850703E+01
     0.231850703E+01
     0.231850703E+01
     0.231850703E+01
     0.231850703E+01
     0.231850703E+01
     0.231850703E+01
     0.231850703E+01
     0.231850703E+01
     0.231850703E+01
     0.231850703E+01
     0.231850703E+01
     0.231850703E+01
     0.231850703E+01
     0.231850703E+01
     0.231850703E+01
     0.231850703E+01
     0.231850703E+01
     0.231850703E+01
     0.231850703E+01
     0.231850703E+01
     0.231850703E+01
     0.231850703E+01
     0.231850703E+01
     0.231850703E+01
     0.231850703E+01
     0.231850703E+01
     0.231850703E+01
     0.231850703E+01
     0.231850703E+01
     0.231850703E+01
     0.231850703E+01
     0.231850703E+01
     0.231850703E+01
     0.231850703E+01
     0.231850703E+01
