     0.383102340E+01
     0.352594578E+01
     0.340066626E+01
     0.302033563E+01
     0.260354067E+01
     0.272207728E+01
     0.380043148E+01
     0.378541041E+01
     0.374036755E+01
     0.368120576E+01
     0.369958332E+01
     0.382693004E+01
     0.382488829E+01
     0.381876350E+01
     0.381061321E+01
     0.381315820E+01
     0.381061319E+01
     0.380454312E+01
     0.380151899E+01
     0.379244765E+01
     0.378038816E+01
     0.378415237E+01
     0.380796930E+01
     0.380664943E+01
     0.380269001E+01
     0.379741754E+01
     0.379906436E+01
     0.379741754E+01
     0.379436440E+01
     0.379284061E+01
     0.378826949E+01
     0.378218374E+01
     0.378408442E+01
     0.378218373E+01
     0.377917284E+01
     0.377767010E+01
     0.377316217E+01
     0.376716045E+01
     0.376903490E+01
     0.376716044E+01
     0.376400397E+01
     0.376242872E+01
     0.375770330E+01
     0.375141252E+01
     0.375337718E+01
     0.375141251E+01
     0.374813590E+01
     0.374650084E+01
     0.374159598E+01
     0.373506679E+01
     0.373710586E+01
     0.373506678E+01
     0.373168917E+01
     0.373000383E+01
     0.372494817E+01
     0.371821864E+01
     0.372032022E+01
     0.371821863E+01
     0.371475505E+01
     0.371302692E+01
     0.370784293E+01
     0.370094295E+01
     0.370309772E+01
     0.370094294E+01
     0.369740557E+01
     0.369564073E+01
     0.369034662E+01
     0.368330041E+01
     0.368550080E+01
     0.368330040E+01
     0.367969935E+01
     0.367790284E+01
     0.367251373E+01
     0.366534142E+01
     0.366758115E+01
     0.366534141E+01
     0.366168523E+01
     0.365986132E+01
     0.365439001E+01
     0.364710859E+01
     0.364938235E+01
     0.364710858E+01
     0.364340464E+01
     0.364155698E+01
     0.363601446E+01
     0.362863855E+01
     0.363094178E+01
     0.362863854E+01
     0.362489323E+01
     0.362302501E+01
     0.361742084E+01
     0.360996315E+01
     0.361229189E+01
     0.360996314E+01
     0.360618208E+01
     0.360429611E+01
     0.359863868E+01
     0.359111038E+01
     0.359346113E+01
     0.359111036E+01
     0.358729854E+01
     0.358539729E+01
     0.357969405E+01
     0.357210503E+01
     0.357447472E+01
     0.357210502E+01
     0.356826688E+01
     0.356635257E+01
     0.356061016E+01
     0.355296927E+01
     0.355535513E+01
     0.355296925E+01
     0.354910878E+01
     0.354718341E+01
     0.354140781E+01
     0.353372297E+01
     0.353612252E+01
     0.353372295E+01
     0.352984377E+01
     0.352790912E+01
     0.352210572E+01
     0.351438410E+01
     0.351679511E+01
     0.351438408E+01
     0.351048946E+01
     0.350854717E+01
     0.350272086E+01
     0.349496897E+01
     0.349738940E+01
     0.349496895E+01
     0.349106187E+01
     0.348911343E+01
     0.348326867E+01
     0.347549242E+01
     0.347792044E+01
     0.347549241E+01
     0.347157560E+01
     0.346962237E+01
     0.346376324E+01
     0.345596806E+01
     0.345840196E+01
     0.345596804E+01
     0.345204401E+01
     0.345008723E+01
     0.344421746E+01
     0.343640832E+01
     0.343884657E+01
     0.343640831E+01
     0.343247936E+01
     0.343052017E+01
     0.342464322E+01
     0.341682469E+01
     0.341926584E+01
     0.341682467E+01
     0.341289293E+01
     0.341093240E+01
     0.340505143E+01
     0.339722773E+01
     0.339967047E+01
     0.339722771E+01
     0.339329513E+01
     0.339133424E+01
     0.338545218E+01
     0.337762720E+01
     0.338007032E+01
     0.337762719E+01
     0.337369559E+01
     0.337173525E+01
     0.336585482E+01
     0.335803218E+01
     0.336047455E+01
     0.335803216E+01
     0.335410324E+01
     0.335214427E+01
     0.334626800E+01
     0.333845104E+01
     0.334089162E+01
     0.333845103E+01
     0.333452635E+01
     0.333256955E+01
     0.332669976E+01
     0.331889161E+01
     0.332132942E+01
     0.331889159E+01
     0.331497262E+01
     0.331301871E+01
     0.330715760E+01
     0.329936115E+01
     0.330179529E+01
     0.329936113E+01
     0.329544923E+01
     0.329349888E+01
     0.328764848E+01
     0.327986643E+01
     0.328229605E+01
     0.327986641E+01
     0.327596284E+01
     0.327401669E+01
     0.326817890E+01
     0.326041377E+01
     0.326283809E+01
     0.326041375E+01
     0.325651971E+01
     0.325457835E+01
     0.324875494E+01
     0.324100909E+01
     0.324342737E+01
     0.324100907E+01
     0.323712566E+01
     0.323518964E+01
     0.322938227E+01
     0.322165790E+01
     0.322406946E+01
     0.322165788E+01
     0.321778614E+01
     0.321585599E+01
     0.321006621E+01
     0.320236537E+01
     0.320476957E+01
     0.320236535E+01
     0.319850626E+01
     0.319658246E+01
     0.319081172E+01
     0.318313636E+01
     0.318553258E+01
     0.318313634E+01
     0.317929081E+01
     0.317737381E+01
     0.317162348E+01
     0.316397541E+01
     0.316636309E+01
     0.316397539E+01
     0.316014427E+01
     0.315823450E+01
     0.315250586E+01
     0.314488677E+01
     0.314726539E+01
     0.314488675E+01
     0.314107086E+01
     0.313916871E+01
     0.313346296E+01
     0.312587446E+01
     0.312824351E+01
     0.312587444E+01
     0.312207452E+01
     0.312018037E+01
     0.311449864E+01
     0.310694222E+01
     0.310930124E+01
     0.310694220E+01
     0.310315897E+01
     0.310127318E+01
     0.309561652E+01
     0.308809359E+01
     0.309044214E+01
     0.308809357E+01
     0.308432770E+01
     0.308245060E+01
     0.307682002E+01
     0.306933191E+01
     0.307166957E+01
     0.306933189E+01
     0.306558399E+01
     0.306371589E+01
     0.305811233E+01
     0.305066028E+01
     0.305298666E+01
     0.305066026E+01
     0.304693093E+01
     0.304507213E+01
     0.303949647E+01
     0.303208165E+01
     0.303439639E+01
     0.303208163E+01
     0.302837144E+01
     0.302652221E+01
     0.302097527E+01
     0.301359880E+01
     0.301590155E+01
     0.301359878E+01
     0.300990823E+01
     0.300806884E+01
     0.300255141E+01
     0.299521432E+01
     0.299750476E+01
     0.299521430E+01
     0.299154390E+01
     0.298971459E+01
     0.298422740E+01
     0.297693067E+01
     0.297920850E+01
     0.297693065E+01
     0.297328086E+01
     0.297146187E+01
     0.296600562E+01
     0.295875017E+01
     0.296101510E+01
     0.295875015E+01
     0.295512141E+01
     0.295331294E+01
     0.294788829E+01
     0.294067499E+01
     0.294292674E+01
     0.294067497E+01
     0.293706770E+01
     0.293526996E+01
     0.292987752E+01
     0.292270719E+01
     0.292494551E+01
     0.292270717E+01
     0.291912174E+01
     0.291733494E+01
     0.291197529E+01
     0.290484870E+01
     0.290707335E+01
     0.290484868E+01
     0.290128547E+01
     0.289950978E+01
     0.289418347E+01
     0.288710135E+01
     0.288931210E+01
     0.288710133E+01
     0.288356068E+01
     0.288179627E+01
     0.287650381E+01
     0.286946685E+01
     0.287166349E+01
     0.286946683E+01
     0.286594906E+01
     0.286419610E+01
     0.285893799E+01
     0.285194682E+01
     0.285412915E+01
     0.285194680E+01
     0.284845223E+01
     0.284671087E+01
     0.284148755E+01
     0.283454279E+01
     0.283671061E+01
     0.283454277E+01
     0.283107168E+01
     0.282934206E+01
     0.282415397E+01
     0.281725620E+01
     0.281940933E+01
     0.281725618E+01
     0.281380884E+01
     0.281209110E+01
     0.280693864E+01
     0.280008840E+01
     0.280222668E+01
     0.280008838E+01
     0.279666505E+01
     0.279495931E+01
     0.278984287E+01
     0.278304066E+01
     0.278516393E+01
     0.278304064E+01
     0.277964156E+01
     0.277794795E+01
     0.277286789E+01
     0.276611420E+01
     0.276822230E+01
     0.276611418E+01
     0.276273957E+01
     0.276105820E+01
     0.275601486E+01
     0.274931013E+01
     0.275140293E+01
     0.274931011E+01
     0.274596019E+01
     0.274429117E+01
     0.273928487E+01
     0.273262953E+01
     0.273470690E+01
     0.273262951E+01
     0.272930449E+01
     0.272764790E+01
     0.272267895E+01
     0.271607340E+01
     0.271813520E+01
     0.271607337E+01
     0.271277343E+01
     0.271112939E+01
     0.270619806E+01
     0.269964267E+01
     0.270168881E+01
     0.269964265E+01
     0.269636797E+01
     0.269473656E+01
     0.268984311E+01
     0.268333825E+01
     0.268536859E+01
     0.268333823E+01
     0.268008897E+01
     0.267847027E+01
     0.267361497E+01
     0.266716096E+01
     0.266917541E+01
     0.266716094E+01
     0.266393726E+01
     0.266233135E+01
     0.265751442E+01
     0.265111158E+01
     0.265311004E+01
     0.265111156E+01
     0.264791362E+01
     0.264632057E+01
     0.264154223E+01
     0.263519085E+01
     0.263717323E+01
     0.263519083E+01
     0.263201876E+01
     0.263043865E+01
     0.262569911E+01
     0.261939947E+01
     0.262136568E+01
     0.261939945E+01
     0.261625337E+01
     0.261468626E+01
     0.260998572E+01
     0.260373807E+01
     0.260568804E+01
     0.260373805E+01
     0.260061810E+01
     0.259906404E+01
     0.259440268E+01
     0.258820727E+01
     0.259014091E+01
     0.258820725E+01
     0.258511353E+01
     0.258357259E+01
     0.257895058E+01
     0.257280763E+01
     0.257472488E+01
     0.257280761E+01
     0.256974023E+01
     0.256821246E+01
     0.256362996E+01
     0.255753969E+01
     0.255944047E+01
     0.255753967E+01
     0.255449873E+01
     0.255298417E+01
     0.254844133E+01
     0.254240394E+01
     0.254428820E+01
     0.254240391E+01
     0.253938951E+01
     0.253788822E+01
     0.253338517E+01
     0.252740084E+01
     0.252926852E+01
     0.252740082E+01
     0.252441303E+01
     0.252292505E+01
     0.251846193E+01
     0.251253084E+01
     0.251438188E+01
     0.251253081E+01
     0.250956973E+01
     0.250809510E+01
     0.250367202E+01
     0.249779432E+01
     0.249962868E+01
     0.249779430E+01
     0.249485999E+01
     0.249339874E+01
     0.248901583E+01
     0.248319168E+01
     0.248500930E+01
     0.248319165E+01
     0.248028419E+01
     0.247883636E+01
     0.247449372E+01
     0.246872325E+01
     0.247052409E+01
     0.246872323E+01
     0.246584267E+01
     0.246440830E+01
     0.246010601E+01
     0.245438936E+01
     0.245617339E+01
     0.245438933E+01
     0.245153574E+01
     0.245011486E+01
     0.244585303E+01
     0.244019031E+01
     0.244195748E+01
     0.244019028E+01
     0.243736372E+01
     0.243595634E+01
     0.243173504E+01
     0.242612637E+01
     0.242787665E+01
     0.242612635E+01
     0.242332685E+01
     0.242193302E+01
     0.241775233E+01
     0.241219780E+01
     0.241393117E+01
     0.241219778E+01
     0.240942541E+01
     0.240804513E+01
     0.240390512E+01
     0.239840484E+01
     0.240012125E+01
     0.239840481E+01
     0.239565961E+01
     0.239429291E+01
     0.239019365E+01
     0.238474769E+01
     0.238644713E+01
     0.238474767E+01
     0.238202966E+01
     0.238067657E+01
     0.237661811E+01
     0.237122656E+01
     0.237290899E+01
     0.237122653E+01
     0.236853577E+01
     0.236719629E+01
     0.236317869E+01
     0.235784162E+01
     0.235950703E+01
     0.235784159E+01
     0.235517810E+01
     0.235385226E+01
     0.234987556E+01
     0.234459303E+01
     0.234624139E+01
     0.234459300E+01
     0.234195681E+01
     0.234064462E+01
     0.233670887E+01
     0.233148094E+01
     0.233311224E+01
     0.233148091E+01
     0.232887204E+01
     0.232757351E+01
     0.232367875E+01
     0.231850547E+01
     0.232011970E+01
     0.231850545E+01
     0.231592392E+01
     0.231463907E+01
     0.231078533E+01
     0.230566675E+01
     0.230726388E+01
     0.230566672E+01
     0.230311237E+01
     0.230184111E+01
     0.229802813E+01
     0.229296390E+01
     0.229454405E+01
     0.229296388E+01
     0.229043668E+01
     0.228917900E+01
     0.228540676E+01
     0.228039685E+01
     0.228196002E+01
     0.228039682E+01
     0.227789680E+01
     0.227665271E+01
     0.227292125E+01
     0.226796571E+01
     0.226951188E+01
     0.226796568E+01
     0.226549286E+01
     0.226426238E+01
     0.226057172E+01
     0.225567060E+01
     0.225719977E+01
     0.225567057E+01
     0.225322498E+01
     0.225200810E+01
     0.224835828E+01
     0.224351162E+01
     0.224502377E+01
     0.224351159E+01
     0.224109324E+01
     0.223988998E+01
     0.223628103E+01
     0.223148886E+01
     0.223298399E+01
     0.223148884E+01
     0.222909773E+01
     0.222790811E+01
     0.222434005E+01
     0.221960240E+01
     0.222108049E+01
     0.221960238E+01
     0.221723854E+01
     0.221606256E+01
     0.221253540E+01
     0.220785231E+01
     0.220931334E+01
     0.220785228E+01
     0.220551573E+01
     0.220435338E+01
     0.220086715E+01
     0.219623863E+01
     0.219768261E+01
     0.219623861E+01
     0.219392934E+01
     0.219278064E+01
     0.218933535E+01
     0.218476142E+01
     0.218618834E+01
     0.218476140E+01
     0.218247942E+01
     0.218134438E+01
     0.217794004E+01
     0.217342072E+01
     0.217483057E+01
     0.217342069E+01
     0.217116602E+01
     0.217004462E+01
     0.216668124E+01
     0.216221654E+01
     0.216360932E+01
     0.216221651E+01
     0.215998914E+01
     0.215888140E+01
     0.215555898E+01
     0.215114891E+01
     0.215252462E+01
     0.215114888E+01
     0.214894882E+01
     0.214785474E+01
     0.214457328E+01
     0.214021784E+01
     0.214157647E+01
     0.214021781E+01
     0.213804505E+01
     0.213696462E+01
     0.213372414E+01
     0.212942332E+01
     0.213076489E+01
     0.212942329E+01
     0.212727784E+01
     0.212621107E+01
     0.212301155E+01
     0.211876536E+01
     0.212008985E+01
     0.211876533E+01
     0.211664718E+01
     0.211559406E+01
     0.211243550E+01
     0.210824394E+01
     0.210955136E+01
     0.210824391E+01
     0.210615305E+01
     0.210511359E+01
     0.210199598E+01
     0.209785903E+01
     0.209914939E+01
     0.209785900E+01
     0.209579544E+01
     0.209476962E+01
     0.209169296E+01
     0.208761061E+01
     0.208888390E+01
     0.208761058E+01
     0.208557430E+01
     0.208456213E+01
     0.208152641E+01
     0.207749865E+01
     0.207875488E+01
     0.207749861E+01
     0.207548961E+01
     0.207449109E+01
     0.207149628E+01
     0.206752309E+01
     0.206876227E+01
     0.206752306E+01
     0.206554132E+01
     0.206455643E+01
     0.206160254E+01
     0.205768390E+01
     0.205890602E+01
     0.205768386E+01
     0.205572938E+01
     0.205475813E+01
     0.205184512E+01
     0.204798101E+01
     0.204918610E+01
     0.204798098E+01
     0.204605374E+01
     0.204509611E+01
     0.204222397E+01
     0.203841437E+01
     0.203960242E+01
     0.203841434E+01
     0.203651433E+01
     0.203557031E+01
     0.203273904E+01
     0.202898391E+01
     0.203015494E+01
     0.202898387E+01
     0.202711108E+01
     0.202618068E+01
     0.202339023E+01
     0.201968955E+01
     0.202084356E+01
     0.201968952E+01
     0.201784393E+01
     0.201692713E+01
     0.201417749E+01
     0.201053123E+01
     0.201166823E+01
     0.201053119E+01
     0.200871278E+01
     0.200780958E+01
     0.200510073E+01
     0.200150885E+01
     0.200262886E+01
     0.200150881E+01
     0.199971757E+01
     0.199882796E+01
     0.199615986E+01
     0.199262233E+01
     0.199372535E+01
     0.199262229E+01
     0.199085819E+01
     0.198998216E+01
     0.198735479E+01
     0.198387157E+01
     0.198495762E+01
     0.198387153E+01
     0.198213456E+01
     0.198127209E+01
     0.197868542E+01
     0.197525647E+01
     0.197632556E+01
     0.197525643E+01
     0.197354657E+01
     0.197269766E+01
     0.197015165E+01
     0.196677693E+01
     0.196782908E+01
     0.196677689E+01
     0.196509411E+01
     0.196425875E+01
     0.196175338E+01
     0.195843284E+01
     0.195946805E+01
     0.195843281E+01
     0.195677709E+01
     0.195595526E+01
     0.195349049E+01
     0.195022409E+01
     0.195124239E+01
     0.195022406E+01
     0.194859538E+01
     0.194778708E+01
     0.194536287E+01
     0.194215056E+01
     0.194315195E+01
     0.194215052E+01
     0.194054886E+01
     0.193975407E+01
     0.193737039E+01
     0.193421213E+01
     0.193519663E+01
     0.193421209E+01
     0.193263742E+01
     0.193185612E+01
     0.192951294E+01
     0.192640866E+01
     0.192737629E+01
     0.192640862E+01
     0.192486091E+01
     0.192409311E+01
     0.192179037E+01
     0.191874003E+01
     0.191969080E+01
     0.191873999E+01
     0.191721922E+01
     0.191646489E+01
     0.191420256E+01
     0.191120610E+01
     0.191214003E+01
     0.191120606E+01
     0.190971220E+01
     0.190897132E+01
     0.190674937E+01
     0.190380673E+01
     0.190472385E+01
     0.190380669E+01
     0.190233971E+01
     0.190161228E+01
     0.189943065E+01
     0.189654178E+01
     0.189744209E+01
     0.189654174E+01
     0.189510162E+01
     0.189438761E+01
     0.189224626E+01
     0.188941110E+01
     0.189029463E+01
     0.188941106E+01
     0.188799776E+01
     0.188729717E+01
     0.188519606E+01
     0.188241454E+01
     0.188328130E+01
     0.188241450E+01
     0.188102799E+01
     0.188034080E+01
     0.187827987E+01
     0.187555194E+01
     0.187640196E+01
     0.187555190E+01
     0.187419215E+01
     0.187351834E+01
     0.187149756E+01
     0.186882314E+01
     0.186965644E+01
     0.186882310E+01
     0.186749008E+01
     0.186682964E+01
     0.186484895E+01
     0.186222799E+01
     0.186304458E+01
     0.186222795E+01
     0.186092162E+01
     0.186027454E+01
     0.185833389E+01
     0.185576631E+01
     0.185656622E+01
     0.185576626E+01
     0.185448661E+01
     0.185385285E+01
     0.185195220E+01
     0.184943794E+01
     0.185022119E+01
     0.184943789E+01
     0.184818486E+01
     0.184756442E+01
     0.184570371E+01
     0.184324269E+01
     0.184400931E+01
     0.184324265E+01
     0.184201622E+01
     0.184140908E+01
     0.183958825E+01
     0.183718041E+01
     0.183793041E+01
     0.183718037E+01
     0.183598049E+01
     0.183538664E+01
     0.183360565E+01
     0.183125091E+01
     0.183198431E+01
     0.183125086E+01
     0.183007752E+01
     0.182949692E+01
     0.182775571E+01
     0.182545401E+01
     0.182617084E+01
     0.182545396E+01
     0.182430710E+01
     0.182373975E+01
     0.182203827E+01
     0.181978952E+01
     0.182048980E+01
     0.181978947E+01
     0.181866907E+01
     0.181811495E+01
     0.181645313E+01
     0.181425726E+01
     0.181494102E+01
     0.181425721E+01
     0.181316323E+01
     0.181262231E+01
     0.181100011E+01
     0.180885705E+01
     0.180952431E+01
     0.180885700E+01
     0.180778939E+01
     0.180726166E+01
     0.180567902E+01
     0.180358868E+01
     0.180423947E+01
     0.180358863E+01
     0.180254737E+01
     0.180203281E+01
     0.180048967E+01
     0.179845198E+01
     0.179908631E+01
     0.179845193E+01
     0.179743696E+01
     0.179693556E+01
     0.179543186E+01
     0.179344674E+01
     0.179406465E+01
     0.179344669E+01
     0.179245799E+01
     0.179196972E+01
     0.179050540E+01
     0.178857277E+01
     0.178917428E+01
     0.178857272E+01
     0.178761025E+01
     0.178713509E+01
     0.178571010E+01
     0.178382987E+01
     0.178441501E+01
     0.178382982E+01
     0.178289354E+01
     0.178243147E+01
     0.178104575E+01
     0.177921786E+01
     0.177978664E+01
     0.177921780E+01
     0.177830767E+01
     0.177785868E+01
     0.177651216E+01
     0.177473651E+01
     0.177528897E+01
     0.177473646E+01
     0.177385244E+01
     0.177341650E+01
     0.177210912E+01
     0.177038565E+01
     0.177092181E+01
     0.177038560E+01
     0.176952765E+01
     0.176910474E+01
     0.176783645E+01
     0.176616506E+01
     0.176668495E+01
     0.176616501E+01
     0.176533310E+01
     0.176492320E+01
     0.176369394E+01
     0.176207456E+01
     0.176257820E+01
     0.176207450E+01
     0.176126858E+01
     0.176087168E+01
     0.175968139E+01
     0.175811393E+01
     0.175860134E+01
     0.175811387E+01
     0.175733391E+01
     0.175694998E+01
     0.175579859E+01
     0.175428298E+01
     0.175475420E+01
     0.175428292E+01
     0.175352887E+01
     0.175315790E+01
     0.175204536E+01
     0.175058150E+01
     0.175103655E+01
     0.175058145E+01
     0.174985328E+01
     0.174949524E+01
     0.174842149E+01
     0.174700931E+01
     0.174744822E+01
     0.174700926E+01
     0.174630693E+01
     0.174596180E+01
     0.174492678E+01
     0.174356621E+01
     0.174398899E+01
     0.174356615E+01
     0.174288962E+01
     0.174255739E+01
     0.174156104E+01
     0.174025198E+01
     0.174065867E+01
     0.174025193E+01
     0.173960116E+01
     0.173928181E+01
     0.173832407E+01
     0.173706645E+01
     0.173745707E+01
     0.173706639E+01
     0.173644136E+01
     0.173613486E+01
     0.173521567E+01
     0.173400942E+01
     0.173438400E+01
     0.173400936E+01
     0.173341002E+01
     0.173311636E+01
     0.173223567E+01
     0.173108070E+01
     0.173143925E+01
     0.173108064E+01
     0.173050695E+01
     0.173022610E+01
     0.172938386E+01
     0.172828010E+01
     0.172862265E+01
     0.172828004E+01
     0.172773196E+01
     0.172746392E+01
     0.172666006E+01
     0.172560743E+01
     0.172593401E+01
     0.172560737E+01
     0.172508488E+01
     0.172482961E+01
     0.172406408E+01
     0.172306251E+01
     0.172337314E+01
     0.172306244E+01
     0.172256550E+01
     0.172232300E+01
     0.172159575E+01
     0.172064516E+01
     0.172093987E+01
     0.172064509E+01
     0.172017366E+01
     0.171994391E+01
     0.171925488E+01
     0.171835520E+01
     0.171863400E+01
     0.171835513E+01
     0.171790918E+01
     0.171769216E+01
     0.171704130E+01
     0.171619246E+01
     0.171645538E+01
     0.171619239E+01
     0.171577189E+01
     0.171556758E+01
     0.171495484E+01
     0.171415676E+01
     0.171440383E+01
     0.171415670E+01
     0.171376161E+01
     0.171357000E+01
     0.171299533E+01
     0.171224795E+01
     0.171247919E+01
     0.171224789E+01
     0.171187819E+01
     0.171169925E+01
     0.171116261E+01
     0.171046586E+01
     0.171068128E+01
     0.171046580E+01
     0.171012145E+01
     0.170995518E+01
     0.170945652E+01
     0.170881034E+01
     0.170900996E+01
     0.170881027E+01
     0.170849125E+01
     0.170833763E+01
     0.170787689E+01
     0.170728122E+01
     0.170746507E+01
     0.170728115E+01
     0.170698743E+01
     0.170684644E+01
     0.170642359E+01
     0.170587836E+01
     0.170604646E+01
     0.170587829E+01
     0.170560984E+01
     0.170548148E+01
     0.170509647E+01
     0.170460162E+01
     0.170475398E+01
     0.170460155E+01
     0.170435835E+01
     0.170424258E+01
     0.170389538E+01
     0.170345086E+01
     0.170358750E+01
     0.170345079E+01
     0.170323280E+01
     0.170312963E+01
     0.170282019E+01
     0.170242593E+01
     0.170254688E+01
     0.170242586E+01
     0.170223307E+01
     0.170214249E+01
     0.170187077E+01
     0.170152672E+01
     0.170163199E+01
     0.170152665E+01
     0.170135903E+01
     0.170128101E+01
     0.170104698E+01
     0.170075310E+01
     0.170084270E+01
     0.170075303E+01
     0.170061056E+01
     0.170054510E+01
     0.170034871E+01
     0.170010495E+01
     0.170017889E+01
     0.170010487E+01
     0.169998753E+01
     0.169993461E+01
     0.169977584E+01
     0.169958214E+01
     0.169964046E+01
     0.169958207E+01
     0.169948983E+01
     0.169944945E+01
     0.169932826E+01
     0.169918458E+01
     0.169922727E+01
     0.169918450E+01
     0.169911735E+01
     0.169908949E+01
     0.169900585E+01
     0.169891214E+01
     0.169893923E+01
     0.169891207E+01
     0.169886998E+01
     0.169885464E+01
     0.169880852E+01
     0.169876473E+01
     0.169877623E+01
     0.169876466E+01
     0.169874762E+01
     0.169874478E+01
     0.169873615E+01
     0.169874225E+01
     0.169873817E+01
     0.169874217E+01
     0.169875017E+01
     0.169875982E+01
     0.169878865E+01
     0.169884459E+01
     0.169882495E+01
     0.169884451E+01
     0.169887753E+01
     0.169889966E+01
     0.169896592E+01
     0.169907166E+01
     0.169903647E+01
     0.169907159E+01
     0.169912960E+01
     0.169916421E+01
     0.169926787E+01
     0.169942337E+01
     0.169937265E+01
     0.169942329E+01
     0.169950629E+01
     0.169955336E+01
     0.169969439E+01
     0.169989962E+01
     0.169983337E+01
     0.169989954E+01
     0.170000750E+01
     0.170006703E+01
     0.170024541E+01
     0.170050031E+01
     0.170041855E+01
     0.170050023E+01
     0.170063313E+01
     0.170070511E+01
     0.170092080E+01
     0.170122534E+01
     0.170112808E+01
     0.170122526E+01
     0.170138309E+01
     0.170146750E+01
     0.170172048E+01
     0.170207461E+01
     0.170196187E+01
     0.170207453E+01
     0.170225727E+01
     0.170235411E+01
     0.170264434E+01
     0.170304802E+01
     0.170291981E+01
     0.170304794E+01
     0.170325557E+01
     0.170336481E+01
     0.170369226E+01
     0.170414543E+01
     0.170400178E+01
     0.170414535E+01
     0.170437785E+01
     0.170449949E+01
     0.170486413E+01
     0.170536674E+01
     0.170520764E+01
     0.170536665E+01
     0.170562398E+01
     0.170575802E+01
     0.170615979E+01
     0.170671178E+01
     0.170653727E+01
     0.170671170E+01
     0.170699384E+01
     0.170714024E+01
     0.170757910E+01
     0.170818040E+01
     0.170799050E+01
     0.170818032E+01
     0.170848724E+01
     0.170864600E+01
     0.170912189E+01
     0.170977243E+01
     0.170956716E+01
     0.170977234E+01
     0.171010400E+01
     0.171027509E+01
     0.171078796E+01
     0.171148764E+01
     0.171126703E+01
     0.171148756E+01
     0.171184390E+01
     0.171202730E+01
     0.171257707E+01
     0.171332581E+01
     0.171308989E+01
     0.171332572E+01
     0.171370671E+01
     0.171390239E+01
     0.171448897E+01
     0.171528664E+01
     0.171503545E+01
     0.171528655E+01
     0.171569211E+01
     0.171590004E+01
     0.171652335E+01
     0.171736980E+01
     0.171710339E+01
     0.171736972E+01
     0.171779978E+01
     0.171801992E+01
     0.171867983E+01
     0.171957492E+01
     0.171929333E+01
     0.171957484E+01
     0.172002931E+01
     0.172026162E+01
     0.172095799E+01
     0.172190153E+01
     0.172160482E+01
     0.172190144E+01
     0.172238023E+01
     0.172262464E+01
     0.172335732E+01
     0.172434908E+01
     0.172403732E+01
     0.172434899E+01
     0.172485197E+01
     0.172510842E+01
     0.172587721E+01
     0.172691693E+01
     0.172659021E+01
     0.172691685E+01
     0.172744385E+01
     0.172771228E+01
     0.172851695E+01
     0.172960431E+01
     0.172926272E+01
     0.172960423E+01
     0.173015509E+01
     0.173043539E+01
     0.173127566E+01
     0.173241030E+01
     0.173205396E+01
     0.173241021E+01
     0.173298472E+01
     0.173327679E+01
     0.173415233E+01
     0.173533378E+01
     0.173496284E+01
     0.173533369E+01
     0.173593158E+01
     0.173623528E+01
     0.173714570E+01
     0.173837343E+01
     0.173798805E+01
     0.173837334E+01
     0.173899430E+01
     0.173930947E+01
     0.174025427E+01
     0.174152762E+01
     0.174112802E+01
     0.174152753E+01
     0.174217117E+01
     0.174249761E+01
     0.174347621E+01
     0.174479438E+01
     0.174438080E+01
     0.174479430E+01
     0.174546014E+01
     0.174579761E+01
     0.174680929E+01
     0.174817130E+01
     0.174774406E+01
     0.174817122E+01
     0.174885868E+01
     0.174920689E+01
     0.175025075E+01
     0.175165540E+01
     0.175121486E+01
     0.175165532E+01
     0.175236366E+01
     0.175272224E+01
     0.175379716E+01
     0.175524295E+01
     0.175478959E+01
     0.175524287E+01
     0.175597118E+01
     0.175633964E+01
     0.175744422E+01
     0.175892925E+01
     0.175846367E+01
     0.175892917E+01
     0.175967626E+01
     0.176005402E+01
     0.176118646E+01
     0.176270831E+01
     0.176223126E+01
     0.176270822E+01
     0.176347255E+01
     0.176385882E+01
     0.176501678E+01
     0.176657230E+01
     0.176608477E+01
     0.176657222E+01
     0.176735174E+01
     0.176774548E+01
     0.176892585E+01
     0.177051084E+01
     0.177001415E+01
     0.177051076E+01
     0.177130267E+01
     0.177170246E+01
     0.177290099E+01
     0.177450974E+01
     0.177400568E+01
     0.177450966E+01
     0.177531000E+01
     0.177571383E+01
     0.177692450E+01
     0.177854892E+01
     0.177804003E+01
     0.177854884E+01
     0.177935171E+01
     0.177975660E+01
     0.178097046E+01
     0.178259851E+01
     0.178208857E+01
     0.178259845E+01
     0.178339441E+01
     0.178379559E+01
     0.178499835E+01
     0.178661084E+01
     0.178610585E+01
     0.178661078E+01
     0.178738292E+01
     0.178777184E+01
     0.178893785E+01
     0.179050032E+01
     0.179001109E+01
     0.179050027E+01
     0.179121016E+01
     0.179156738E+01
     0.179263844E+01
     0.179407272E+01
     0.179362374E+01
     0.179407268E+01
     0.179489132E+01
     0.179530352E+01
     0.179653933E+01
     0.179819489E+01
     0.179767657E+01
     0.179819484E+01
     0.179914002E+01
     0.179961624E+01
     0.180104388E+01
     0.180295719E+01
     0.180235807E+01
     0.180295711E+01
     0.180403953E+01
     0.180458522E+01
     0.180622095E+01
     0.180841391E+01
     0.180772713E+01
     0.180841380E+01
     0.180966606E+01
     0.181029779E+01
     0.181219121E+01
     0.181473063E+01
     0.181393522E+01
     0.181473047E+01
     0.181614427E+01
     0.181685778E+01
     0.181899610E+01
     0.182186459E+01
     0.182096603E+01
     0.182186438E+01
     0.182330816E+01
     0.182403640E+01
     0.182621889E+01
     0.182914541E+01
     0.182822883E+01
     0.182914520E+01
     0.183061940E+01
     0.183136260E+01
     0.183358995E+01
     0.183657547E+01
     0.183564054E+01
     0.183657526E+01
     0.183807862E+01
     0.183883617E+01
     0.184110650E+01
     0.184414855E+01
     0.184319606E+01
     0.184414835E+01
     0.184567972E+01
     0.184645102E+01
     0.184876262E+01
     0.185185890E+01
     0.185088956E+01
     0.185185870E+01
     0.185341698E+01
     0.185420150E+01
     0.185655273E+01
     0.185970107E+01
     0.185871556E+01
     0.185970088E+01
     0.186128384E+01
     0.186208047E+01
     0.186446799E+01
     0.186766396E+01
     0.186666366E+01
     0.186766377E+01
     0.186925712E+01
     0.187005862E+01
     0.187246081E+01
     0.187567537E+01
     0.187466937E+01
     0.187567519E+01
     0.187728415E+01
     0.187809319E+01
     0.188051801E+01
     0.188376194E+01
     0.188274687E+01
     0.188376177E+01
     0.188539022E+01
     0.188620877E+01
     0.188866214E+01
     0.189194342E+01
     0.189091676E+01
     0.189194325E+01
     0.189359372E+01
     0.189442308E+01
     0.189690887E+01
     0.190023272E+01
     0.189919284E+01
     0.190023256E+01
     0.190190678E+01
     0.190274783E+01
     0.190526866E+01
     0.190863864E+01
     0.190758442E+01
     0.190863848E+01
     0.191033766E+01
     0.191119100E+01
     0.191374872E+01
     0.191716729E+01
     0.191609796E+01
     0.191716714E+01
     0.191889212E+01
     0.191975819E+01
     0.192235409E+01
     0.192582301E+01
     0.192473801E+01
     0.192582286E+01
     0.192757423E+01
     0.192845334E+01
     0.193108832E+01
     0.193460882E+01
     0.193350776E+01
     0.193460867E+01
     0.193638684E+01
     0.193727919E+01
     0.193995388E+01
     0.194352678E+01
     0.194240942E+01
     0.194352663E+01
     0.194532608E+01
     0.194622889E+01
     0.194893494E+01
     0.195254911E+01
     0.195141892E+01
     0.195254896E+01
     0.195436722E+01
     0.195527924E+01
     0.195801296E+01
     0.196166346E+01
     0.196052199E+01
     0.196166332E+01
     0.196350003E+01
     0.196442111E+01
     0.196718199E+01
     0.197086815E+01
     0.196971560E+01
     0.197086802E+01
     0.197272286E+01
     0.197365283E+01
     0.197644040E+01
     0.198016162E+01
     0.197899818E+01
     0.198016149E+01
     0.198203418E+01
     0.198297290E+01
     0.198578674E+01
     0.198954247E+01
     0.198836831E+01
     0.198954234E+01
     0.199143262E+01
     0.199237997E+01
     0.199521970E+01
     0.199900946E+01
     0.199782473E+01
     0.199900933E+01
     0.200091698E+01
     0.200187285E+01
     0.200473815E+01
     0.200856151E+01
     0.200736633E+01
     0.200856138E+01
     0.201048619E+01
     0.201145048E+01
     0.201434106E+01
     0.201819765E+01
     0.201699215E+01
     0.201819753E+01
     0.202013933E+01
     0.202111196E+01
     0.202402757E+01
     0.202791708E+01
     0.202670135E+01
     0.202791696E+01
     0.202987559E+01
     0.203085649E+01
     0.203379693E+01
     0.203771908E+01
     0.203649320E+01
     0.203771896E+01
     0.203969431E+01
     0.204068342E+01
     0.204364850E+01
     0.204760306E+01
     0.204636711E+01
     0.204760295E+01
     0.204959492E+01
     0.205059218E+01
     0.205358176E+01
     0.205756855E+01
     0.205632258E+01
     0.205756844E+01
     0.205957693E+01
     0.206058232E+01
     0.206359627E+01
     0.206761515E+01
     0.206635921E+01
     0.206761504E+01
     0.206964000E+01
     0.207065348E+01
     0.207369172E+01
     0.207774258E+01
     0.207647669E+01
     0.207774247E+01
     0.207978385E+01
     0.208080540E+01
     0.208386787E+01
     0.208795062E+01
     0.208667482E+01
     0.208795052E+01
     0.209000829E+01
     0.209103789E+01
     0.209412455E+01
     0.209823916E+01
     0.209695345E+01
     0.209823907E+01
     0.210031321E+01
     0.210135086E+01
     0.210446171E+01
     0.210860817E+01
     0.210731255E+01
     0.210860807E+01
     0.211069860E+01
     0.211174430E+01
     0.211487934E+01
     0.211905766E+01
     0.211775214E+01
     0.211905757E+01
     0.212116449E+01
     0.212221826E+01
     0.212537752E+01
     0.212958776E+01
     0.212827231E+01
     0.212958767E+01
     0.213171102E+01
     0.213277287E+01
     0.213595639E+01
     0.214019863E+01
     0.213887322E+01
     0.214019854E+01
     0.214233836E+01
     0.214340832E+01
     0.214661618E+01
     0.215089050E+01
     0.214955511E+01
     0.215089041E+01
     0.215304677E+01
     0.215412486E+01
     0.215735715E+01
     0.216166369E+01
     0.216031828E+01
     0.216166360E+01
     0.216383655E+01
     0.216492281E+01
     0.216817965E+01
     0.217251854E+01
     0.217116307E+01
     0.217251846E+01
     0.217470809E+01
     0.217580256E+01
     0.217908406E+01
     0.218345549E+01
     0.218208989E+01
     0.218345540E+01
     0.218566181E+01
     0.218676454E+01
     0.219007084E+01
     0.219447498E+01
     0.219309920E+01
     0.219447490E+01
     0.219669818E+01
     0.219780922E+01
     0.220114048E+01
     0.220557756E+01
     0.220419153E+01
     0.220557748E+01
     0.220781775E+01
     0.220893715E+01
     0.221229355E+01
     0.221676379E+01
     0.221536744E+01
     0.221676371E+01
     0.221902110E+01
     0.222014892E+01
     0.222353064E+01
     0.222803429E+01
     0.222662754E+01
     0.222803421E+01
     0.223030885E+01
     0.223144517E+01
     0.223485240E+01
     0.223938973E+01
     0.223797250E+01
     0.223938966E+01
     0.224168168E+01
     0.224282657E+01
     0.224625953E+01
     0.225083083E+01
     0.224940303E+01
     0.225083076E+01
     0.225314032E+01
     0.225429384E+01
     0.225775277E+01
     0.226235834E+01
     0.226091986E+01
     0.226235826E+01
     0.226468553E+01
     0.226584777E+01
     0.226933289E+01
     0.227397304E+01
     0.227252381E+01
     0.227397297E+01
     0.227631811E+01
     0.227748915E+01
     0.228100072E+01
     0.228567579E+01
     0.228421568E+01
     0.228567572E+01
     0.228803890E+01
     0.228921883E+01
     0.229275711E+01
     0.229746745E+01
     0.229599636E+01
     0.229746738E+01
     0.229984879E+01
     0.230103769E+01
     0.230460296E+01
     0.230934892E+01
     0.230786675E+01
     0.230934886E+01
     0.231174869E+01
     0.231294666E+01
     0.231653919E+01
     0.232132116E+01
     0.231982778E+01
     0.232132110E+01
     0.232373954E+01
     0.232494669E+01
     0.232856678E+01
     0.233338513E+01
     0.233188042E+01
     0.233338507E+01
     0.233582234E+01
     0.233703875E+01
     0.234068670E+01
     0.234554185E+01
     0.234402568E+01
     0.234554179E+01
     0.234799809E+01
     0.234922387E+01
     0.235289999E+01
     0.235779234E+01
     0.235626459E+01
     0.235779228E+01
     0.236026783E+01
     0.236150309E+01
     0.236520770E+01
     0.237013767E+01
     0.236859821E+01
     0.237013761E+01
     0.237263263E+01
     0.237387747E+01
     0.237761090E+01
     0.238257892E+01
     0.238102762E+01
     0.238257886E+01
     0.238509358E+01
     0.238634812E+01
     0.239011070E+01
     0.239511721E+01
     0.239355393E+01
     0.239511715E+01
     0.239765180E+01
     0.239891615E+01
     0.240270822E+01
     0.240775366E+01
     0.240617826E+01
     0.240775361E+01
     0.241030842E+01
     0.241158270E+01
     0.241540461E+01
     0.242048944E+01
     0.241890178E+01
     0.242048939E+01
     0.242306461E+01
     0.242434893E+01
     0.242820103E+01
     0.243332572E+01
     0.243172565E+01
     0.243332567E+01
     0.243592154E+01
     0.243721601E+01
     0.244109866E+01
     0.244626367E+01
     0.244465105E+01
     0.244626362E+01
     0.244888039E+01
     0.245018515E+01
     0.245409871E+01
     0.245930451E+01
     0.245767920E+01
     0.245930447E+01
     0.246194239E+01
     0.246325754E+01
     0.246720238E+01
     0.247244946E+01
     0.247081130E+01
     0.247244941E+01
     0.247510874E+01
     0.247643442E+01
     0.248041091E+01
     0.248569974E+01
     0.248404859E+01
     0.248569970E+01
     0.248838069E+01
     0.248971702E+01
     0.249372552E+01
     0.249905660E+01
     0.249739230E+01
     0.249905655E+01
     0.250175947E+01
     0.250310657E+01
     0.250714747E+01
     0.251252128E+01
     0.251084368E+01
     0.251252124E+01
     0.251524634E+01
     0.251660433E+01
     0.252067801E+01
     0.252609504E+01
     0.252440400E+01
     0.252609500E+01
     0.252884256E+01
     0.253021157E+01
     0.253431841E+01
     0.253977916E+01
     0.253807451E+01
     0.253977912E+01
     0.254254939E+01
     0.254392956E+01
     0.254806993E+01
     0.255357489E+01
     0.255185649E+01
     0.255357485E+01
     0.255636811E+01
     0.255775956E+01
     0.256193386E+01
     0.256748353E+01
     0.256575122E+01
     0.256748349E+01
     0.257030000E+01
     0.257170286E+01
     0.257591148E+01
     0.258150635E+01
     0.257975998E+01
     0.258150631E+01
     0.258434636E+01
     0.258576075E+01
     0.259000407E+01
     0.259564465E+01
     0.259388407E+01
     0.259564461E+01
     0.259850846E+01
     0.259993452E+01
     0.260421294E+01
     0.260989972E+01
     0.260812478E+01
     0.260989969E+01
     0.261278762E+01
     0.261422548E+01
     0.261853939E+01
     0.262427288E+01
     0.262248342E+01
     0.262427286E+01
     0.262718515E+01
     0.262863493E+01
     0.263298473E+01
     0.263876545E+01
     0.263696130E+01
     0.263876542E+01
     0.264170236E+01
     0.264316421E+01
     0.264755030E+01
     0.265337874E+01
     0.265155977E+01
     0.265337872E+01
     0.265634060E+01
     0.265781464E+01
     0.266223743E+01
     0.266811412E+01
     0.266628015E+01
     0.266811410E+01
     0.267110120E+01
     0.267258758E+01
     0.267704747E+01
     0.268297293E+01
     0.268112380E+01
     0.268297291E+01
     0.268598554E+01
     0.268748439E+01
     0.269198181E+01
     0.269795655E+01
     0.269609212E+01
     0.269795654E+01
     0.270099501E+01
     0.270250647E+01
     0.270704184E+01
     0.271306641E+01
     0.271118650E+01
     0.271306640E+01
     0.271613101E+01
     0.271765524E+01
     0.272222899E+01
     0.272830393E+01
     0.272640838E+01
     0.272830392E+01
     0.273139501E+01
     0.273293213E+01
     0.273754472E+01
     0.274367059E+01
     0.274175923E+01
     0.274367058E+01
     0.274678846E+01
     0.274833865E+01
     0.275299053E+01
     0.275916790E+01
     0.275724055E+01
     0.275916789E+01
     0.276231292E+01
     0.276387631E+01
     0.276856795E+01
     0.277479741E+01
     0.277285390E+01
     0.277479741E+01
     0.277796993E+01
     0.277954670E+01
     0.278427859E+01
     0.279056073E+01
     0.278860088E+01
     0.279056074E+01
     0.279376112E+01
     0.279535143E+01
     0.280012407E+01
     0.280645953E+01
     0.280448314E+01
     0.280645954E+01
     0.280968816E+01
     0.281129219E+01
     0.281610610E+01
     0.282249552E+01
     0.282050240E+01
     0.282249553E+01
     0.282568662E+01
     0.282727189E+01
     0.283202957E+01
     0.283834410E+01
     0.283637438E+01
     0.283834412E+01
     0.284146372E+01
     0.284301348E+01
     0.284766463E+01
     0.285383784E+01
     0.285191219E+01
     0.285383785E+01
     0.285689416E+01
     0.285841247E+01
     0.286296924E+01
     0.286901721E+01
     0.286713062E+01
     0.286901722E+01
     0.287201632E+01
     0.287350618E+01
     0.287797761E+01
     0.288391228E+01
     0.288206104E+01
     0.288391230E+01
     0.288685898E+01
     0.288832277E+01
     0.289271599E+01
     0.289854679E+01
     0.289672796E+01
     0.289854681E+01
     0.290144493E+01
     0.290288456E+01
     0.290720529E+01
     0.291293980E+01
     0.291115102E+01
     0.291293983E+01
     0.291579252E+01
     0.291720954E+01
     0.292146246E+01
     0.292710687E+01
     0.292534620E+01
     0.292710689E+01
     0.292991676E+01
     0.293131247E+01
     0.293550143E+01
     0.294106085E+01
     0.293932671E+01
     0.294106088E+01
     0.294383010E+01
     0.294520557E+01
     0.294933380E+01
     0.295481251E+01
     0.295310356E+01
     0.295481254E+01
     0.295754294E+01
     0.295889908E+01
     0.296296932E+01
     0.296837093E+01
     0.296668604E+01
     0.296837095E+01
     0.297106410E+01
     0.297240169E+01
     0.297641626E+01
     0.298174385E+01
     0.298008207E+01
     0.298174388E+01
     0.298440112E+01
     0.298572082E+01
     0.298968172E+01
     0.299493795E+01
     0.299329845E+01
     0.299493798E+01
     0.299756048E+01
     0.299886288E+01
     0.300277185E+01
     0.300795901E+01
     0.300634107E+01
     0.300795904E+01
     0.301054782E+01
     0.301183342E+01
     0.301569198E+01
     0.302081210E+01
     0.301921508E+01
     0.302081213E+01
     0.302336808E+01
     0.302463733E+01
     0.302844682E+01
     0.303350167E+01
     0.303192503E+01
     0.303350170E+01
     0.303602563E+01
     0.303727893E+01
     0.304104054E+01
     0.304603171E+01
     0.304447495E+01
     0.304603174E+01
     0.304852436E+01
     0.304976206E+01
     0.305347687E+01
     0.305840577E+01
     0.305686845E+01
     0.305840580E+01
     0.306086777E+01
     0.306209019E+01
     0.306575916E+01
     0.307062708E+01
     0.306910880E+01
     0.307062711E+01
     0.307305901E+01
     0.307426646E+01
     0.307789046E+01
     0.308269857E+01
     0.308119897E+01
     0.308269861E+01
     0.308510098E+01
     0.308629372E+01
     0.308987358E+01
     0.309462295E+01
     0.309314169E+01
     0.309462299E+01
     0.309699634E+01
     0.309817462E+01
     0.310171108E+01
     0.310640272E+01
     0.310493949E+01
     0.310640276E+01
     0.310874756E+01
     0.310991162E+01
     0.311340538E+01
     0.311804022E+01
     0.311659472E+01
     0.311804025E+01
     0.312035694E+01
     0.312150700E+01
     0.312495872E+01
     0.312953763E+01
     0.312810959E+01
     0.312953767E+01
     0.313182666E+01
     0.313296292E+01
     0.313637323E+01
     0.314089704E+01
     0.313948621E+01
     0.314089708E+01
     0.314315877E+01
     0.314428143E+01
     0.314765092E+01
     0.315212043E+01
     0.315072655E+01
     0.315212046E+01
     0.315435524E+01
     0.315546449E+01
     0.315879372E+01
     0.316320968E+01
     0.316183252E+01
     0.316320971E+01
     0.316541793E+01
     0.316651396E+01
     0.316980349E+01
     0.317416661E+01
     0.317280595E+01
     0.317416665E+01
     0.317634867E+01
     0.317743165E+01
     0.318068200E+01
     0.318499300E+01
     0.318364861E+01
     0.318499304E+01
     0.318714920E+01
     0.318821929E+01
     0.319143098E+01
     0.319569054E+01
     0.319436221E+01
     0.319569057E+01
     0.319782121E+01
     0.319887859E+01
     0.320205211E+01
     0.320626089E+01
     0.320494842E+01
     0.320626093E+01
     0.320836636E+01
     0.320941119E+01
     0.321254703E+01
     0.321670567E+01
     0.321540886E+01
     0.321670571E+01
     0.321878626E+01
     0.321981870E+01
     0.322291733E+01
     0.322702647E+01
     0.322574511E+01
     0.322702651E+01
     0.322908249E+01
     0.323010269E+01
     0.323316458E+01
     0.323722484E+01
     0.323595874E+01
     0.323722488E+01
     0.323925659E+01
     0.324026471E+01
     0.324329031E+01
     0.324730230E+01
     0.324605128E+01
     0.324730234E+01
     0.324931009E+01
     0.325030627E+01
     0.325329604E+01
     0.325726035E+01
     0.325602421E+01
     0.325726039E+01
     0.325924447E+01
     0.326022887E+01
     0.326318324E+01
     0.326710047E+01
     0.326587903E+01
     0.326710051E+01
     0.326906121E+01
     0.327003396E+01
     0.327295338E+01
     0.327682410E+01
     0.327561718E+01
     0.327682414E+01
     0.327876175E+01
     0.327972300E+01
     0.328260790E+01
     0.328643268E+01
     0.328524010E+01
     0.328643271E+01
     0.328834752E+01
     0.328929741E+01
     0.329214820E+01
     0.329592761E+01
     0.329474921E+01
     0.329592765E+01
     0.329781993E+01
     0.329875861E+01
     0.330157571E+01
     0.330531030E+01
     0.330414589E+01
     0.330531034E+01
     0.330718037E+01
     0.330810796E+01
     0.331089180E+01
     0.331458212E+01
     0.331343153E+01
     0.331458216E+01
     0.331643021E+01
     0.331734686E+01
     0.332009783E+01
     0.332374443E+01
     0.332260749E+01
     0.332374447E+01
     0.332557081E+01
     0.332647665E+01
     0.332919517E+01
     0.333279858E+01
     0.333167512E+01
     0.333279861E+01
     0.333460352E+01
     0.333549868E+01
     0.333818514E+01
     0.334174590E+01
     0.334063576E+01
     0.334174593E+01
     0.334352967E+01
     0.334441428E+01
     0.334706907E+01
     0.335058770E+01
     0.334949072E+01
     0.335058774E+01
     0.335235056E+01
     0.335322476E+01
     0.335584828E+01
     0.335932530E+01
     0.335824131E+01
     0.335932534E+01
     0.336106751E+01
     0.336193143E+01
     0.336452406E+01
     0.336795999E+01
     0.336688883E+01
     0.336796003E+01
     0.336968181E+01
     0.337053557E+01
     0.337309771E+01
     0.337649306E+01
     0.337543457E+01
     0.337649309E+01
     0.337819474E+01
     0.337903847E+01
     0.338157050E+01
     0.338492578E+01
     0.338387980E+01
     0.338492581E+01
     0.338660758E+01
     0.338744141E+01
     0.338994370E+01
     0.339325941E+01
     0.339222579E+01
     0.339325945E+01
     0.339492159E+01
     0.339574565E+01
     0.339821859E+01
     0.340149524E+01
     0.340047381E+01
     0.340149527E+01
     0.340313804E+01
     0.340395245E+01
     0.340639641E+01
     0.340963450E+01
     0.340862512E+01
     0.340963453E+01
     0.341125819E+01
     0.341206307E+01
     0.341447843E+01
     0.341767846E+01
     0.341668096E+01
     0.341767849E+01
     0.341928328E+01
     0.342007876E+01
     0.342246590E+01
     0.342562837E+01
     0.342464260E+01
     0.342562840E+01
     0.342721457E+01
     0.342800078E+01
     0.343036007E+01
     0.343348547E+01
     0.343251128E+01
     0.343348550E+01
     0.343505331E+01
     0.343583037E+01
     0.343816220E+01
     0.344125103E+01
     0.344028826E+01
     0.344125106E+01
     0.344280077E+01
     0.344356880E+01
     0.344587353E+01
     0.344892630E+01
     0.344797479E+01
     0.344892633E+01
     0.345045819E+01
     0.345121732E+01
     0.345349534E+01
     0.345651255E+01
     0.345557215E+01
     0.345651258E+01
     0.345802684E+01
     0.345877721E+01
     0.346102890E+01
     0.346401105E+01
     0.346308160E+01
     0.346401108E+01
     0.346550801E+01
     0.346624974E+01
     0.346847548E+01
     0.347142310E+01
     0.347050443E+01
     0.347142313E+01
     0.347290298E+01
     0.347363620E+01
     0.347583639E+01
     0.347874998E+01
     0.347784194E+01
     0.347875001E+01
     0.348021306E+01
     0.348093790E+01
     0.348311294E+01
     0.348599303E+01
     0.348509545E+01
     0.348599306E+01
     0.348743958E+01
     0.348815618E+01
     0.349030646E+01
     0.349315358E+01
     0.349226630E+01
     0.349315361E+01
     0.349458388E+01
     0.349529237E+01
     0.349741832E+01
     0.350023302E+01
     0.349935586E+01
     0.350023305E+01
     0.350164735E+01
     0.350234788E+01
     0.350444991E+01
     0.350723274E+01
     0.350636554E+01
     0.350723277E+01
     0.350863140E+01
     0.350932411E+01
     0.351140265E+01
     0.351415420E+01
     0.351329677E+01
     0.351415422E+01
     0.351553748E+01
     0.351622252E+01
     0.351827803E+01
     0.352099887E+01
     0.352015104E+01
     0.352099890E+01
     0.352236710E+01
     0.352304462E+01
     0.352507756E+01
     0.352776831E+01
     0.352692988E+01
     0.352776834E+01
     0.352912181E+01
     0.352979197E+01
     0.353180282E+01
     0.353446413E+01
     0.353363490E+01
     0.353446415E+01
     0.353580323E+01
     0.353646621E+01
     0.353845548E+01
     0.354108799E+01
     0.354026776E+01
     0.354108802E+01
     0.354241308E+01
     0.354306904E+01
     0.354503726E+01
     0.354764169E+01
     0.354683024E+01
     0.354764171E+01
     0.354895312E+01
     0.354960227E+01
     0.355154999E+01
     0.355412708E+01
     0.355332417E+01
     0.355412710E+01
     0.355542527E+01
     0.355606779E+01
     0.355799563E+01
     0.356054615E+01
     0.355975155E+01
     0.356054617E+01
     0.356183154E+01
     0.356246766E+01
     0.356437624E+01
     0.356690105E+01
     0.356611449E+01
     0.356690107E+01
     0.356817411E+01
     0.356880405E+01
     0.357069408E+01
     0.357319407E+01
     0.357241528E+01
     0.357319410E+01
     0.357445533E+01
     0.357507933E+01
     0.357695157E+01
     0.357942775E+01
     0.357865641E+01
     0.357942777E+01
     0.358067775E+01
     0.358129611E+01
     0.358315138E+01
     0.358560483E+01
     0.358484061E+01
     0.358560485E+01
     0.358684422E+01
     0.358745724E+01
     0.358929646E+01
     0.359172840E+01
     0.359097091E+01
     0.359172842E+01
     0.359295788E+01
     0.359356590E+01
     0.359539012E+01
     0.359780189E+01
     0.359705073E+01
     0.359780192E+01
     0.359902228E+01
     0.359962570E+01
     0.360143609E+01
     0.360382925E+01
     0.360308392E+01
     0.360382927E+01
     0.360504146E+01
     0.360564074E+01
     0.360743867E+01
     0.360981499E+01
     0.360907495E+01
     0.360981501E+01
     0.361102013E+01
     0.361161579E+01
     0.361340286E+01
     0.361576442E+01
     0.361502903E+01
     0.361576445E+01
     0.361696380E+01
     0.361755648E+01
     0.361933460E+01
     0.362168389E+01
     0.362095237E+01
     0.362168391E+01
     0.362287910E+01
     0.362346958E+01
     0.362524106E+01
     0.362758111E+01
     0.362685253E+01
     0.362758114E+01
     0.362877327E+01
     0.362936208E+01
     0.363112854E+01
     0.363346143E+01
     0.363273514E+01
     0.363346146E+01
     0.363462799E+01
     0.363520412E+01
     0.363693255E+01
     0.363921512E+01
     0.363850451E+01
     0.363921514E+01
     0.364035644E+01
     0.364092009E+01
     0.364261104E+01
     0.364484403E+01
     0.364414886E+01
     0.364484405E+01
     0.364596045E+01
     0.364651179E+01
     0.364816578E+01
     0.365034985E+01
     0.364966993E+01
     0.365034987E+01
     0.365144174E+01
     0.365198095E+01
     0.365359851E+01
     0.365573440E+01
     0.365506948E+01
     0.365573442E+01
     0.365680213E+01
     0.365732939E+01
     0.365891109E+01
     0.366099955E+01
     0.366034941E+01
     0.366099956E+01
     0.366204352E+01
     0.366255902E+01
     0.366410546E+01
     0.366614727E+01
     0.366551166E+01
     0.366614729E+01
     0.366716789E+01
     0.366767185E+01
     0.366918364E+01
     0.367117962E+01
     0.367055829E+01
     0.367117964E+01
     0.367217732E+01
     0.367266995E+01
     0.367414772E+01
     0.367609873E+01
     0.367549140E+01
     0.367609874E+01
     0.367707395E+01
     0.367755546E+01
     0.367899988E+01
     0.368090678E+01
     0.368031319E+01
     0.368090679E+01
     0.368185997E+01
     0.368233060E+01
     0.368374234E+01
     0.368560603E+01
     0.368502590E+01
     0.368560604E+01
     0.368653767E+01
     0.368699764E+01
     0.368837739E+01
     0.369019880E+01
     0.368963184E+01
     0.369019881E+01
     0.369110936E+01
     0.369155891E+01
     0.369290739E+01
     0.369468745E+01
     0.369413337E+01
     0.369468746E+01
     0.369557741E+01
     0.369601678E+01
     0.369733470E+01
     0.369907438E+01
     0.369853287E+01
     0.369907439E+01
     0.369994424E+01
     0.370037366E+01
     0.370166177E+01
     0.370336202E+01
     0.370283280E+01
     0.370336203E+01
     0.370420631E+01
     0.370462314E+01
     0.370587345E+01
     0.370752387E+01
     0.370701015E+01
     0.370752388E+01
     0.370833879E+01
     0.370874118E+01
     0.370994815E+01
     0.371154151E+01
     0.371104553E+01
     0.371154151E+01
     0.371232880E+01
     0.371271760E+01
     0.371388378E+01
     0.371542343E+01
     0.371494415E+01
     0.371542344E+01
     0.371618470E+01
     0.371656068E+01
     0.371768843E+01
     0.371917747E+01
     0.371871393E+01
     0.371917747E+01
     0.371991417E+01
     0.372027806E+01
     0.372136953E+01
     0.372281077E+01
     0.372236210E+01
     0.372281077E+01
     0.372352425E+01
     0.372387670E+01
     0.372493386E+01
     0.372632990E+01
     0.372589528E+01
     0.372632990E+01
     0.372702138E+01
     0.372736301E+01
     0.372838767E+01
     0.372974089E+01
     0.372931959E+01
     0.372974089E+01
     0.373041152E+01
     0.373074287E+01
     0.373173672E+01
     0.373304932E+01
     0.373264066E+01
     0.373304932E+01
     0.373370016E+01
     0.373402175E+01
     0.373498633E+01
     0.373626035E+01
     0.373586370E+01
     0.373626035E+01
     0.373689238E+01
     0.373720470E+01
     0.373814146E+01
     0.373937880E+01
     0.373899355E+01
     0.373937880E+01
     0.373999292E+01
     0.374029641E+01
     0.374120670E+01
     0.374240913E+01
     0.374203475E+01
     0.374240913E+01
     0.374300621E+01
     0.374330129E+01
     0.374418636E+01
     0.374535554E+01
     0.374499151E+01
     0.374535554E+01
     0.374593636E+01
     0.374622344E+01
     0.374708447E+01
     0.374822194E+01
     0.374786777E+01
     0.374822194E+01
     0.374878727E+01
     0.374906670E+01
     0.374990480E+01
     0.375101202E+01
     0.375066726E+01
     0.375101202E+01
     0.375156256E+01
     0.375183469E+01
     0.375265090E+01
     0.375372924E+01
     0.375339347E+01
     0.375372924E+01
     0.375426566E+01
     0.375453082E+01
     0.375532613E+01
     0.375637689E+01
     0.375604970E+01
     0.375637689E+01
     0.375689981E+01
     0.375715832E+01
     0.375793365E+01
     0.375895805E+01
     0.375863907E+01
     0.375895805E+01
     0.375946808E+01
     0.375972022E+01
     0.376047647E+01
     0.376147567E+01
     0.376116453E+01
     0.376147566E+01
     0.376197337E+01
     0.376221943E+01
     0.376295742E+01
     0.376393253E+01
     0.376362889E+01
     0.376393253E+01
     0.376441846E+01
     0.376465870E+01
     0.376537924E+01
     0.376633131E+01
     0.376603484E+01
     0.376633130E+01
     0.376680597E+01
     0.376704065E+01
     0.376774451E+01
     0.376867454E+01
     0.376838494E+01
     0.376867454E+01
     0.376913844E+01
     0.376936780E+01
     0.377005571E+01
     0.377096467E+01
     0.377068163E+01
     0.377096467E+01
     0.377141829E+01
     0.377164256E+01
     0.377231522E+01
     0.377320405E+01
     0.377292727E+01
     0.377320404E+01
     0.377364784E+01
     0.377386726E+01
     0.377452535E+01
     0.377539493E+01
     0.377512415E+01
     0.377539493E+01
     0.377582935E+01
     0.377604413E+01
     0.377668832E+01
     0.377753953E+01
     0.377727447E+01
     0.377753952E+01
     0.377796500E+01
     0.377817537E+01
     0.377880629E+01
     0.377963997E+01
     0.377938037E+01
     0.377963996E+01
     0.378005693E+01
     0.378026308E+01
     0.378088138E+01
     0.378169835E+01
     0.378144395E+01
     0.378169835E+01
     0.378210723E+01
     0.378230937E+01
     0.378291566E+01
     0.378371674E+01
     0.378346729E+01
     0.378371673E+01
     0.378411794E+01
     0.378431629E+01
     0.378491118E+01
     0.378569718E+01
     0.378545243E+01
     0.378569718E+01
     0.378609113E+01
     0.378628588E+01
     0.378686999E+01
     0.378764173E+01
     0.378740142E+01
     0.378764172E+01
     0.378802885E+01
     0.378822021E+01
     0.378879417E+01
     0.378955245E+01
     0.378931634E+01
     0.378955245E+01
     0.378993318E+01
     0.379012137E+01
     0.379068580E+01
     0.379143147E+01
     0.379119929E+01
     0.379143147E+01
     0.379180625E+01
     0.379199149E+01
     0.379254707E+01
     0.379328100E+01
     0.379305248E+01
     0.379328099E+01
     0.379365031E+01
     0.379383283E+01
     0.379438025E+01
     0.379510335E+01
     0.379487821E+01
     0.379510334E+01
     0.379546770E+01
     0.379564775E+01
     0.379618777E+01
     0.379690103E+01
     0.379667896E+01
     0.379690103E+01
     0.379726100E+01
     0.379743886E+01
     0.379797230E+01
     0.379867682E+01
     0.379845748E+01
     0.379867681E+01
     0.379903304E+01
     0.379920903E+01
     0.379973684E+01
     0.380043384E+01
     0.380021685E+01
     0.380043384E+01
     0.380078708E+01
     0.380096156E+01
     0.380148486E+01
     0.380217579E+01
     0.380196070E+01
     0.380217579E+01
     0.380252623E+01
     0.380269929E+01
     0.380321834E+01
     0.380390354E+01
     0.380369025E+01
     0.380390354E+01
     0.380424961E+01
     0.380442049E+01
     0.380493299E+01
     0.380560947E+01
     0.380539890E+01
     0.380560946E+01
     0.380595162E+01
     0.380612054E+01
     0.380662715E+01
     0.380729576E+01
     0.380708766E+01
     0.380729576E+01
     0.380763449E+01
     0.380780169E+01
     0.380830312E+01
     0.380896482E+01
     0.380875888E+01
     0.380896481E+01
     0.380930069E+01
     0.380946643E+01
     0.380996352E+01
     0.381061936E+01
     0.381041525E+01
     0.381061935E+01
     0.381095303E+01
     0.381111765E+01
     0.381161136E+01
     0.381226260E+01
     0.381205995E+01
     0.381226260E+01
     0.381259490E+01
     0.381275879E+01
     0.381325031E+01
     0.381389850E+01
     0.381369681E+01
     0.381389850E+01
     0.381423048E+01
     0.381439415E+01
     0.381488500E+01
     0.381553212E+01
     0.381533079E+01
     0.381553212E+01
     0.381586521E+01
     0.381602935E+01
     0.381652161E+01
     0.381717036E+01
     0.381696855E+01
     0.381717035E+01
     0.381750665E+01
     0.381767226E+01
     0.381816896E+01
     0.381882325E+01
     0.381861975E+01
     0.381882324E+01
     0.381913565E+01
     0.381928960E+01
     0.381975132E+01
     0.382035982E+01
     0.382017053E+01
     0.382035982E+01
     0.382064263E+01
     0.382078213E+01
     0.382120052E+01
     0.382175234E+01
     0.382158063E+01
     0.382175234E+01
     0.382201401E+01
     0.382214316E+01
     0.382253053E+01
     0.382304170E+01
     0.382288261E+01
     0.382304170E+01
     0.382328700E+01
     0.382340813E+01
     0.382377144E+01
     0.382425105E+01
     0.382410176E+01
     0.382425105E+01
     0.382448291E+01
     0.382459744E+01
     0.382494097E+01
     0.382539461E+01
     0.382525338E+01
     0.382539460E+01
     0.382561502E+01
     0.382572393E+01
     0.382605061E+01
     0.382648208E+01
     0.382634774E+01
     0.382648208E+01
     0.382669251E+01
     0.382679652E+01
     0.382710847E+01
     0.382752059E+01
     0.382739227E+01
     0.382752059E+01
     0.382772216E+01
     0.382782180E+01
     0.382812069E+01
     0.382851560E+01
     0.382839263E+01
     0.382851559E+01
     0.382870920E+01
     0.382880492E+01
     0.382909203E+01
     0.382947145E+01
     0.382935330E+01
     0.382947145E+01
     0.382965781E+01
     0.382974996E+01
     0.383002638E+01
     0.383039171E+01
     0.383027794E+01
     0.383039171E+01
     0.383057143E+01
     0.383066032E+01
     0.383092693E+01
     0.383127933E+01
     0.383116958E+01
     0.383127933E+01
     0.383145293E+01
     0.383153880E+01
     0.383179637E+01
     0.383213684E+01
     0.383203080E+01
     0.383213684E+01
     0.383230477E+01
     0.383238784E+01
     0.383263700E+01
     0.383296641E+01
     0.383286381E+01
     0.383296640E+01
     0.383312904E+01
     0.383320950E+01
     0.383345084E+01
     0.383376991E+01
     0.383367053E+01
     0.383376991E+01
     0.383392760E+01
     0.383400562E+01
     0.383423963E+01
     0.383454903E+01
     0.383445266E+01
     0.383454903E+01
     0.383470207E+01
     0.383477779E+01
     0.383500492E+01
     0.383530524E+01
     0.383521169E+01
     0.383530523E+01
     0.383545390E+01
     0.383552745E+01
     0.383574809E+01
     0.383603985E+01
     0.383594897E+01
     0.383603984E+01
     0.383618437E+01
     0.383625588E+01
     0.383647039E+01
     0.383675405E+01
     0.383666570E+01
     0.383675405E+01
     0.383689466E+01
     0.383696424E+01
     0.383717294E+01
     0.383744893E+01
     0.383736296E+01
     0.383744893E+01
     0.383758582E+01
     0.383765356E+01
     0.383785676E+01
     0.383812547E+01
     0.383804177E+01
     0.383812547E+01
     0.383825883E+01
     0.383832482E+01
     0.383852278E+01
     0.383878457E+01
     0.383870302E+01
     0.383878457E+01
     0.383891456E+01
     0.383897889E+01
     0.383917185E+01
     0.383942704E+01
     0.383934755E+01
     0.383942704E+01
     0.383955383E+01
     0.383961657E+01
     0.383980477E+01
     0.384005367E+01
     0.383997614E+01
     0.384005367E+01
     0.384017738E+01
     0.384023861E+01
     0.384042226E+01
     0.384066514E+01
     0.384058948E+01
     0.384066514E+01
     0.384078593E+01
     0.384084570E+01
     0.384102500E+01
     0.384126212E+01
     0.384118826E+01
     0.384126212E+01
     0.384138010E+01
     0.384143848E+01
     0.384161361E+01
     0.384184522E+01
     0.384177308E+01
     0.384184522E+01
     0.384196051E+01
     0.384201756E+01
     0.384218869E+01
     0.384241502E+01
     0.384234452E+01
     0.384241502E+01
     0.384252772E+01
     0.384258349E+01
     0.384275079E+01
     0.384297204E+01
     0.384290312E+01
     0.384297204E+01
     0.384308227E+01
     0.384313681E+01
     0.384330042E+01
     0.384351680E+01
     0.384344940E+01
     0.384351680E+01
     0.384362464E+01
     0.384367800E+01
     0.384383808E+01
     0.384404977E+01
     0.384398383E+01
     0.384404977E+01
     0.384415532E+01
     0.384420755E+01
     0.384436422E+01
     0.384457140E+01
     0.384450686E+01
     0.384457140E+01
     0.384467475E+01
     0.384472588E+01
     0.384487928E+01
     0.384508212E+01
     0.384501894E+01
     0.384508212E+01
     0.384518335E+01
     0.384523343E+01
     0.384538367E+01
     0.384558234E+01
     0.384552046E+01
     0.384558234E+01
     0.384568153E+01
     0.384573060E+01
     0.384587780E+01
     0.384607244E+01
     0.384601182E+01
     0.384607244E+01
     0.384616966E+01
     0.384621776E+01
     0.384636204E+01
     0.384655280E+01
     0.384649338E+01
     0.384655280E+01
     0.384664813E+01
     0.384669528E+01
     0.384683674E+01
     0.384702377E+01
     0.384696552E+01
     0.384702377E+01
     0.384711727E+01
     0.384716352E+01
     0.384730227E+01
     0.384748569E+01
     0.384742856E+01
     0.384748569E+01
     0.384757744E+01
     0.384762282E+01
     0.384775895E+01
     0.384793890E+01
     0.384788285E+01
     0.384793890E+01
     0.384802896E+01
     0.384807350E+01
     0.384820710E+01
     0.384838372E+01
     0.384832871E+01
     0.384838372E+01
     0.384847215E+01
     0.384851588E+01
     0.384864706E+01
     0.384882045E+01
     0.384876645E+01
     0.384882045E+01
     0.384890732E+01
     0.384895027E+01
     0.384907912E+01
     0.384924942E+01
     0.384919638E+01
     0.384924942E+01
     0.384933478E+01
     0.384937698E+01
     0.384950359E+01
     0.384967091E+01
     0.384961880E+01
     0.384967090E+01
     0.384975483E+01
     0.384979631E+01
     0.384992076E+01
     0.385008522E+01
     0.385003401E+01
     0.385008522E+01
     0.385016776E+01
     0.385020856E+01
     0.385033094E+01
     0.385049266E+01
     0.385044230E+01
     0.385049266E+01
     0.385057388E+01
     0.385061402E+01
     0.385073443E+01
     0.385089353E+01
     0.385084399E+01
     0.385089353E+01
     0.385097349E+01
     0.385101300E+01
     0.385113153E+01
     0.385128812E+01
     0.385123936E+01
     0.385128812E+01
     0.385136689E+01
     0.385140580E+01
     0.385152255E+01
     0.385167676E+01
     0.385162874E+01
     0.385167676E+01
     0.385175440E+01
     0.385179275E+01
     0.385190781E+01
     0.385205976E+01
     0.385201245E+01
     0.385205976E+01
     0.385213635E+01
     0.385217417E+01
     0.385228764E+01
     0.385243748E+01
     0.385239083E+01
     0.385243748E+01
     0.385251309E+01
     0.385255042E+01
     0.385266242E+01
     0.385281029E+01
     0.385276426E+01
     0.385281029E+01
     0.385288500E+01
     0.385292188E+01
     0.385303252E+01
     0.385317858E+01
     0.385313312E+01
     0.385317858E+01
     0.385325249E+01
     0.385328897E+01
     0.385339840E+01
     0.385354283E+01
     0.385349787E+01
     0.385354282E+01
     0.385361605E+01
     0.385365217E+01
     0.385376055E+01
     0.385390355E+01
     0.385385904E+01
     0.385390354E+01
     0.385397621E+01
     0.385401204E+01
     0.385411955E+01
     0.385426137E+01
     0.385421724E+01
     0.385426137E+01
     0.385433363E+01
     0.385436926E+01
     0.385447613E+01
     0.385461708E+01
     0.385457322E+01
     0.385461708E+01
     0.385468915E+01
     0.385472466E+01
     0.385483121E+01
     0.385497167E+01
     0.385492797E+01
     0.385497167E+01
     0.385504383E+01
     0.385507938E+01
     0.385518600E+01
     0.385532651E+01
     0.385528281E+01
     0.385532651E+01
     0.385539919E+01
     0.385543496E+01
     0.385554227E+01
     0.385568361E+01
     0.385563966E+01
     0.385568361E+01
     0.385575747E+01
     0.385579379E+01
     0.385590276E+01
     0.385604618E+01
     0.385600159E+01
     0.385604617E+01
     0.385612247E+01
     0.385615994E+01
     0.385627236E+01
     0.385642018E+01
     0.385637424E+01
     0.385642018E+01
     0.385650194E+01
     0.385654201E+01
     0.385666223E+01
     0.385682004E+01
     0.385677102E+01
     0.385682003E+01
     0.385691236E+01
     0.385695744E+01
     0.385709268E+01
     0.385726971E+01
     0.385721479E+01
     0.385726970E+01
     0.385735359E+01
     0.385739458E+01
     0.385751757E+01
     0.385767867E+01
     0.385762868E+01
     0.385733884E+01
     0.385737276E+01
     0.385747454E+01
     0.385760827E+01
     0.385756672E+01
     0.385760827E+01
     0.385767646E+01
     0.385770990E+01
     0.385781023E+01
     0.385794199E+01
     0.385790106E+01
     0.385794199E+01
     0.385800247E+01
     0.385803216E+01
     0.385812127E+01
     0.385823841E+01
     0.385820201E+01
     0.385823841E+01
     0.385829369E+01
     0.385832086E+01
     0.385840236E+01
     0.385850959E+01
     0.385847626E+01
     0.385850959E+01
     0.385856099E+01
     0.385858627E+01
     0.385866210E+01
     0.385876190E+01
     0.385873087E+01
     0.385876190E+01
     0.385881018E+01
     0.385883392E+01
     0.385890517E+01
     0.385899897E+01
     0.385896980E+01
     0.385899897E+01
     0.385904460E+01
     0.385906706E+01
     0.385913443E+01
     0.385922314E+01
     0.385919556E+01
     0.385922314E+01
     0.385926649E+01
     0.385928782E+01
     0.385935182E+01
     0.385943611E+01
     0.385940990E+01
     0.385943611E+01
     0.385947742E+01
     0.385949776E+01
     0.385955877E+01
     0.385963913E+01
     0.385961414E+01
     0.385963913E+01
     0.385967862E+01
     0.385969805E+01
     0.385975637E+01
     0.385983319E+01
     0.385980930E+01
     0.385983319E+01
     0.385987101E+01
     0.385988964E+01
     0.385994550E+01
     0.386001910E+01
     0.385999621E+01
     0.386001910E+01
     0.386005539E+01
     0.386007326E+01
     0.386012687E+01
     0.386019750E+01
     0.386017553E+01
     0.386019750E+01
     0.386023238E+01
     0.386024956E+01
     0.386030108E+01
     0.386036897E+01
     0.386034786E+01
     0.386036897E+01
     0.386040253E+01
     0.386041906E+01
     0.386046865E+01
     0.386053398E+01
     0.386051366E+01
     0.386053398E+01
     0.386056631E+01
     0.386058223E+01
     0.386063000E+01
     0.386069294E+01
     0.386067336E+01
     0.386069294E+01
     0.386072412E+01
     0.386073947E+01
     0.386078553E+01
     0.386084622E+01
     0.386082735E+01
     0.386084622E+01
     0.386087631E+01
     0.386089113E+01
     0.386093558E+01
     0.386099415E+01
     0.386097593E+01
     0.386099415E+01
     0.386102320E+01
     0.386103751E+01
     0.386108044E+01
     0.386113700E+01
     0.386111941E+01
     0.386113700E+01
     0.386116508E+01
     0.386117890E+01
     0.386122039E+01
     0.386127504E+01
     0.386125804E+01
     0.386127504E+01
     0.386130219E+01
     0.386131556E+01
     0.386135566E+01
     0.386140851E+01
     0.386139207E+01
     0.386140851E+01
     0.386143477E+01
     0.386144770E+01
     0.386148649E+01
     0.386153761E+01
     0.386152171E+01
     0.386153761E+01
     0.386156302E+01
     0.386157554E+01
     0.386161308E+01
     0.386166254E+01
     0.386164716E+01
     0.386166254E+01
     0.386168715E+01
     0.386169926E+01
     0.386173560E+01
     0.386178349E+01
     0.386176859E+01
     0.386178349E+01
     0.386180731E+01
     0.386181905E+01
     0.386185424E+01
     0.386190061E+01
     0.386188619E+01
     0.386190061E+01
     0.386192369E+01
     0.386193505E+01
     0.386196915E+01
     0.386201406E+01
     0.386200009E+01
     0.386201406E+01
     0.386203642E+01
     0.386204743E+01
     0.386208047E+01
     0.386212398E+01
     0.386211045E+01
     0.386212398E+01
     0.386214566E+01
     0.386215633E+01
     0.386218834E+01
     0.386223050E+01
     0.386221739E+01
     0.386223050E+01
     0.386225152E+01
     0.386226186E+01
     0.386229289E+01
     0.386233376E+01
     0.386232105E+01
     0.386233376E+01
     0.386235413E+01
     0.386236416E+01
     0.386239424E+01
     0.386243386E+01
     0.386242154E+01
     0.386243386E+01
     0.386245361E+01
     0.386246334E+01
     0.386249250E+01
     0.386253091E+01
     0.386251897E+01
     0.386253091E+01
     0.386255007E+01
     0.386255950E+01
     0.386258778E+01
     0.386262502E+01
     0.386261344E+01
     0.386262502E+01
     0.386264360E+01
     0.386265274E+01
     0.386268017E+01
     0.386271628E+01
     0.386270505E+01
     0.386271628E+01
     0.386273430E+01
     0.386274317E+01
     0.386276977E+01
     0.386280478E+01
     0.386279390E+01
     0.386280478E+01
     0.386282227E+01
     0.386283086E+01
     0.386285666E+01
     0.386289062E+01
     0.386288006E+01
     0.386289062E+01
     0.386290758E+01
     0.386291592E+01
     0.386294094E+01
     0.386297387E+01
     0.386296363E+01
     0.386297387E+01
     0.386299032E+01
     0.386299841E+01
     0.386302267E+01
     0.386305461E+01
     0.386304468E+01
     0.386305461E+01
     0.386307057E+01
     0.386307841E+01
     0.386310195E+01
     0.386313292E+01
     0.386312329E+01
     0.386313292E+01
     0.386314839E+01
     0.386315600E+01
     0.386317883E+01
     0.386320886E+01
     0.386319952E+01
     0.386320886E+01
     0.386322387E+01
     0.386323125E+01
     0.386325339E+01
     0.386328251E+01
     0.386327346E+01
     0.386328251E+01
     0.386329707E+01
     0.386330422E+01
     0.386332569E+01
     0.386335393E+01
     0.386334515E+01
     0.386335393E+01
     0.386336805E+01
     0.386337499E+01
     0.386339580E+01
     0.386342318E+01
     0.386341467E+01
     0.386342318E+01
     0.386343687E+01
     0.386344360E+01
     0.386346378E+01
     0.386349032E+01
     0.386348207E+01
     0.386349032E+01
     0.386350360E+01
     0.386351012E+01
     0.386352968E+01
     0.386355541E+01
     0.386354741E+01
     0.386355541E+01
     0.386356828E+01
     0.386357460E+01
     0.386359357E+01
     0.386361850E+01
     0.386361075E+01
     0.386361850E+01
     0.386363098E+01
     0.386363711E+01
     0.386365549E+01
     0.386367965E+01
     0.386367214E+01
     0.386367965E+01
     0.386369174E+01
     0.386369768E+01
     0.386371549E+01
     0.386373890E+01
     0.386373163E+01
     0.386373890E+01
     0.386375062E+01
     0.386375638E+01
     0.386377363E+01
     0.386379632E+01
     0.386378927E+01
     0.386379632E+01
     0.386380767E+01
     0.386381324E+01
     0.386382996E+01
     0.386385193E+01
     0.386384510E+01
     0.386385193E+01
     0.386386293E+01
     0.386386833E+01
     0.386388452E+01
     0.386390579E+01
     0.386389918E+01
     0.386390579E+01
     0.386391645E+01
     0.386392167E+01
     0.386393735E+01
     0.386395795E+01
     0.386395155E+01
     0.386395795E+01
     0.386396827E+01
     0.386397333E+01
     0.386398850E+01
     0.386400844E+01
     0.386400225E+01
     0.386400844E+01
     0.386401843E+01
     0.386402332E+01
     0.386403802E+01
     0.386405731E+01
     0.386405132E+01
     0.386405731E+01
     0.386406698E+01
     0.386407171E+01
     0.386408593E+01
     0.386410459E+01
     0.386409880E+01
     0.386410459E+01
     0.386411395E+01
     0.386411853E+01
     0.386413228E+01
     0.386415034E+01
     0.386414473E+01
     0.386415034E+01
     0.386415938E+01
     0.386416382E+01
     0.386417712E+01
     0.386419457E+01
     0.386418915E+01
     0.386419457E+01
     0.386420332E+01
     0.386420761E+01
     0.386422047E+01
     0.386423734E+01
     0.386423210E+01
     0.386423734E+01
     0.386424580E+01
     0.386424994E+01
     0.386426237E+01
     0.386427867E+01
     0.386427361E+01
     0.386427867E+01
     0.386428685E+01
     0.386429085E+01
     0.386430286E+01
     0.386431861E+01
     0.386431372E+01
     0.386431861E+01
     0.386432651E+01
     0.386433037E+01
     0.386434197E+01
     0.386435718E+01
     0.386435245E+01
     0.386435718E+01
     0.386436480E+01
     0.386436854E+01
     0.386437973E+01
     0.386439441E+01
     0.386438986E+01
     0.386439441E+01
     0.386440178E+01
     0.386440538E+01
     0.386441619E+01
     0.386443035E+01
     0.386442595E+01
     0.386443035E+01
     0.386443746E+01
     0.386444093E+01
     0.386445136E+01
     0.386446502E+01
     0.386446078E+01
     0.386446502E+01
     0.386447188E+01
     0.386447523E+01
     0.386448528E+01
     0.386449845E+01
     0.386449437E+01
     0.386449845E+01
     0.386450506E+01
     0.386450829E+01
     0.386451799E+01
     0.386453068E+01
     0.386452674E+01
     0.386453068E+01
     0.386453705E+01
     0.386454016E+01
     0.386454950E+01
     0.386456172E+01
     0.386455793E+01
     0.386456172E+01
     0.386456786E+01
     0.386457086E+01
     0.386457985E+01
     0.386459162E+01
     0.386458797E+01
     0.386459162E+01
     0.386459753E+01
     0.386460042E+01
     0.386460907E+01
     0.386462040E+01
     0.386461688E+01
     0.386462040E+01
     0.386462609E+01
     0.386462886E+01
     0.386463719E+01
     0.386464808E+01
     0.386464470E+01
     0.386464808E+01
     0.386465355E+01
     0.386465622E+01
     0.386466422E+01
     0.386467469E+01
     0.386467145E+01
     0.386467469E+01
     0.386467995E+01
     0.386468252E+01
     0.386469021E+01
     0.386470027E+01
     0.386469715E+01
     0.386470026E+01
     0.386470532E+01
     0.386470778E+01
     0.386471517E+01
     0.386472482E+01
     0.386472183E+01
     0.386472482E+01
     0.386472968E+01
     0.386473204E+01
     0.386473913E+01
     0.386474839E+01
     0.386474552E+01
     0.386474839E+01
     0.386475305E+01
     0.386475532E+01
     0.386476212E+01
     0.386477100E+01
     0.386476825E+01
     0.386477100E+01
     0.386477547E+01
     0.386477764E+01
     0.386478416E+01
     0.386479266E+01
     0.386479003E+01
     0.386479266E+01
     0.386479694E+01
     0.386479903E+01
     0.386480527E+01
     0.386481341E+01
     0.386481089E+01
     0.386481341E+01
     0.386481751E+01
     0.386481950E+01
     0.386482548E+01
     0.386483327E+01
     0.386483086E+01
     0.386483327E+01
     0.386483720E+01
     0.386483910E+01
     0.386484481E+01
     0.386485226E+01
     0.386484996E+01
     0.386485226E+01
     0.386485601E+01
     0.386485783E+01
     0.386486329E+01
     0.386487041E+01
     0.386486820E+01
     0.386487041E+01
     0.386487399E+01
     0.386487573E+01
     0.386488094E+01
     0.386488773E+01
     0.386488563E+01
     0.386488773E+01
     0.386489115E+01
     0.386489281E+01
     0.386489778E+01
     0.386490425E+01
     0.386490225E+01
     0.386490425E+01
     0.386490751E+01
     0.386490909E+01
     0.386491383E+01
     0.386491999E+01
     0.386491809E+01
     0.386491999E+01
     0.386492310E+01
     0.386492460E+01
     0.386492911E+01
     0.386493498E+01
     0.386493316E+01
     0.386493498E+01
     0.386493794E+01
     0.386493936E+01
     0.386494365E+01
     0.386494923E+01
     0.386494751E+01
     0.386494923E+01
     0.386495204E+01
     0.386495340E+01
     0.386495747E+01
     0.386496277E+01
     0.386496113E+01
     0.386496277E+01
     0.386496543E+01
     0.386496672E+01
     0.386497059E+01
     0.386497561E+01
     0.386497406E+01
     0.386497561E+01
     0.386497814E+01
     0.386497936E+01
     0.386498303E+01
     0.386498778E+01
     0.386498631E+01
     0.386498778E+01
     0.386499018E+01
     0.386499133E+01
     0.386499480E+01
     0.386499930E+01
     0.386499791E+01
     0.386499930E+01
     0.386500156E+01
     0.386500266E+01
     0.386500593E+01
     0.386501018E+01
     0.386500887E+01
     0.386501018E+01
     0.386501232E+01
     0.386501335E+01
     0.386501645E+01
     0.386502045E+01
     0.386501922E+01
     0.386502045E+01
     0.386502247E+01
     0.386502345E+01
     0.386502636E+01
     0.386503013E+01
     0.386502897E+01
     0.386503013E+01
     0.386503204E+01
     0.386503295E+01
     0.386503569E+01
     0.386503924E+01
     0.386503814E+01
     0.386503924E+01
     0.386504103E+01
     0.386504189E+01
     0.386504446E+01
     0.386504779E+01
     0.386504676E+01
     0.386504779E+01
     0.386504947E+01
     0.386505027E+01
     0.386505269E+01
     0.386505580E+01
     0.386505484E+01
     0.386505580E+01
     0.386505738E+01
     0.386505813E+01
     0.386506039E+01
     0.386506330E+01
     0.386506240E+01
     0.386506330E+01
     0.386506478E+01
     0.386506548E+01
     0.386506759E+01
     0.386507030E+01
     0.386506947E+01
     0.386507030E+01
     0.386507168E+01
     0.386507233E+01
     0.386507430E+01
     0.386507683E+01
     0.386507605E+01
     0.386507683E+01
     0.386507810E+01
     0.386507871E+01
     0.386508054E+01
     0.386508289E+01
     0.386508216E+01
     0.386508289E+01
     0.386508407E+01
     0.386508464E+01
     0.386508633E+01
     0.386508850E+01
     0.386508784E+01
     0.386508850E+01
     0.386508960E+01
     0.386509013E+01
     0.386509169E+01
     0.386509370E+01
     0.386509308E+01
     0.386509370E+01
     0.386509471E+01
     0.386509519E+01
     0.386509664E+01
     0.386509848E+01
     0.386509792E+01
     0.386509848E+01
     0.386509942E+01
     0.386509986E+01
     0.386510119E+01
     0.386510288E+01
     0.386510236E+01
     0.386510288E+01
     0.386510374E+01
     0.386510414E+01
     0.386510536E+01
     0.386510690E+01
     0.386510643E+01
     0.386510690E+01
     0.386510769E+01
     0.386510806E+01
     0.386510917E+01
     0.386511057E+01
     0.386511014E+01
     0.386511057E+01
     0.386511129E+01
     0.386511162E+01
     0.386511263E+01
     0.386511390E+01
     0.386511351E+01
     0.386511390E+01
     0.386511455E+01
     0.386511486E+01
     0.386511577E+01
     0.386511692E+01
     0.386511657E+01
     0.386511692E+01
     0.386511750E+01
     0.386511778E+01
     0.386511859E+01
     0.386511963E+01
     0.386511931E+01
     0.386511963E+01
     0.386512015E+01
     0.386512040E+01
     0.386512113E+01
     0.386512205E+01
     0.386512177E+01
     0.386512205E+01
     0.386512252E+01
     0.386512274E+01
     0.386512339E+01
     0.386512420E+01
     0.386512395E+01
     0.386512420E+01
     0.386512462E+01
     0.386512481E+01
     0.386512539E+01
     0.386512610E+01
     0.386512588E+01
     0.386512610E+01
     0.386512647E+01
     0.386512664E+01
     0.386512714E+01
     0.386512777E+01
     0.386512758E+01
     0.386512777E+01
     0.386512809E+01
     0.386512823E+01
     0.386512867E+01
     0.386512921E+01
     0.386512905E+01
     0.386512921E+01
     0.386512949E+01
     0.386512961E+01
     0.386512999E+01
     0.386513045E+01
     0.386513031E+01
     0.386513045E+01
     0.386513069E+01
     0.386513080E+01
     0.386513112E+01
     0.386513150E+01
     0.386513139E+01
     0.386513150E+01
     0.386513171E+01
     0.386513180E+01
     0.386513206E+01
     0.386513239E+01
     0.386513229E+01
     0.386513239E+01
     0.386513255E+01
     0.386513263E+01
     0.386513285E+01
     0.386513311E+01
     0.386513303E+01
     0.386513311E+01
     0.386513325E+01
     0.386513331E+01
     0.386513349E+01
     0.386513370E+01
     0.386513363E+01
     0.386513370E+01
     0.386513380E+01
     0.386513385E+01
     0.386513398E+01
     0.386513413E+01
     0.386513409E+01
     0.386513413E+01
     0.386513421E+01
     0.386513424E+01
     0.386513434E+01
     0.386513445E+01
     0.386513442E+01
     0.386513445E+01
     0.386513451E+01
     0.386513453E+01
     0.386513460E+01
     0.386513467E+01
     0.386513465E+01
     0.386513467E+01
     0.386513471E+01
     0.386513473E+01
     0.386513477E+01
     0.386513482E+01
     0.386513481E+01
     0.386513482E+01
     0.386513485E+01
     0.386513486E+01
     0.386513489E+01
     0.386513492E+01
     0.386513491E+01
     0.386513492E+01
     0.386513494E+01
     0.386513494E+01
     0.386513496E+01
     0.386513498E+01
     0.386513498E+01
     0.386513498E+01
     0.386513499E+01
     0.386513500E+01
     0.386513501E+01
     0.386513502E+01
     0.386513502E+01
     0.386513502E+01
     0.386513502E+01
     0.386513503E+01
     0.386513503E+01
     0.386513504E+01
     0.386513504E+01
     0.386513504E+01
     0.386513504E+01
     0.386513504E+01
     0.386513505E+01
     0.386513505E+01
     0.386513505E+01
     0.386513505E+01
     0.386513505E+01
     0.386513505E+01
     0.386513505E+01
     0.386513505E+01
     0.386513505E+01
     0.386513505E+01
     0.386513505E+01
     0.386513505E+01
     0.386513505E+01
     0.386513505E+01
     0.386513505E+01
     0.386513505E+01
     0.386513505E+01
     0.386513505E+01
     0.386513505E+01
     0.386513505E+01
     0.386513505E+01
     0.386513505E+01
     0.386513505E+01
     0.386513505E+01
     0.386513505E+01
     0.386513505E+01
     0.386513505E+01
     0.386513505E+01
     0.386513505E+01
     0.386513505E+01
     0.386513505E+01
     0.386513505E+01
     0.386513505E+01
     0.386513505E+01
     0.386513505E+01
     0.386513505E+01
     0.386513505E+01
     0.386513505E+01
     0.386513505E+01
