     0.100000000E+01
     0.102556309E+01
     0.103816196E+01
     0.107588233E+01
     0.112541694E+01
     0.111001095E+01
     0.100255631E+01
     0.100383275E+01
     0.100766202E+01
     0.101276216E+01
     0.101116906E+01
     0.100034196E+01
     0.100051291E+01
     0.100102575E+01
     0.100170945E+01
     0.100149580E+01
     0.100170945E+01
     0.100221920E+01
     0.100247401E+01
     0.100323845E+01
     0.100425747E+01
     0.100393905E+01
     0.100193147E+01
     0.100204247E+01
     0.100237546E+01
     0.100281942E+01
     0.100268069E+01
     0.100281942E+01
     0.100307668E+01
     0.100320530E+01
     0.100359114E+01
     0.100410554E+01
     0.100394480E+01
     0.100410554E+01
     0.100436025E+01
     0.100448758E+01
     0.100486959E+01
     0.100537888E+01
     0.100521973E+01
     0.100537888E+01
     0.100564695E+01
     0.100578096E+01
     0.100618300E+01
     0.100671900E+01
     0.100655151E+01
     0.100671900E+01
     0.100699842E+01
     0.100713810E+01
     0.100755717E+01
     0.100811585E+01
     0.100794127E+01
     0.100811585E+01
     0.100840512E+01
     0.100854973E+01
     0.100898357E+01
     0.100956195E+01
     0.100938122E+01
     0.100956195E+01
     0.100985991E+01
     0.101000886E+01
     0.101045572E+01
     0.101105147E+01
     0.101086531E+01
     0.101105147E+01
     0.101135717E+01
     0.101151000E+01
     0.101196848E+01
     0.101257971E+01
     0.101238871E+01
     0.101257971E+01
     0.101289239E+01
     0.101304871E+01
     0.101351765E+01
     0.101414282E+01
     0.101394746E+01
     0.101414282E+01
     0.101446182E+01
     0.101462130E+01
     0.101509972E+01
     0.101573753E+01
     0.101553822E+01
     0.101573753E+01
     0.101606230E+01
     0.101622466E+01
     0.101671173E+01
     0.101736107E+01
     0.101715816E+01
     0.101736107E+01
     0.101769113E+01
     0.101785613E+01
     0.101835113E+01
     0.101901103E+01
     0.101880482E+01
     0.101901103E+01
     0.101934595E+01
     0.101951338E+01
     0.102001567E+01
     0.102068529E+01
     0.102047605E+01
     0.102068529E+01
     0.102102471E+01
     0.102119438E+01
     0.102170340E+01
     0.102238199E+01
     0.102216995E+01
     0.102238199E+01
     0.102272557E+01
     0.102289732E+01
     0.102341258E+01
     0.102409948E+01
     0.102388483E+01
     0.102409947E+01
     0.102444691E+01
     0.102462059E+01
     0.102514163E+01
     0.102583624E+01
     0.102561919E+01
     0.102583624E+01
     0.102618726E+01
     0.102636274E+01
     0.102688916E+01
     0.102759094E+01
     0.102737165E+01
     0.102759094E+01
     0.102794531E+01
     0.102812245E+01
     0.102865389E+01
     0.102936235E+01
     0.102914097E+01
     0.102936235E+01
     0.102971984E+01
     0.102989854E+01
     0.103043465E+01
     0.103114935E+01
     0.103092602E+01
     0.103114935E+01
     0.103150975E+01
     0.103168991E+01
     0.103223040E+01
     0.103295091E+01
     0.103272577E+01
     0.103295091E+01
     0.103331404E+01
     0.103349557E+01
     0.103404014E+01
     0.103476610E+01
     0.103453926E+01
     0.103476610E+01
     0.103513179E+01
     0.103531459E+01
     0.103586299E+01
     0.103659405E+01
     0.103636561E+01
     0.103659405E+01
     0.103696213E+01
     0.103714612E+01
     0.103769810E+01
     0.103843394E+01
     0.103820401E+01
     0.103843394E+01
     0.103880426E+01
     0.103898938E+01
     0.103954472E+01
     0.104028504E+01
     0.104005371E+01
     0.104028504E+01
     0.104065746E+01
     0.104084363E+01
     0.104140212E+01
     0.104214664E+01
     0.104191399E+01
     0.104214664E+01
     0.104252103E+01
     0.104270819E+01
     0.104326964E+01
     0.104401809E+01
     0.104378422E+01
     0.104401809E+01
     0.104439434E+01
     0.104458241E+01
     0.104514664E+01
     0.104589879E+01
     0.104566376E+01
     0.104589879E+01
     0.104627678E+01
     0.104646572E+01
     0.104703255E+01
     0.104778816E+01
     0.104755205E+01
     0.104778816E+01
     0.104816778E+01
     0.104835754E+01
     0.104892681E+01
     0.104968568E+01
     0.104944855E+01
     0.104968568E+01
     0.105006682E+01
     0.105025734E+01
     0.105082891E+01
     0.105159082E+01
     0.105135274E+01
     0.105159082E+01
     0.105197341E+01
     0.105216464E+01
     0.105273835E+01
     0.105350313E+01
     0.105326416E+01
     0.105350313E+01
     0.105388706E+01
     0.105407897E+01
     0.105465469E+01
     0.105542216E+01
     0.105518234E+01
     0.105542216E+01
     0.105580734E+01
     0.105599988E+01
     0.105657749E+01
     0.105734747E+01
     0.105710687E+01
     0.105734747E+01
     0.105773383E+01
     0.105792696E+01
     0.105850634E+01
     0.105927866E+01
     0.105903733E+01
     0.105927866E+01
     0.105966613E+01
     0.105985981E+01
     0.106044084E+01
     0.106121537E+01
     0.106097335E+01
     0.106121537E+01
     0.106160387E+01
     0.106179806E+01
     0.106238064E+01
     0.106315722E+01
     0.106291456E+01
     0.106315722E+01
     0.106354669E+01
     0.106374136E+01
     0.106432538E+01
     0.106510388E+01
     0.106486062E+01
     0.106510388E+01
     0.106549424E+01
     0.106568936E+01
     0.106627472E+01
     0.106705501E+01
     0.106681120E+01
     0.106705501E+01
     0.106744621E+01
     0.106764175E+01
     0.106822836E+01
     0.106901032E+01
     0.106876598E+01
     0.106901032E+01
     0.106940230E+01
     0.106959822E+01
     0.107018600E+01
     0.107096950E+01
     0.107072468E+01
     0.107096950E+01
     0.107136219E+01
     0.107155848E+01
     0.107214733E+01
     0.107293227E+01
     0.107268700E+01
     0.107293227E+01
     0.107332563E+01
     0.107352225E+01
     0.107411210E+01
     0.107489836E+01
     0.107465268E+01
     0.107489836E+01
     0.107529234E+01
     0.107548926E+01
     0.107608003E+01
     0.107686751E+01
     0.107662145E+01
     0.107686751E+01
     0.107726206E+01
     0.107745927E+01
     0.107805088E+01
     0.107883949E+01
     0.107859308E+01
     0.107883949E+01
     0.107923456E+01
     0.107943202E+01
     0.108002441E+01
     0.108081406E+01
     0.108056732E+01
     0.108081405E+01
     0.108120960E+01
     0.108140730E+01
     0.108200040E+01
     0.108279098E+01
     0.108254395E+01
     0.108279098E+01
     0.108318695E+01
     0.108338487E+01
     0.108397861E+01
     0.108477005E+01
     0.108452275E+01
     0.108477005E+01
     0.108516641E+01
     0.108536452E+01
     0.108595885E+01
     0.108675106E+01
     0.108650352E+01
     0.108675106E+01
     0.108714777E+01
     0.108734605E+01
     0.108794090E+01
     0.108873380E+01
     0.108848605E+01
     0.108873380E+01
     0.108913083E+01
     0.108932927E+01
     0.108992458E+01
     0.109071810E+01
     0.109047016E+01
     0.109071810E+01
     0.109111541E+01
     0.109131398E+01
     0.109190971E+01
     0.109270377E+01
     0.109245565E+01
     0.109270377E+01
     0.109310131E+01
     0.109330001E+01
     0.109389609E+01
     0.109469063E+01
     0.109444237E+01
     0.109469063E+01
     0.109508838E+01
     0.109528718E+01
     0.109588357E+01
     0.109667852E+01
     0.109643013E+01
     0.109667852E+01
     0.109707644E+01
     0.109727533E+01
     0.109787198E+01
     0.109866727E+01
     0.109841877E+01
     0.109866727E+01
     0.109906534E+01
     0.109926429E+01
     0.109986116E+01
     0.110065672E+01
     0.110040814E+01
     0.110065672E+01
     0.110105491E+01
     0.110125392E+01
     0.110185095E+01
     0.110264674E+01
     0.110239809E+01
     0.110264674E+01
     0.110304501E+01
     0.110324406E+01
     0.110384122E+01
     0.110463716E+01
     0.110438846E+01
     0.110463716E+01
     0.110503549E+01
     0.110523457E+01
     0.110583181E+01
     0.110662787E+01
     0.110637913E+01
     0.110662787E+01
     0.110702622E+01
     0.110722532E+01
     0.110782260E+01
     0.110861871E+01
     0.110836996E+01
     0.110861871E+01
     0.110901707E+01
     0.110921617E+01
     0.110981345E+01
     0.111060956E+01
     0.111036081E+01
     0.111060956E+01
     0.111100791E+01
     0.111120699E+01
     0.111180424E+01
     0.111260031E+01
     0.111235157E+01
     0.111260031E+01
     0.111299861E+01
     0.111319767E+01
     0.111379485E+01
     0.111459082E+01
     0.111434211E+01
     0.111459082E+01
     0.111498905E+01
     0.111518808E+01
     0.111578516E+01
     0.111658098E+01
     0.111633232E+01
     0.111658098E+01
     0.111697912E+01
     0.111717811E+01
     0.111777505E+01
     0.111857069E+01
     0.111832208E+01
     0.111857068E+01
     0.111896872E+01
     0.111916764E+01
     0.111976442E+01
     0.112055982E+01
     0.112031129E+01
     0.112055982E+01
     0.112095773E+01
     0.112115658E+01
     0.112175316E+01
     0.112254829E+01
     0.112229985E+01
     0.112254829E+01
     0.112294605E+01
     0.112314483E+01
     0.112374117E+01
     0.112453599E+01
     0.112428765E+01
     0.112453599E+01
     0.112493358E+01
     0.112513227E+01
     0.112572835E+01
     0.112652283E+01
     0.112627459E+01
     0.112652283E+01
     0.112692022E+01
     0.112711882E+01
     0.112771462E+01
     0.112850871E+01
     0.112826059E+01
     0.112850870E+01
     0.112890589E+01
     0.112910439E+01
     0.112969987E+01
     0.113049353E+01
     0.113024555E+01
     0.113049353E+01
     0.113089050E+01
     0.113108888E+01
     0.113168402E+01
     0.113247723E+01
     0.113222939E+01
     0.113247723E+01
     0.113287395E+01
     0.113307221E+01
     0.113366698E+01
     0.113445970E+01
     0.113421202E+01
     0.113445970E+01
     0.113485617E+01
     0.113505430E+01
     0.113564868E+01
     0.113644088E+01
     0.113619336E+01
     0.113644088E+01
     0.113683707E+01
     0.113703506E+01
     0.113762904E+01
     0.113842068E+01
     0.113817333E+01
     0.113842068E+01
     0.113881658E+01
     0.113901443E+01
     0.113960797E+01
     0.114039903E+01
     0.114015186E+01
     0.114039902E+01
     0.114079463E+01
     0.114099232E+01
     0.114158541E+01
     0.114237585E+01
     0.114212888E+01
     0.114237585E+01
     0.114277114E+01
     0.114296867E+01
     0.114356128E+01
     0.114435108E+01
     0.114410431E+01
     0.114435108E+01
     0.114474604E+01
     0.114494341E+01
     0.114553552E+01
     0.114632465E+01
     0.114607809E+01
     0.114632465E+01
     0.114671927E+01
     0.114691646E+01
     0.114750805E+01
     0.114829649E+01
     0.114805015E+01
     0.114829649E+01
     0.114869076E+01
     0.114888777E+01
     0.114947883E+01
     0.115026655E+01
     0.115002043E+01
     0.115026655E+01
     0.115066044E+01
     0.115085728E+01
     0.115144778E+01
     0.115223475E+01
     0.115198887E+01
     0.115223475E+01
     0.115262827E+01
     0.115282492E+01
     0.115341485E+01
     0.115420105E+01
     0.115395541E+01
     0.115420105E+01
     0.115459418E+01
     0.115479063E+01
     0.115537997E+01
     0.115616539E+01
     0.115591999E+01
     0.115616539E+01
     0.115655812E+01
     0.115675437E+01
     0.115734310E+01
     0.115812771E+01
     0.115788257E+01
     0.115812771E+01
     0.115852003E+01
     0.115871607E+01
     0.115930419E+01
     0.116008797E+01
     0.115984308E+01
     0.116008797E+01
     0.116047987E+01
     0.116067570E+01
     0.116126318E+01
     0.116204611E+01
     0.116180149E+01
     0.116204611E+01
     0.116243758E+01
     0.116263319E+01
     0.116322002E+01
     0.116400208E+01
     0.116375773E+01
     0.116400208E+01
     0.116439311E+01
     0.116458850E+01
     0.116517467E+01
     0.116595584E+01
     0.116571177E+01
     0.116595584E+01
     0.116634645E+01
     0.116654163E+01
     0.116712717E+01
     0.116790750E+01
     0.116766370E+01
     0.116790750E+01
     0.116829769E+01
     0.116849266E+01
     0.116907757E+01
     0.116985704E+01
     0.116961350E+01
     0.116985704E+01
     0.117024681E+01
     0.117044156E+01
     0.117102582E+01
     0.117180442E+01
     0.117156116E+01
     0.117180442E+01
     0.117219375E+01
     0.117238829E+01
     0.117297189E+01
     0.117374961E+01
     0.117350662E+01
     0.117374960E+01
     0.117413849E+01
     0.117433280E+01
     0.117491573E+01
     0.117569255E+01
     0.117544985E+01
     0.117569255E+01
     0.117608099E+01
     0.117627507E+01
     0.117685731E+01
     0.117763322E+01
     0.117739080E+01
     0.117763322E+01
     0.117802120E+01
     0.117821505E+01
     0.117879660E+01
     0.117957158E+01
     0.117932945E+01
     0.117957158E+01
     0.117995909E+01
     0.118015271E+01
     0.118073356E+01
     0.118150759E+01
     0.118126576E+01
     0.118150759E+01
     0.118189463E+01
     0.118208801E+01
     0.118266815E+01
     0.118344122E+01
     0.118319969E+01
     0.118344122E+01
     0.118382778E+01
     0.118402092E+01
     0.118460034E+01
     0.118537245E+01
     0.118513122E+01
     0.118537245E+01
     0.118575853E+01
     0.118595142E+01
     0.118653011E+01
     0.118730124E+01
     0.118706031E+01
     0.118730123E+01
     0.118768682E+01
     0.118787947E+01
     0.118845742E+01
     0.118922756E+01
     0.118898695E+01
     0.118922756E+01
     0.118961265E+01
     0.118980505E+01
     0.119038225E+01
     0.119115139E+01
     0.119091109E+01
     0.119115139E+01
     0.119153599E+01
     0.119172813E+01
     0.119230458E+01
     0.119307271E+01
     0.119283272E+01
     0.119307271E+01
     0.119345680E+01
     0.119364869E+01
     0.119422438E+01
     0.119499149E+01
     0.119475182E+01
     0.119499149E+01
     0.119537507E+01
     0.119556671E+01
     0.119614163E+01
     0.119690771E+01
     0.119666837E+01
     0.119690771E+01
     0.119729078E+01
     0.119748216E+01
     0.119805631E+01
     0.119882135E+01
     0.119858233E+01
     0.119882135E+01
     0.119920391E+01
     0.119939503E+01
     0.119996840E+01
     0.120073240E+01
     0.120049371E+01
     0.120073239E+01
     0.120111444E+01
     0.120130530E+01
     0.120187788E+01
     0.120264083E+01
     0.120240247E+01
     0.120264083E+01
     0.120302235E+01
     0.120321295E+01
     0.120378474E+01
     0.120454663E+01
     0.120430860E+01
     0.120454663E+01
     0.120492763E+01
     0.120511796E+01
     0.120568897E+01
     0.120644980E+01
     0.120621210E+01
     0.120644980E+01
     0.120683026E+01
     0.120702033E+01
     0.120759054E+01
     0.120835031E+01
     0.120811294E+01
     0.120835030E+01
     0.120873025E+01
     0.120892005E+01
     0.120948946E+01
     0.121024815E+01
     0.121001112E+01
     0.121024815E+01
     0.121062756E+01
     0.121081710E+01
     0.121138570E+01
     0.121214332E+01
     0.121190663E+01
     0.121214332E+01
     0.121252220E+01
     0.121271147E+01
     0.121327927E+01
     0.121403581E+01
     0.121379946E+01
     0.121403581E+01
     0.121441415E+01
     0.121460315E+01
     0.121517015E+01
     0.121592561E+01
     0.121568960E+01
     0.121592561E+01
     0.121630342E+01
     0.121649215E+01
     0.121705834E+01
     0.121781272E+01
     0.121757704E+01
     0.121781272E+01
     0.121818999E+01
     0.121837845E+01
     0.121894383E+01
     0.121969713E+01
     0.121946179E+01
     0.121969712E+01
     0.122007387E+01
     0.122026206E+01
     0.122082663E+01
     0.122157884E+01
     0.122134384E+01
     0.122157883E+01
     0.122195504E+01
     0.122214296E+01
     0.122270673E+01
     0.122345785E+01
     0.122322319E+01
     0.122345784E+01
     0.122383351E+01
     0.122402117E+01
     0.122458412E+01
     0.122533416E+01
     0.122509984E+01
     0.122533415E+01
     0.122570929E+01
     0.122589667E+01
     0.122645882E+01
     0.122720777E+01
     0.122697379E+01
     0.122720777E+01
     0.122758237E+01
     0.122776948E+01
     0.122833082E+01
     0.122907869E+01
     0.122884505E+01
     0.122907868E+01
     0.122945275E+01
     0.122963960E+01
     0.123020013E+01
     0.123094691E+01
     0.123071361E+01
     0.123094691E+01
     0.123132045E+01
     0.123150702E+01
     0.123206675E+01
     0.123281246E+01
     0.123257950E+01
     0.123281245E+01
     0.123318546E+01
     0.123337177E+01
     0.123393069E+01
     0.123467532E+01
     0.123444270E+01
     0.123467532E+01
     0.123504780E+01
     0.123523384E+01
     0.123579197E+01
     0.123653552E+01
     0.123630324E+01
     0.123653552E+01
     0.123690747E+01
     0.123709325E+01
     0.123765058E+01
     0.123839306E+01
     0.123816111E+01
     0.123839306E+01
     0.123876449E+01
     0.123895000E+01
     0.123950654E+01
     0.124024796E+01
     0.124001634E+01
     0.124024796E+01
     0.124061886E+01
     0.124080411E+01
     0.124135986E+01
     0.124210022E+01
     0.124186894E+01
     0.124210022E+01
     0.124247061E+01
     0.124265559E+01
     0.124321056E+01
     0.124394987E+01
     0.124371891E+01
     0.124394986E+01
     0.124431974E+01
     0.124450446E+01
     0.124505864E+01
     0.124579691E+01
     0.124556628E+01
     0.124579690E+01
     0.124616626E+01
     0.124635073E+01
     0.124690414E+01
     0.124764136E+01
     0.124741106E+01
     0.124764136E+01
     0.124801021E+01
     0.124819442E+01
     0.124874706E+01
     0.124948325E+01
     0.124925327E+01
     0.124948325E+01
     0.124985159E+01
     0.125003555E+01
     0.125058743E+01
     0.125132259E+01
     0.125109293E+01
     0.125132258E+01
     0.125169043E+01
     0.125187414E+01
     0.125242526E+01
     0.125315940E+01
     0.125293006E+01
     0.125315940E+01
     0.125352675E+01
     0.125371021E+01
     0.125426057E+01
     0.125499371E+01
     0.125476469E+01
     0.125499371E+01
     0.125536057E+01
     0.125554378E+01
     0.125609340E+01
     0.125682554E+01
     0.125659683E+01
     0.125682553E+01
     0.125719191E+01
     0.125737488E+01
     0.125792376E+01
     0.125865491E+01
     0.125842651E+01
     0.125865491E+01
     0.125902081E+01
     0.125920353E+01
     0.125975169E+01
     0.126048186E+01
     0.126025377E+01
     0.126048185E+01
     0.126084728E+01
     0.126102976E+01
     0.126157720E+01
     0.126230640E+01
     0.126207861E+01
     0.126230640E+01
     0.126267136E+01
     0.126285360E+01
     0.126340033E+01
     0.126412858E+01
     0.126390109E+01
     0.126412857E+01
     0.126449307E+01
     0.126467508E+01
     0.126522111E+01
     0.126594841E+01
     0.126572122E+01
     0.126594841E+01
     0.126631245E+01
     0.126649423E+01
     0.126703956E+01
     0.126776594E+01
     0.126753904E+01
     0.126776594E+01
     0.126812953E+01
     0.126831108E+01
     0.126885573E+01
     0.126958119E+01
     0.126935458E+01
     0.126958119E+01
     0.126994434E+01
     0.127012567E+01
     0.127066965E+01
     0.127139420E+01
     0.127116787E+01
     0.127139420E+01
     0.127175691E+01
     0.127193802E+01
     0.127248135E+01
     0.127320501E+01
     0.127297896E+01
     0.127320501E+01
     0.127356730E+01
     0.127374819E+01
     0.127429087E+01
     0.127501366E+01
     0.127478788E+01
     0.127501365E+01
     0.127537552E+01
     0.127555620E+01
     0.127609824E+01
     0.127682017E+01
     0.127659466E+01
     0.127682017E+01
     0.127718162E+01
     0.127736210E+01
     0.127790351E+01
     0.127862460E+01
     0.127839936E+01
     0.127862460E+01
     0.127898565E+01
     0.127916592E+01
     0.127970672E+01
     0.128042698E+01
     0.128020200E+01
     0.128042698E+01
     0.128078764E+01
     0.128096771E+01
     0.128150791E+01
     0.128222736E+01
     0.128200263E+01
     0.128222736E+01
     0.128258763E+01
     0.128276751E+01
     0.128330712E+01
     0.128402578E+01
     0.128380130E+01
     0.128402578E+01
     0.128438568E+01
     0.128456536E+01
     0.128510440E+01
     0.128582229E+01
     0.128559805E+01
     0.128582228E+01
     0.128618182E+01
     0.128636131E+01
     0.128689979E+01
     0.128761693E+01
     0.128739293E+01
     0.128761692E+01
     0.128797610E+01
     0.128815541E+01
     0.128869335E+01
     0.128940974E+01
     0.128918598E+01
     0.128940974E+01
     0.128976857E+01
     0.128994771E+01
     0.129048511E+01
     0.129120079E+01
     0.129097725E+01
     0.129120079E+01
     0.129155928E+01
     0.129173825E+01
     0.129227514E+01
     0.129299012E+01
     0.129276679E+01
     0.129299012E+01
     0.129334828E+01
     0.129352708E+01
     0.129406347E+01
     0.129477777E+01
     0.129455466E+01
     0.129477777E+01
     0.129513562E+01
     0.129531426E+01
     0.129585016E+01
     0.129656381E+01
     0.129634091E+01
     0.129656381E+01
     0.129692135E+01
     0.129709983E+01
     0.129763527E+01
     0.129834829E+01
     0.129812558E+01
     0.129834828E+01
     0.129870553E+01
     0.129888386E+01
     0.129941885E+01
     0.130013125E+01
     0.129990874E+01
     0.130013125E+01
     0.130048822E+01
     0.130066640E+01
     0.130120095E+01
     0.130191276E+01
     0.130169043E+01
     0.130191276E+01
     0.130226945E+01
     0.130244750E+01
     0.130298163E+01
     0.130369287E+01
     0.130347073E+01
     0.130369287E+01
     0.130404931E+01
     0.130422722E+01
     0.130476095E+01
     0.130547164E+01
     0.130524967E+01
     0.130547164E+01
     0.130582783E+01
     0.130600561E+01
     0.130653896E+01
     0.130724913E+01
     0.130702732E+01
     0.130724913E+01
     0.130760508E+01
     0.130778274E+01
     0.130831573E+01
     0.130902540E+01
     0.130880374E+01
     0.130902540E+01
     0.130938112E+01
     0.130955867E+01
     0.131009130E+01
     0.131080050E+01
     0.131057900E+01
     0.131080050E+01
     0.131115601E+01
     0.131133345E+01
     0.131186575E+01
     0.131257450E+01
     0.131235314E+01
     0.131257449E+01
     0.131292981E+01
     0.131310714E+01
     0.131363913E+01
     0.131434745E+01
     0.131412623E+01
     0.131434745E+01
     0.131470258E+01
     0.131487981E+01
     0.131541151E+01
     0.131611943E+01
     0.131589833E+01
     0.131611943E+01
     0.131647438E+01
     0.131665152E+01
     0.131718295E+01
     0.131789049E+01
     0.131766951E+01
     0.131789048E+01
     0.131824527E+01
     0.131842233E+01
     0.131895350E+01
     0.131966069E+01
     0.131943982E+01
     0.131966069E+01
     0.132001533E+01
     0.132019231E+01
     0.132072324E+01
     0.132143010E+01
     0.132120933E+01
     0.132143010E+01
     0.132178460E+01
     0.132196151E+01
     0.132249222E+01
     0.132319878E+01
     0.132297811E+01
     0.132319878E+01
     0.132355316E+01
     0.132373000E+01
     0.132426052E+01
     0.132496679E+01
     0.132474622E+01
     0.132496679E+01
     0.132532106E+01
     0.132549784E+01
     0.132602818E+01
     0.132673421E+01
     0.132651371E+01
     0.132673420E+01
     0.132708838E+01
     0.132726510E+01
     0.132779528E+01
     0.132850108E+01
     0.132828066E+01
     0.132850108E+01
     0.132885516E+01
     0.132903184E+01
     0.132956188E+01
     0.133026748E+01
     0.133004712E+01
     0.133026748E+01
     0.133062149E+01
     0.133079813E+01
     0.133132805E+01
     0.133203346E+01
     0.133181316E+01
     0.133203346E+01
     0.133238741E+01
     0.133256402E+01
     0.133309383E+01
     0.133379910E+01
     0.133357884E+01
     0.133379909E+01
     0.133415300E+01
     0.133432958E+01
     0.133485930E+01
     0.133556444E+01
     0.133534423E+01
     0.133556444E+01
     0.133591831E+01
     0.133609486E+01
     0.133662452E+01
     0.133732955E+01
     0.133710937E+01
     0.133732955E+01
     0.133768340E+01
     0.133785993E+01
     0.133838954E+01
     0.133909449E+01
     0.133887434E+01
     0.133909449E+01
     0.133944833E+01
     0.133962485E+01
     0.134015443E+01
     0.134085932E+01
     0.134063919E+01
     0.134085932E+01
     0.134121316E+01
     0.134138968E+01
     0.134191924E+01
     0.134262410E+01
     0.134240398E+01
     0.134262410E+01
     0.134297794E+01
     0.134315446E+01
     0.134368403E+01
     0.134438887E+01
     0.134416876E+01
     0.134438887E+01
     0.134474273E+01
     0.134491926E+01
     0.134544884E+01
     0.134615369E+01
     0.134593358E+01
     0.134615369E+01
     0.134650759E+01
     0.134668412E+01
     0.134721374E+01
     0.134791861E+01
     0.134769849E+01
     0.134791861E+01
     0.134827255E+01
     0.134844910E+01
     0.134897876E+01
     0.134968368E+01
     0.134946355E+01
     0.134968367E+01
     0.135003766E+01
     0.135021424E+01
     0.135074395E+01
     0.135144893E+01
     0.135122878E+01
     0.135144893E+01
     0.135180297E+01
     0.135197957E+01
     0.135250936E+01
     0.135321441E+01
     0.135299424E+01
     0.135321441E+01
     0.135356852E+01
     0.135374514E+01
     0.135427501E+01
     0.135498015E+01
     0.135475996E+01
     0.135498015E+01
     0.135533433E+01
     0.135551099E+01
     0.135604094E+01
     0.135674619E+01
     0.135652596E+01
     0.135674618E+01
     0.135710044E+01
     0.135727713E+01
     0.135780718E+01
     0.135851254E+01
     0.135829228E+01
     0.135851253E+01
     0.135886687E+01
     0.135904359E+01
     0.135957374E+01
     0.136027921E+01
     0.136005893E+01
     0.136027921E+01
     0.136063363E+01
     0.136081038E+01
     0.136134064E+01
     0.136204623E+01
     0.136182591E+01
     0.136204623E+01
     0.136240073E+01
     0.136257752E+01
     0.136310788E+01
     0.136381360E+01
     0.136359324E+01
     0.136381359E+01
     0.136416817E+01
     0.136434499E+01
     0.136487546E+01
     0.136558129E+01
     0.136536089E+01
     0.136558129E+01
     0.136593594E+01
     0.136611280E+01
     0.136664335E+01
     0.136734929E+01
     0.136712887E+01
     0.136734929E+01
     0.136770402E+01
     0.136788090E+01
     0.136841154E+01
     0.136911758E+01
     0.136889712E+01
     0.136911757E+01
     0.136947236E+01
     0.136964926E+01
     0.137017998E+01
     0.137088609E+01
     0.137066561E+01
     0.137088609E+01
     0.137124092E+01
     0.137141784E+01
     0.137194861E+01
     0.137265477E+01
     0.137243428E+01
     0.137265476E+01
     0.137300963E+01
     0.137318656E+01
     0.137371735E+01
     0.137442353E+01
     0.137420304E+01
     0.137442352E+01
     0.137477839E+01
     0.137495532E+01
     0.137548611E+01
     0.137619226E+01
     0.137597178E+01
     0.137619225E+01
     0.137654711E+01
     0.137672402E+01
     0.137725476E+01
     0.137796083E+01
     0.137774038E+01
     0.137796083E+01
     0.137831563E+01
     0.137849251E+01
     0.137902316E+01
     0.137972908E+01
     0.137950867E+01
     0.137972907E+01
     0.138008378E+01
     0.138026061E+01
     0.138079110E+01
     0.138149680E+01
     0.138127647E+01
     0.138149680E+01
     0.138185137E+01
     0.138202812E+01
     0.138255838E+01
     0.138326375E+01
     0.138304352E+01
     0.138326375E+01
     0.138361812E+01
     0.138379477E+01
     0.138432471E+01
     0.138502964E+01
     0.138480955E+01
     0.138502964E+01
     0.138538373E+01
     0.138556024E+01
     0.138608976E+01
     0.138679410E+01
     0.138657420E+01
     0.138679410E+01
     0.138714784E+01
     0.138732416E+01
     0.138785313E+01
     0.138855672E+01
     0.138833705E+01
     0.138855671E+01
     0.138890999E+01
     0.138908608E+01
     0.138961433E+01
     0.139031695E+01
     0.139009759E+01
     0.139031695E+01
     0.139066963E+01
     0.139084542E+01
     0.139137277E+01
     0.139207417E+01
     0.139185520E+01
     0.139207417E+01
     0.139242611E+01
     0.139260151E+01
     0.139312773E+01
     0.139382760E+01
     0.139360910E+01
     0.139382760E+01
     0.139417859E+01
     0.139435352E+01
     0.139487831E+01
     0.139557627E+01
     0.139535837E+01
     0.139557627E+01
     0.139592608E+01
     0.139610041E+01
     0.139662342E+01
     0.139731899E+01
     0.139710184E+01
     0.139731898E+01
     0.139766731E+01
     0.139784090E+01
     0.139836166E+01
     0.139905424E+01
     0.139883803E+01
     0.139905424E+01
     0.139940069E+01
     0.139957334E+01
     0.140009129E+01
     0.140078011E+01
     0.140056507E+01
     0.140078011E+01
     0.140112418E+01
     0.140129564E+01
     0.140181002E+01
     0.140249408E+01
     0.140228053E+01
     0.140249408E+01
     0.140283509E+01
     0.140300503E+01
     0.140351484E+01
     0.140419282E+01
     0.140398117E+01
     0.140419282E+01
     0.140452985E+01
     0.140469781E+01
     0.140520167E+01
     0.140587174E+01
     0.140566256E+01
     0.140587174E+01
     0.140620348E+01
     0.140636880E+01
     0.140686476E+01
     0.140752432E+01
     0.140731842E+01
     0.140752432E+01
     0.140784881E+01
     0.140801051E+01
     0.140849563E+01
     0.140914080E+01
     0.140893939E+01
     0.140914080E+01
     0.140945483E+01
     0.140961135E+01
     0.141008088E+01
     0.141070536E+01
     0.141051040E+01
     0.141070536E+01
     0.141100315E+01
     0.141115158E+01
     0.141159688E+01
     0.141218919E+01
     0.141200427E+01
     0.141218919E+01
     0.141245725E+01
     0.141259091E+01
     0.141299188E+01
     0.141352533E+01
     0.141335877E+01
     0.141352533E+01
     0.141382879E+01
     0.141398003E+01
     0.141443375E+01
     0.141503720E+01
     0.141484881E+01
     0.141503720E+01
     0.141538045E+01
     0.141555144E+01
     0.141606441E+01
     0.141674641E+01
     0.141653352E+01
     0.141674641E+01
     0.141713067E+01
     0.141732200E+01
     0.141789599E+01
     0.141865882E+01
     0.141842074E+01
     0.141865882E+01
     0.141909251E+01
     0.141930831E+01
     0.141995574E+01
     0.142081575E+01
     0.142054739E+01
     0.142081575E+01
     0.142129225E+01
     0.142152923E+01
     0.142224017E+01
     0.142318415E+01
     0.142288964E+01
     0.142318415E+01
     0.142365684E+01
     0.142389190E+01
     0.142459711E+01
     0.142553344E+01
     0.142524132E+01
     0.142553344E+01
     0.142600277E+01
     0.142623616E+01
     0.142693633E+01
     0.142786592E+01
     0.142757591E+01
     0.142786592E+01
     0.142833179E+01
     0.142856344E+01
     0.142925840E+01
     0.143018104E+01
     0.142989320E+01
     0.143018104E+01
     0.143064336E+01
     0.143087324E+01
     0.143156287E+01
     0.143247840E+01
     0.143219279E+01
     0.143247840E+01
     0.143293712E+01
     0.143316519E+01
     0.143384941E+01
     0.143475771E+01
     0.143447436E+01
     0.143475771E+01
     0.143521244E+01
     0.143543851E+01
     0.143611675E+01
     0.143701707E+01
     0.143673621E+01
     0.143701707E+01
     0.143746406E+01
     0.143768629E+01
     0.143835299E+01
     0.143923799E+01
     0.143896191E+01
     0.143923799E+01
     0.143967919E+01
     0.143989853E+01
     0.144055656E+01
     0.144143005E+01
     0.144115757E+01
     0.144143005E+01
     0.144186685E+01
     0.144208400E+01
     0.144273545E+01
     0.144360017E+01
     0.144333042E+01
     0.144360017E+01
     0.144403350E+01
     0.144424890E+01
     0.144489514E+01
     0.144575289E+01
     0.144548532E+01
     0.144575289E+01
     0.144618337E+01
     0.144639735E+01
     0.144703930E+01
     0.144789133E+01
     0.144762555E+01
     0.144789133E+01
     0.144831941E+01
     0.144853218E+01
     0.144917050E+01
     0.145001767E+01
     0.144975341E+01
     0.145001767E+01
     0.145044366E+01
     0.145065537E+01
     0.145129053E+01
     0.145213345E+01
     0.145187053E+01
     0.145213346E+01
     0.145255758E+01
     0.145276835E+01
     0.145340068E+01
     0.145423979E+01
     0.145397806E+01
     0.145423980E+01
     0.145466221E+01
     0.145487212E+01
     0.145550185E+01
     0.145633746E+01
     0.145607682E+01
     0.145633746E+01
     0.145675692E+01
     0.145696535E+01
     0.145759064E+01
     0.145842030E+01
     0.145816153E+01
     0.145842031E+01
     0.145883636E+01
     0.145904308E+01
     0.145966325E+01
     0.146048608E+01
     0.146022944E+01
     0.146048608E+01
     0.146089878E+01
     0.146110382E+01
     0.146171893E+01
     0.146253503E+01
     0.146228050E+01
     0.146253503E+01
     0.146294441E+01
     0.146314778E+01
     0.146375792E+01
     0.146456736E+01
     0.146431491E+01
     0.146456736E+01
     0.146497347E+01
     0.146517521E+01
     0.146578043E+01
     0.146658331E+01
     0.146633291E+01
     0.146658331E+01
     0.146698619E+01
     0.146718631E+01
     0.146778668E+01
     0.146858308E+01
     0.146833470E+01
     0.146858308E+01
     0.146898277E+01
     0.146918130E+01
     0.146977688E+01
     0.147056688E+01
     0.147032051E+01
     0.147056688E+01
     0.147096344E+01
     0.147116038E+01
     0.147175124E+01
     0.147253493E+01
     0.147229053E+01
     0.147253493E+01
     0.147292838E+01
     0.147312377E+01
     0.147370995E+01
     0.147448740E+01
     0.147424496E+01
     0.147448741E+01
     0.147487779E+01
     0.147507164E+01
     0.147565322E+01
     0.147642450E+01
     0.147618398E+01
     0.147642451E+01
     0.147681186E+01
     0.147700419E+01
     0.147758120E+01
     0.147834640E+01
     0.147810778E+01
     0.147834640E+01
     0.147873076E+01
     0.147892159E+01
     0.147949409E+01
     0.148025325E+01
     0.148001652E+01
     0.148025325E+01
     0.148063464E+01
     0.148082398E+01
     0.148139202E+01
     0.148214521E+01
     0.148191035E+01
     0.148214522E+01
     0.148252367E+01
     0.148271154E+01
     0.148327515E+01
     0.148402243E+01
     0.148378942E+01
     0.148402243E+01
     0.148439797E+01
     0.148458438E+01
     0.148514361E+01
     0.148588502E+01
     0.148565384E+01
     0.148588502E+01
     0.148625768E+01
     0.148644263E+01
     0.148699751E+01
     0.148773310E+01
     0.148750375E+01
     0.148773311E+01
     0.148810289E+01
     0.148828641E+01
     0.148883697E+01
     0.148956678E+01
     0.148933924E+01
     0.148956678E+01
     0.148993372E+01
     0.149011581E+01
     0.149066207E+01
     0.149138614E+01
     0.149116039E+01
     0.149138614E+01
     0.149175025E+01
     0.149193091E+01
     0.149247290E+01
     0.149319125E+01
     0.149296730E+01
     0.149319126E+01
     0.149355255E+01
     0.149373179E+01
     0.149426953E+01
     0.149498218E+01
     0.149476001E+01
     0.149498219E+01
     0.149534067E+01
     0.149551850E+01
     0.149605200E+01
     0.149675898E+01
     0.149653858E+01
     0.149675898E+01
     0.149711466E+01
     0.149729108E+01
     0.149782036E+01
     0.149852167E+01
     0.149830305E+01
     0.149852168E+01
     0.149887456E+01
     0.149904957E+01
     0.149957462E+01
     0.150027028E+01
     0.150005343E+01
     0.150027028E+01
     0.150062037E+01
     0.150079397E+01
     0.150131481E+01
     0.150200481E+01
     0.150178973E+01
     0.150200481E+01
     0.150235210E+01
     0.150252430E+01
     0.150304091E+01
     0.150372525E+01
     0.150351194E+01
     0.150372525E+01
     0.150406974E+01
     0.150424053E+01
     0.150475291E+01
     0.150543158E+01
     0.150522005E+01
     0.150543158E+01
     0.150577326E+01
     0.150594264E+01
     0.150645078E+01
     0.150712376E+01
     0.150691401E+01
     0.150712376E+01
     0.150746263E+01
     0.150763058E+01
     0.150813446E+01
     0.150880174E+01
     0.150859378E+01
     0.150880175E+01
     0.150913778E+01
     0.150930431E+01
     0.150980391E+01
     0.151046545E+01
     0.151025928E+01
     0.151046546E+01
     0.151079865E+01
     0.151096374E+01
     0.151145905E+01
     0.151211481E+01
     0.151191046E+01
     0.151211482E+01
     0.151244515E+01
     0.151260880E+01
     0.151309977E+01
     0.151374973E+01
     0.151354719E+01
     0.151374974E+01
     0.151407718E+01
     0.151423938E+01
     0.151472599E+01
     0.151537009E+01
     0.151516939E+01
     0.151537010E+01
     0.151569464E+01
     0.151585537E+01
     0.151633758E+01
     0.151697577E+01
     0.151677692E+01
     0.151697578E+01
     0.151729738E+01
     0.151745663E+01
     0.151793440E+01
     0.151856663E+01
     0.151836965E+01
     0.151856664E+01
     0.151888527E+01
     0.151904302E+01
     0.151951630E+01
     0.152014250E+01
     0.151994741E+01
     0.152014251E+01
     0.152045814E+01
     0.152061438E+01
     0.152108312E+01
     0.152170322E+01
     0.152151004E+01
     0.152170323E+01
     0.152201582E+01
     0.152217053E+01
     0.152263467E+01
     0.152324860E+01
     0.152305735E+01
     0.152324861E+01
     0.152355812E+01
     0.152371127E+01
     0.152417075E+01
     0.152477842E+01
     0.152458913E+01
     0.152477843E+01
     0.152508482E+01
     0.152523640E+01
     0.152569115E+01
     0.152629247E+01
     0.152610517E+01
     0.152629248E+01
     0.152659570E+01
     0.152674568E+01
     0.152719563E+01
     0.152779051E+01
     0.152760523E+01
     0.152779052E+01
     0.152809052E+01
     0.152823887E+01
     0.152868395E+01
     0.152927228E+01
     0.152908905E+01
     0.152927229E+01
     0.152956902E+01
     0.152971572E+01
     0.153015583E+01
     0.153073750E+01
     0.153055636E+01
     0.153073751E+01
     0.153103091E+01
     0.153117593E+01
     0.153161100E+01
     0.153218589E+01
     0.153200687E+01
     0.153218590E+01
     0.153247591E+01
     0.153261921E+01
     0.153304914E+01
     0.153361713E+01
     0.153344028E+01
     0.153361714E+01
     0.153390369E+01
     0.153404525E+01
     0.153446994E+01
     0.153503089E+01
     0.153485625E+01
     0.153503090E+01
     0.153531393E+01
     0.153545370E+01
     0.153587306E+01
     0.153642683E+01
     0.153625443E+01
     0.153642684E+01
     0.153670626E+01
     0.153684422E+01
     0.153725812E+01
     0.153780456E+01
     0.153763447E+01
     0.153780458E+01
     0.153808033E+01
     0.153821643E+01
     0.153862476E+01
     0.153916372E+01
     0.153899596E+01
     0.153916373E+01
     0.153943572E+01
     0.153956993E+01
     0.153997256E+01
     0.154050387E+01
     0.154033852E+01
     0.154050389E+01
     0.154077204E+01
     0.154090430E+01
     0.154130111E+01
     0.154182460E+01
     0.154166170E+01
     0.154182462E+01
     0.154208883E+01
     0.154221911E+01
     0.154260997E+01
     0.154312545E+01
     0.154296506E+01
     0.154312546E+01
     0.154338566E+01
     0.154351390E+01
     0.154389866E+01
     0.154440594E+01
     0.154424812E+01
     0.154440595E+01
     0.154466202E+01
     0.154478818E+01
     0.154516669E+01
     0.154566557E+01
     0.154551038E+01
     0.154566559E+01
     0.154591743E+01
     0.154604145E+01
     0.154641355E+01
     0.154690383E+01
     0.154675134E+01
     0.154690384E+01
     0.154715135E+01
     0.154727318E+01
     0.154763871E+01
     0.154812016E+01
     0.154797043E+01
     0.154812017E+01
     0.154836323E+01
     0.154848281E+01
     0.154884160E+01
     0.154931399E+01
     0.154916710E+01
     0.154931400E+01
     0.154955249E+01
     0.154966977E+01
     0.155002163E+01
     0.155048472E+01
     0.155034075E+01
     0.155048474E+01
     0.155071853E+01
     0.155083344E+01
     0.155117819E+01
     0.155163173E+01
     0.155149075E+01
     0.155163174E+01
     0.155186072E+01
     0.155197319E+01
     0.155231064E+01
     0.155275436E+01
     0.155261646E+01
     0.155275438E+01
     0.155297839E+01
     0.155308836E+01
     0.155341830E+01
     0.155385193E+01
     0.155371719E+01
     0.155385195E+01
     0.155407086E+01
     0.155417826E+01
     0.155450047E+01
     0.155492373E+01
     0.155479224E+01
     0.155492374E+01
     0.155513741E+01
     0.155524216E+01
     0.155555643E+01
     0.155596901E+01
     0.155584087E+01
     0.155596902E+01
     0.155617729E+01
     0.155627931E+01
     0.155658540E+01
     0.155698699E+01
     0.155686229E+01
     0.155698701E+01
     0.155718971E+01
     0.155728892E+01
     0.155758659E+01
     0.155797686E+01
     0.155785572E+01
     0.155797688E+01
     0.155817386E+01
     0.155827018E+01
     0.155855917E+01
     0.155893778E+01
     0.155882029E+01
     0.155893780E+01
     0.155912888E+01
     0.155922221E+01
     0.155950225E+01
     0.155986886E+01
     0.155975513E+01
     0.155986888E+01
     0.156005386E+01
     0.156014412E+01
     0.156041495E+01
     0.156076916E+01
     0.156065931E+01
     0.156076918E+01
     0.156094789E+01
     0.156103498E+01
     0.156129628E+01
     0.156163772E+01
     0.156153188E+01
     0.156163774E+01
     0.156180996E+01
     0.156189378E+01
     0.156214527E+01
     0.156247353E+01
     0.156237181E+01
     0.156247355E+01
     0.156263907E+01
     0.156271951E+01
     0.156296086E+01
     0.156327550E+01
     0.156317805E+01
     0.156327552E+01
     0.156343413E+01
     0.156351107E+01
     0.156374195E+01
     0.156404252E+01
     0.156394949E+01
     0.156404255E+01
     0.156419400E+01
     0.156426734E+01
     0.156448739E+01
     0.156477343E+01
     0.156468494E+01
     0.156477345E+01
     0.156491458E+01
     0.156498282E+01
     0.156518757E+01
     0.156545340E+01
     0.156537121E+01
     0.156545342E+01
     0.156558308E+01
     0.156564569E+01
     0.156583356E+01
     0.156607721E+01
     0.156600190E+01
     0.156607723E+01
     0.156619625E+01
     0.156625363E+01
     0.156642582E+01
     0.156664886E+01
     0.156657996E+01
     0.156664888E+01
     0.156675792E+01
     0.156681040E+01
     0.156696788E+01
     0.156717156E+01
     0.156710868E+01
     0.156717158E+01
     0.156727120E+01
     0.156731904E+01
     0.156746261E+01
     0.156764797E+01
     0.156759079E+01
     0.156764799E+01
     0.156773865E+01
     0.156778209E+01
     0.156791242E+01
     0.156808035E+01
     0.156802858E+01
     0.156808036E+01
     0.156816247E+01
     0.156820168E+01
     0.156831936E+01
     0.156847062E+01
     0.156842404E+01
     0.156847063E+01
     0.156854453E+01
     0.156857970E+01
     0.156868524E+01
     0.156882049E+01
     0.156877890E+01
     0.156882051E+01
     0.156888651E+01
     0.156891778E+01
     0.156901164E+01
     0.156913147E+01
     0.156909467E+01
     0.156913148E+01
     0.156918986E+01
     0.156921738E+01
     0.156929996E+01
     0.156940491E+01
     0.156937274E+01
     0.156940492E+01
     0.156945593E+01
     0.156947981E+01
     0.156955148E+01
     0.156964203E+01
     0.156961435E+01
     0.156964204E+01
     0.156968592E+01
     0.156970627E+01
     0.156976736E+01
     0.156984396E+01
     0.156982062E+01
     0.156984397E+01
     0.156988091E+01
     0.156989785E+01
     0.156994868E+01
     0.157001172E+01
     0.156999260E+01
     0.157001173E+01
     0.157004194E+01
     0.157005555E+01
     0.157009641E+01
     0.157014628E+01
     0.157013126E+01
     0.157014629E+01
     0.157016995E+01
     0.157018032E+01
     0.157021147E+01
     0.157024852E+01
     0.157023750E+01
     0.157024853E+01
     0.157026582E+01
     0.157027304E+01
     0.157029474E+01
     0.157031930E+01
     0.157031216E+01
     0.157031931E+01
     0.157033038E+01
     0.157033454E+01
     0.157034702E+01
     0.157035941E+01
     0.157035606E+01
     0.157035942E+01
     0.157036443E+01
     0.157036558E+01
     0.157036908E+01
     0.157036959E+01
     0.157036994E+01
     0.157036960E+01
     0.157036869E+01
     0.157036693E+01
     0.157036165E+01
     0.157035057E+01
     0.157035453E+01
     0.157035058E+01
     0.157034389E+01
     0.157033927E+01
     0.157032542E+01
     0.157030302E+01
     0.157031050E+01
     0.157030303E+01
     0.157029070E+01
     0.157028328E+01
     0.157026106E+01
     0.157022760E+01
     0.157023852E+01
     0.157022760E+01
     0.157020975E+01
     0.157019961E+01
     0.157016921E+01
     0.157012492E+01
     0.157013922E+01
     0.157012493E+01
     0.157010168E+01
     0.157008887E+01
     0.157005046E+01
     0.156999560E+01
     0.157001319E+01
     0.156999561E+01
     0.156996708E+01
     0.156995166E+01
     0.156990542E+01
     0.156984021E+01
     0.156986102E+01
     0.156984022E+01
     0.156980652E+01
     0.156978855E+01
     0.156973464E+01
     0.156965930E+01
     0.156968327E+01
     0.156965931E+01
     0.156962056E+01
     0.156960008E+01
     0.156953867E+01
     0.156945341E+01
     0.156948047E+01
     0.156945342E+01
     0.156940971E+01
     0.156938678E+01
     0.156931803E+01
     0.156922305E+01
     0.156925313E+01
     0.156922306E+01
     0.156917450E+01
     0.156914918E+01
     0.156907322E+01
     0.156896873E+01
     0.156900177E+01
     0.156896873E+01
     0.156891542E+01
     0.156888775E+01
     0.156880473E+01
     0.156869092E+01
     0.156872687E+01
     0.156869092E+01
     0.156863295E+01
     0.156860297E+01
     0.156851304E+01
     0.156839009E+01
     0.156842888E+01
     0.156839009E+01
     0.156832755E+01
     0.156829531E+01
     0.156819860E+01
     0.156806669E+01
     0.156810827E+01
     0.156806669E+01
     0.156799966E+01
     0.156796521E+01
     0.156786185E+01
     0.156772115E+01
     0.156776547E+01
     0.156772115E+01
     0.156764973E+01
     0.156761310E+01
     0.156750322E+01
     0.156735389E+01
     0.156740090E+01
     0.156735389E+01
     0.156727816E+01
     0.156723939E+01
     0.156712311E+01
     0.156696532E+01
     0.156701497E+01
     0.156696533E+01
     0.156688535E+01
     0.156684449E+01
     0.156672193E+01
     0.156655584E+01
     0.156660807E+01
     0.156655584E+01
     0.156647171E+01
     0.156642879E+01
     0.156630006E+01
     0.156612581E+01
     0.156618058E+01
     0.156612582E+01
     0.156603760E+01
     0.156599267E+01
     0.156585788E+01
     0.156567562E+01
     0.156573289E+01
     0.156567563E+01
     0.156558340E+01
     0.156553648E+01
     0.156539574E+01
     0.156520562E+01
     0.156526533E+01
     0.156520562E+01
     0.156510945E+01
     0.156506058E+01
     0.156491399E+01
     0.156471614E+01
     0.156477826E+01
     0.156471614E+01
     0.156461610E+01
     0.156456531E+01
     0.156441298E+01
     0.156420752E+01
     0.156427201E+01
     0.156420753E+01
     0.156410367E+01
     0.156405101E+01
     0.156389302E+01
     0.156368010E+01
     0.156374691E+01
     0.156368010E+01
     0.156357250E+01
     0.156351798E+01
     0.156335443E+01
     0.156313416E+01
     0.156320326E+01
     0.156313416E+01
     0.156302288E+01
     0.156296653E+01
     0.156279752E+01
     0.156257002E+01
     0.156264137E+01
     0.156257003E+01
     0.156245511E+01
     0.156239697E+01
     0.156222257E+01
     0.156198797E+01
     0.156206154E+01
     0.156198797E+01
     0.156186949E+01
     0.156180958E+01
     0.156162989E+01
     0.156138828E+01
     0.156146403E+01
     0.156138829E+01
     0.156126628E+01
     0.156120464E+01
     0.156101973E+01
     0.156077123E+01
     0.156084913E+01
     0.156077123E+01
     0.156064577E+01
     0.156058241E+01
     0.156039236E+01
     0.156013708E+01
     0.156021709E+01
     0.156013708E+01
     0.156000820E+01
     0.155994316E+01
     0.155974805E+01
     0.155948607E+01
     0.155956816E+01
     0.155948608E+01
     0.155935383E+01
     0.155928712E+01
     0.155908702E+01
     0.155881846E+01
     0.155890260E+01
     0.155881846E+01
     0.155868289E+01
     0.155861455E+01
     0.155840953E+01
     0.155813446E+01
     0.155822063E+01
     0.155813447E+01
     0.155799563E+01
     0.155792567E+01
     0.155771579E+01
     0.155743432E+01
     0.155752248E+01
     0.155743432E+01
     0.155729225E+01
     0.155722069E+01
     0.155700603E+01
     0.155671822E+01
     0.155680836E+01
     0.155671823E+01
     0.155657297E+01
     0.155649983E+01
     0.155628044E+01
     0.155598639E+01
     0.155607847E+01
     0.155598640E+01
     0.155583799E+01
     0.155576330E+01
     0.155553924E+01
     0.155523902E+01
     0.155533302E+01
     0.155523902E+01
     0.155508750E+01
     0.155501127E+01
     0.155478259E+01
     0.155447628E+01
     0.155457218E+01
     0.155447629E+01
     0.155432168E+01
     0.155424393E+01
     0.155401070E+01
     0.155369836E+01
     0.155379613E+01
     0.155369836E+01
     0.155354071E+01
     0.155346146E+01
     0.155322371E+01
     0.155290542E+01
     0.155300504E+01
     0.155290542E+01
     0.155274475E+01
     0.155266401E+01
     0.155242179E+01
     0.155209760E+01
     0.155219906E+01
     0.155209760E+01
     0.155193395E+01
     0.155185173E+01
     0.155160509E+01
     0.155127505E+01
     0.155137833E+01
     0.155127505E+01
     0.155110844E+01
     0.155102476E+01
     0.155077373E+01
     0.155043790E+01
     0.155054298E+01
     0.155043790E+01
     0.155026835E+01
     0.155018322E+01
     0.154992784E+01
     0.154958627E+01
     0.154969314E+01
     0.154958627E+01
     0.154941380E+01
     0.154932723E+01
     0.154906753E+01
     0.154872025E+01
     0.154882890E+01
     0.154872025E+01
     0.154854488E+01
     0.154845688E+01
     0.154819289E+01
     0.154783994E+01
     0.154795035E+01
     0.154783994E+01
     0.154766169E+01
     0.154757226E+01
     0.154730399E+01
     0.154694541E+01
     0.154705758E+01
     0.154694541E+01
     0.154676428E+01
     0.154667344E+01
     0.154640091E+01
     0.154603671E+01
     0.154615063E+01
     0.154603671E+01
     0.154585271E+01
     0.154576045E+01
     0.154548368E+01
     0.154511389E+01
     0.154522954E+01
     0.154511389E+01
     0.154492702E+01
     0.154483335E+01
     0.154455233E+01
     0.154417694E+01
     0.154429434E+01
     0.154417694E+01
     0.154398721E+01
     0.154389212E+01
     0.154360686E+01
     0.154322588E+01
     0.154334501E+01
     0.154322588E+01
     0.154303327E+01
     0.154293676E+01
     0.154264725E+01
     0.154226065E+01
     0.154238154E+01
     0.154226065E+01
     0.154206516E+01
     0.154196723E+01
     0.154167345E+01
     0.154128121E+01
     0.154140385E+01
     0.154128121E+01
     0.154108281E+01
     0.154098344E+01
     0.154068536E+01
     0.154028746E+01
     0.154041186E+01
     0.154028746E+01
     0.154008612E+01
     0.153998531E+01
     0.153968289E+01
     0.153927926E+01
     0.153940544E+01
     0.153927926E+01
     0.153907495E+01
     0.153897267E+01
     0.153866586E+01
     0.153825644E+01
     0.153838442E+01
     0.153825644E+01
     0.153804911E+01
     0.153794535E+01
     0.153763407E+01
     0.153721877E+01
     0.153734858E+01
     0.153721877E+01
     0.153700836E+01
     0.153690309E+01
     0.153658726E+01
     0.153616596E+01
     0.153629764E+01
     0.153616596E+01
     0.153595241E+01
     0.153584558E+01
     0.153552510E+01
     0.153509767E+01
     0.153523126E+01
     0.153509767E+01
     0.153488088E+01
     0.153477246E+01
     0.153444720E+01
     0.153401346E+01
     0.153414901E+01
     0.153401346E+01
     0.153379333E+01
     0.153368325E+01
     0.153335304E+01
     0.153291279E+01
     0.153305036E+01
     0.153291279E+01
     0.153268917E+01
     0.153257738E+01
     0.153224203E+01
     0.153179500E+01
     0.153193468E+01
     0.153179500E+01
     0.153156774E+01
     0.153145416E+01
     0.153111342E+01
     0.153065928E+01
     0.153080117E+01
     0.153065928E+01
     0.153042818E+01
     0.153031270E+01
     0.152996628E+01
     0.152950465E+01
     0.152964887E+01
     0.152950465E+01
     0.152926945E+01
     0.152915195E+01
     0.152879947E+01
     0.152832985E+01
     0.152847656E+01
     0.152832985E+01
     0.152809024E+01
     0.152797057E+01
     0.152761157E+01
     0.152713335E+01
     0.152728274E+01
     0.152713335E+01
     0.152688893E+01
     0.152676689E+01
     0.152640077E+01
     0.152591317E+01
     0.152606548E+01
     0.152591317E+01
     0.152566361E+01
     0.152553903E+01
     0.152516531E+01
     0.152466769E+01
     0.152482311E+01
     0.152466769E+01
     0.152441770E+01
     0.152429294E+01
     0.152391866E+01
     0.152342040E+01
     0.152357601E+01
     0.152342039E+01
     0.152317011E+01
     0.152304523E+01
     0.152267060E+01
     0.152217196E+01
     0.152232768E+01
     0.152217196E+01
     0.152192152E+01
     0.152179660E+01
     0.152142183E+01
     0.152092308E+01
     0.152107882E+01
     0.152092308E+01
     0.152067263E+01
     0.152054773E+01
     0.152017302E+01
     0.151967444E+01
     0.151983012E+01
     0.151967444E+01
     0.151942411E+01
     0.151929929E+01
     0.151892484E+01
     0.151842669E+01
     0.151858223E+01
     0.151842669E+01
     0.151817660E+01
     0.151805193E+01
     0.151767793E+01
     0.151718045E+01
     0.151733576E+01
     0.151718045E+01
     0.151693073E+01
     0.151680626E+01
     0.151643288E+01
     0.151593631E+01
     0.151609133E+01
     0.151593631E+01
     0.151568706E+01
     0.151556286E+01
     0.151519027E+01
     0.151469484E+01
     0.151484949E+01
     0.151469484E+01
     0.151444617E+01
     0.151432229E+01
     0.151395065E+01
     0.151345655E+01
     0.151361078E+01
     0.151345655E+01
     0.151320857E+01
     0.151308506E+01
     0.151271451E+01
     0.151222196E+01
     0.151237570E+01
     0.151222196E+01
     0.151197476E+01
     0.151185165E+01
     0.151148235E+01
     0.151099152E+01
     0.151114470E+01
     0.151099151E+01
     0.151074518E+01
     0.151062253E+01
     0.151025459E+01
     0.150976565E+01
     0.150991824E+01
     0.150976565E+01
     0.150952025E+01
     0.150939810E+01
     0.150903165E+01
     0.150854476E+01
     0.150869670E+01
     0.150854476E+01
     0.150830038E+01
     0.150817876E+01
     0.150781389E+01
     0.150732919E+01
     0.150748044E+01
     0.150732919E+01
     0.150708761E+01
     0.150696739E+01
     0.150660676E+01
     0.150612773E+01
     0.150627720E+01
     0.150612773E+01
     0.150589034E+01
     0.150577223E+01
     0.150541790E+01
     0.150494730E+01
     0.150509414E+01
     0.150494730E+01
     0.150471395E+01
     0.150459786E+01
     0.150424961E+01
     0.150378712E+01
     0.150393142E+01
     0.150378712E+01
     0.150355766E+01
     0.150344352E+01
     0.150310111E+01
     0.150264643E+01
     0.150278829E+01
     0.150264643E+01
     0.150242073E+01
     0.150230847E+01
     0.150197171E+01
     0.150152456E+01
     0.150166406E+01
     0.150152456E+01
     0.150130248E+01
     0.150119205E+01
     0.150086074E+01
     0.150042087E+01
     0.150055810E+01
     0.150042087E+01
     0.150020231E+01
     0.150009363E+01
     0.149976760E+01
     0.149933479E+01
     0.149946981E+01
     0.149933478E+01
     0.149911963E+01
     0.149901265E+01
     0.149869174E+01
     0.149826575E+01
     0.149839864E+01
     0.149826575E+01
     0.149805389E+01
     0.149794857E+01
     0.149763262E+01
     0.149721326E+01
     0.149734407E+01
     0.149721326E+01
     0.149700461E+01
     0.149690090E+01
     0.149658976E+01
     0.149617683E+01
     0.149630563E+01
     0.149617683E+01
     0.149597129E+01
     0.149586914E+01
     0.149556269E+01
     0.149515600E+01
     0.149528285E+01
     0.149515600E+01
     0.149495350E+01
     0.149485286E+01
     0.149455096E+01
     0.149415035E+01
     0.149427530E+01
     0.149415035E+01
     0.149395079E+01
     0.149385163E+01
     0.149355416E+01
     0.149315945E+01
     0.149328256E+01
     0.149315945E+01
     0.149296277E+01
     0.149286504E+01
     0.149257188E+01
     0.149218292E+01
     0.149230423E+01
     0.149218292E+01
     0.149198902E+01
     0.149189270E+01
     0.149160372E+01
     0.149122036E+01
     0.149133992E+01
     0.149122036E+01
     0.149102918E+01
     0.149093422E+01
     0.149064932E+01
     0.149027140E+01
     0.149038926E+01
     0.149027140E+01
     0.149008287E+01
     0.148998923E+01
     0.148970831E+01
     0.148933569E+01
     0.148945189E+01
     0.148933569E+01
     0.148914973E+01
     0.148905738E+01
     0.148878032E+01
     0.148841286E+01
     0.148852745E+01
     0.148841286E+01
     0.148822941E+01
     0.148813831E+01
     0.148786501E+01
     0.148750258E+01
     0.148761560E+01
     0.148750258E+01
     0.148732155E+01
     0.148723168E+01
     0.148696204E+01
     0.148660448E+01
     0.148671598E+01
     0.148660448E+01
     0.148642583E+01
     0.148633713E+01
     0.148607105E+01
     0.148571824E+01
     0.148582825E+01
     0.148571824E+01
     0.148554188E+01
     0.148545434E+01
     0.148519171E+01
     0.148484351E+01
     0.148495208E+01
     0.148484351E+01
     0.148466938E+01
     0.148458295E+01
     0.148432367E+01
     0.148397994E+01
     0.148408711E+01
     0.148397994E+01
     0.148380797E+01
     0.148372262E+01
     0.148346659E+01
     0.148312719E+01
     0.148323301E+01
     0.148312719E+01
     0.148295731E+01
     0.148287301E+01
     0.148262011E+01
     0.148228491E+01
     0.148238941E+01
     0.148228491E+01
     0.148211703E+01
     0.148203375E+01
     0.148178388E+01
     0.148145272E+01
     0.148155596E+01
     0.148145272E+01
     0.148128679E+01
     0.148120447E+01
     0.148095751E+01
     0.148063026E+01
     0.148073228E+01
     0.148063026E+01
     0.148046618E+01
     0.148038479E+01
     0.148014063E+01
     0.147981712E+01
     0.147991797E+01
     0.147981712E+01
     0.147965481E+01
     0.147957432E+01
     0.147933283E+01
     0.147901289E+01
     0.147911262E+01
     0.147901289E+01
     0.147885226E+01
     0.147877261E+01
     0.147853366E+01
     0.147821713E+01
     0.147831579E+01
     0.147821713E+01
     0.147805808E+01
     0.147797923E+01
     0.147774267E+01
     0.147742934E+01
     0.147752700E+01
     0.147742934E+01
     0.147727177E+01
     0.147719367E+01
     0.147695934E+01
     0.147664902E+01
     0.147674573E+01
     0.147664901E+01
     0.147649280E+01
     0.147641538E+01
     0.147618311E+01
     0.147587555E+01
     0.147597140E+01
     0.147587555E+01
     0.147572055E+01
     0.147564375E+01
     0.147541334E+01
     0.147510828E+01
     0.147520335E+01
     0.147510828E+01
     0.147495434E+01
     0.147487808E+01
     0.147464930E+01
     0.147434644E+01
     0.147444082E+01
     0.147434644E+01
     0.147419338E+01
     0.147411757E+01
     0.147389014E+01
     0.147358913E+01
     0.147368292E+01
     0.147358913E+01
     0.147343671E+01
     0.147336125E+01
     0.147313484E+01
     0.147283524E+01
     0.147292858E+01
     0.147283524E+01
     0.147268320E+01
     0.147260793E+01
     0.147238214E+01
     0.147208342E+01
     0.147217648E+01
     0.147208341E+01
     0.147193170E+01
     0.147185663E+01
     0.147163139E+01
     0.147133349E+01
     0.147142629E+01
     0.147133349E+01
     0.147118283E+01
     0.147110830E+01
     0.147088470E+01
     0.147058900E+01
     0.147068111E+01
     0.147058900E+01
     0.147043926E+01
     0.147036520E+01
     0.147014301E+01
     0.146984926E+01
     0.146994075E+01
     0.146984926E+01
     0.146970026E+01
     0.146962659E+01
     0.146940558E+01
     0.146911345E+01
     0.146920443E+01
     0.146911345E+01
     0.146896500E+01
     0.146889162E+01
     0.146867149E+01
     0.146838061E+01
     0.146847119E+01
     0.146838060E+01
     0.146823245E+01
     0.146815924E+01
     0.146793963E+01
     0.146764951E+01
     0.146773984E+01
     0.146764951E+01
     0.146750132E+01
     0.146742814E+01
     0.146720857E+01
     0.146691862E+01
     0.146700889E+01
     0.146691862E+01
     0.146676997E+01
     0.146669659E+01
     0.146647644E+01
     0.146618583E+01
     0.146627629E+01
     0.146618583E+01
     0.146603611E+01
     0.146596224E+01
     0.146574064E+01
     0.146544824E+01
     0.146553924E+01
     0.146544824E+01
     0.146529653E+01
     0.146522174E+01
     0.146499735E+01
     0.146470144E+01
     0.146479351E+01
     0.146470144E+01
     0.146456003E+01
     0.146449029E+01
     0.146428105E+01
     0.146400503E+01
     0.146409093E+01
     0.146400503E+01
     0.146387665E+01
     0.146381329E+01
     0.146362319E+01
     0.146337225E+01
     0.146345036E+01
     0.146337225E+01
     0.146325319E+01
     0.146319440E+01
     0.146301801E+01
     0.146278508E+01
     0.146285759E+01
     0.146278508E+01
     0.146267325E+01
     0.146261800E+01
     0.146245226E+01
     0.146223333E+01
     0.146230150E+01
     0.146223333E+01
     0.146212745E+01
     0.146207513E+01
     0.146191817E+01
     0.146171080E+01
     0.146177537E+01
     0.146171080E+01
     0.146161000E+01
     0.146156019E+01
     0.146141073E+01
     0.146121325E+01
     0.146127474E+01
     0.146121325E+01
     0.146111691E+01
     0.146106928E+01
     0.146092641E+01
     0.146073760E+01
     0.146079639E+01
     0.146073760E+01
     0.146064522E+01
     0.146059955E+01
     0.146046255E+01
     0.146028147E+01
     0.146033786E+01
     0.146028147E+01
     0.146019268E+01
     0.146014878E+01
     0.146001708E+01
     0.145984300E+01
     0.145989721E+01
     0.145984300E+01
     0.145975747E+01
     0.145971519E+01
     0.145958832E+01
     0.145942063E+01
     0.145947286E+01
     0.145942063E+01
     0.145933812E+01
     0.145929732E+01
     0.145917491E+01
     0.145901309E+01
     0.145906349E+01
     0.145901309E+01
     0.145893337E+01
     0.145889394E+01
     0.145877566E+01
     0.145861929E+01
     0.145866799E+01
     0.145861929E+01
     0.145854216E+01
     0.145850402E+01
     0.145838958E+01
     0.145823830E+01
     0.145828541E+01
     0.145823830E+01
     0.145816359E+01
     0.145812665E+01
     0.145801581E+01
     0.145786928E+01
     0.145791491E+01
     0.145786928E+01
     0.145779685E+01
     0.145776104E+01
     0.145765358E+01
     0.145751151E+01
     0.145755576E+01
     0.145751151E+01
     0.145744124E+01
     0.145740649E+01
     0.145730222E+01
     0.145716436E+01
     0.145720730E+01
     0.145716436E+01
     0.145709613E+01
     0.145706237E+01
     0.145696112E+01
     0.145682725E+01
     0.145686895E+01
     0.145682725E+01
     0.145676094E+01
     0.145672814E+01
     0.145662975E+01
     0.145649965E+01
     0.145654017E+01
     0.145649965E+01
     0.145643517E+01
     0.145640328E+01
     0.145630760E+01
     0.145618110E+01
     0.145622050E+01
     0.145618110E+01
     0.145611836E+01
     0.145608733E+01
     0.145599423E+01
     0.145587115E+01
     0.145590949E+01
     0.145587115E+01
     0.145581007E+01
     0.145577986E+01
     0.145568923E+01
     0.145556941E+01
     0.145560673E+01
     0.145556941E+01
     0.145550992E+01
     0.145548050E+01
     0.145539223E+01
     0.145527552E+01
     0.145531187E+01
     0.145527552E+01
     0.145521755E+01
     0.145518888E+01
     0.145510286E+01
     0.145498914E+01
     0.145502456E+01
     0.145498914E+01
     0.145493262E+01
     0.145490466E+01
     0.145482080E+01
     0.145470994E+01
     0.145474447E+01
     0.145470994E+01
     0.145465481E+01
     0.145462755E+01
     0.145454576E+01
     0.145443764E+01
     0.145447131E+01
     0.145443764E+01
     0.145438385E+01
     0.145435725E+01
     0.145427745E+01
     0.145417196E+01
     0.145420481E+01
     0.145417196E+01
     0.145411945E+01
     0.145409349E+01
     0.145401560E+01
     0.145391263E+01
     0.145394470E+01
     0.145391263E+01
     0.145386137E+01
     0.145383602E+01
     0.145375996E+01
     0.145365943E+01
     0.145369074E+01
     0.145365943E+01
     0.145360935E+01
     0.145358459E+01
     0.145351031E+01
     0.145341212E+01
     0.145344270E+01
     0.145341212E+01
     0.145336319E+01
     0.145333899E+01
     0.145326641E+01
     0.145317047E+01
     0.145320035E+01
     0.145317047E+01
     0.145312265E+01
     0.145309900E+01
     0.145302806E+01
     0.145293429E+01
     0.145296349E+01
     0.145293429E+01
     0.145288753E+01
     0.145286441E+01
     0.145279505E+01
     0.145270338E+01
     0.145273193E+01
     0.145270338E+01
     0.145265764E+01
     0.145263503E+01
     0.145256720E+01
     0.145247755E+01
     0.145250547E+01
     0.145247755E+01
     0.145243280E+01
     0.145241068E+01
     0.145234432E+01
     0.145225662E+01
     0.145228393E+01
     0.145225662E+01
     0.145221283E+01
     0.145219118E+01
     0.145212624E+01
     0.145204043E+01
     0.145206715E+01
     0.145204043E+01
     0.145199755E+01
     0.145197636E+01
     0.145191280E+01
     0.145182880E+01
     0.145185495E+01
     0.145182880E+01
     0.145178681E+01
     0.145176606E+01
     0.145170382E+01
     0.145162157E+01
     0.145164718E+01
     0.145162157E+01
     0.145158044E+01
     0.145156012E+01
     0.145149915E+01
     0.145141860E+01
     0.145144368E+01
     0.145141860E+01
     0.145137830E+01
     0.145135838E+01
     0.145129865E+01
     0.145121973E+01
     0.145124430E+01
     0.145121973E+01
     0.145118022E+01
     0.145116071E+01
     0.145110216E+01
     0.145102481E+01
     0.145104890E+01
     0.145102481E+01
     0.145098608E+01
     0.145096695E+01
     0.145090954E+01
     0.145083372E+01
     0.145085732E+01
     0.145083372E+01
     0.145079572E+01
     0.145077695E+01
     0.145072065E+01
     0.145064629E+01
     0.145066944E+01
     0.145064629E+01
     0.145060901E+01
     0.145059060E+01
     0.145053536E+01
     0.145046241E+01
     0.145048512E+01
     0.145046241E+01
     0.145042580E+01
     0.145040773E+01
     0.145035351E+01
     0.145028191E+01
     0.145030420E+01
     0.145028191E+01
     0.145024597E+01
     0.145022822E+01
     0.145017498E+01
     0.145010468E+01
     0.145012657E+01
     0.145010468E+01
     0.145006936E+01
     0.145005193E+01
     0.144999962E+01
     0.144993057E+01
     0.144995206E+01
     0.144993057E+01
     0.144989585E+01
     0.144987871E+01
     0.144982730E+01
     0.144975943E+01
     0.144978056E+01
     0.144975943E+01
     0.144972528E+01
     0.144970842E+01
     0.144965786E+01
     0.144959112E+01
     0.144961189E+01
     0.144959112E+01
     0.144955750E+01
     0.144954091E+01
     0.144949115E+01
     0.144942548E+01
     0.144944592E+01
     0.144942548E+01
     0.144939236E+01
     0.144937602E+01
     0.144932701E+01
     0.144926234E+01
     0.144928247E+01
     0.144926234E+01
     0.144922968E+01
     0.144921358E+01
     0.144916526E+01
     0.144910153E+01
     0.144912136E+01
     0.144910153E+01
     0.144906929E+01
     0.144905340E+01
     0.144900572E+01
     0.144894284E+01
     0.144896240E+01
     0.144894284E+01
     0.144891097E+01
     0.144889527E+01
     0.144884815E+01
     0.144878604E+01
     0.144880536E+01
     0.144878604E+01
     0.144875449E+01
     0.144873894E+01
     0.144869231E+01
     0.144863085E+01
     0.144864997E+01
     0.144863085E+01
     0.144859955E+01
     0.144858413E+01
     0.144853789E+01
     0.144847695E+01
     0.144849590E+01
     0.144847695E+01
     0.144844580E+01
     0.144843047E+01
     0.144838448E+01
     0.144832390E+01
     0.144834274E+01
     0.144832390E+01
     0.144829279E+01
     0.144827749E+01
     0.144823157E+01
     0.144817112E+01
     0.144818992E+01
     0.144817112E+01
     0.144813987E+01
     0.144812451E+01
     0.144807842E+01
     0.144801777E+01
     0.144803663E+01
     0.144801777E+01
     0.144798610E+01
     0.144797054E+01
     0.144792387E+01
     0.144786249E+01
     0.144788157E+01
     0.144786249E+01
     0.144782986E+01
     0.144781386E+01
     0.144776584E+01
     0.144770277E+01
     0.144772236E+01
     0.144770277E+01
     0.144766790E+01
     0.144765084E+01
     0.144759965E+01
     0.144753253E+01
     0.144755336E+01
     0.144753253E+01
     0.144749328E+01
     0.144747415E+01
     0.144741676E+01
     0.144734174E+01
     0.144736501E+01
     0.144734174E+01
     0.144730622E+01
     0.144728889E+01
     0.144723689E+01
     0.144716887E+01
     0.144718997E+01
     0.144731247E+01
     0.144729812E+01
     0.144725508E+01
     0.144719858E+01
     0.144721613E+01
     0.144719858E+01
     0.144716979E+01
     0.144715569E+01
     0.144711339E+01
     0.144705789E+01
     0.144707512E+01
     0.144705789E+01
     0.144703243E+01
     0.144701995E+01
     0.144698248E+01
     0.144693328E+01
     0.144694856E+01
     0.144693328E+01
     0.144691007E+01
     0.144689868E+01
     0.144686450E+01
     0.144681958E+01
     0.144683354E+01
     0.144681958E+01
     0.144679806E+01
     0.144678749E+01
     0.144675577E+01
     0.144671406E+01
     0.144672702E+01
     0.144671406E+01
     0.144669390E+01
     0.144668399E+01
     0.144665426E+01
     0.144661515E+01
     0.144662731E+01
     0.144661515E+01
     0.144659614E+01
     0.144658679E+01
     0.144655874E+01
     0.144652184E+01
     0.144653331E+01
     0.144652184E+01
     0.144650382E+01
     0.144649496E+01
     0.144646838E+01
     0.144643339E+01
     0.144644427E+01
     0.144643339E+01
     0.144641625E+01
     0.144640783E+01
     0.144638254E+01
     0.144634926E+01
     0.144635961E+01
     0.144634926E+01
     0.144633291E+01
     0.144632488E+01
     0.144630076E+01
     0.144626901E+01
     0.144627888E+01
     0.144626901E+01
     0.144625339E+01
     0.144624570E+01
     0.144622265E+01
     0.144619230E+01
     0.144620173E+01
     0.144619230E+01
     0.144617734E+01
     0.144616998E+01
     0.144614790E+01
     0.144611883E+01
     0.144612786E+01
     0.144611883E+01
     0.144610448E+01
     0.144609742E+01
     0.144607624E+01
     0.144604835E+01
     0.144605702E+01
     0.144604835E+01
     0.144603457E+01
     0.144602779E+01
     0.144600745E+01
     0.144598067E+01
     0.144598900E+01
     0.144598067E+01
     0.144596742E+01
     0.144596090E+01
     0.144594134E+01
     0.144591559E+01
     0.144592359E+01
     0.144591559E+01
     0.144590283E+01
     0.144589656E+01
     0.144587774E+01
     0.144585295E+01
     0.144586066E+01
     0.144585295E+01
     0.144584067E+01
     0.144583462E+01
     0.144581649E+01
     0.144579261E+01
     0.144580004E+01
     0.144579261E+01
     0.144578077E+01
     0.144577495E+01
     0.144575747E+01
     0.144573445E+01
     0.144574161E+01
     0.144573445E+01
     0.144572303E+01
     0.144571741E+01
     0.144570055E+01
     0.144567835E+01
     0.144568525E+01
     0.144567835E+01
     0.144566733E+01
     0.144566190E+01
     0.144564563E+01
     0.144562420E+01
     0.144563087E+01
     0.144562420E+01
     0.144561356E+01
     0.144560832E+01
     0.144559261E+01
     0.144557192E+01
     0.144557835E+01
     0.144557192E+01
     0.144556163E+01
     0.144555657E+01
     0.144554139E+01
     0.144552141E+01
     0.144552762E+01
     0.144552141E+01
     0.144551147E+01
     0.144550658E+01
     0.144549191E+01
     0.144547259E+01
     0.144547860E+01
     0.144547259E+01
     0.144546298E+01
     0.144545825E+01
     0.144544407E+01
     0.144542540E+01
     0.144543120E+01
     0.144542540E+01
     0.144541610E+01
     0.144541153E+01
     0.144539781E+01
     0.144537975E+01
     0.144538537E+01
     0.144537975E+01
     0.144537076E+01
     0.144536634E+01
     0.144535307E+01
     0.144533560E+01
     0.144534103E+01
     0.144533560E+01
     0.144532690E+01
     0.144532262E+01
     0.144530978E+01
     0.144529288E+01
     0.144529814E+01
     0.144529288E+01
     0.144528446E+01
     0.144528032E+01
     0.144526789E+01
     0.144525154E+01
     0.144525662E+01
     0.144525154E+01
     0.144524339E+01
     0.144523938E+01
     0.144522735E+01
     0.144521152E+01
     0.144521644E+01
     0.144521152E+01
     0.144520363E+01
     0.144519975E+01
     0.144518810E+01
     0.144517278E+01
     0.144517754E+01
     0.144517278E+01
     0.144516514E+01
     0.144516138E+01
     0.144515011E+01
     0.144513527E+01
     0.144513988E+01
     0.144513527E+01
     0.144512787E+01
     0.144512423E+01
     0.144511331E+01
     0.144509895E+01
     0.144510341E+01
     0.144509895E+01
     0.144509178E+01
     0.144508825E+01
     0.144507768E+01
     0.144506377E+01
     0.144506810E+01
     0.144506377E+01
     0.144505683E+01
     0.144505342E+01
     0.144504318E+01
     0.144502971E+01
     0.144503389E+01
     0.144502971E+01
     0.144502298E+01
     0.144501968E+01
     0.144500976E+01
     0.144499671E+01
     0.144500077E+01
     0.144499671E+01
     0.144499020E+01
     0.144498700E+01
     0.144497739E+01
     0.144496476E+01
     0.144496869E+01
     0.144496476E+01
     0.144495845E+01
     0.144495535E+01
     0.144494605E+01
     0.144493381E+01
     0.144493762E+01
     0.144493381E+01
     0.144492770E+01
     0.144492470E+01
     0.144491569E+01
     0.144490384E+01
     0.144490752E+01
     0.144490384E+01
     0.144489792E+01
     0.144489501E+01
     0.144488628E+01
     0.144487481E+01
     0.144487838E+01
     0.144487481E+01
     0.144486907E+01
     0.144486626E+01
     0.144485781E+01
     0.144484670E+01
     0.144485015E+01
     0.144484670E+01
     0.144484114E+01
     0.144483841E+01
     0.144483023E+01
     0.144481947E+01
     0.144482281E+01
     0.144481947E+01
     0.144481409E+01
     0.144481145E+01
     0.144480353E+01
     0.144479311E+01
     0.144479635E+01
     0.144479311E+01
     0.144478790E+01
     0.144478534E+01
     0.144477767E+01
     0.144476758E+01
     0.144477072E+01
     0.144476758E+01
     0.144476254E+01
     0.144476006E+01
     0.144475263E+01
     0.144474287E+01
     0.144474591E+01
     0.144474287E+01
     0.144473799E+01
     0.144473559E+01
     0.144472840E+01
     0.144471895E+01
     0.144472189E+01
     0.144471895E+01
     0.144471422E+01
     0.144471190E+01
     0.144470494E+01
     0.144469580E+01
     0.144469864E+01
     0.144469580E+01
     0.144469122E+01
     0.144468898E+01
     0.144468224E+01
     0.144467339E+01
     0.144467614E+01
     0.144467339E+01
     0.144466896E+01
     0.144466679E+01
     0.144466028E+01
     0.144465172E+01
     0.144465437E+01
     0.144465172E+01
     0.144464743E+01
     0.144464533E+01
     0.144463902E+01
     0.144463074E+01
     0.144463332E+01
     0.144463074E+01
     0.144462660E+01
     0.144462456E+01
     0.144461847E+01
     0.144461046E+01
     0.144461295E+01
     0.144461046E+01
     0.144460645E+01
     0.144460448E+01
     0.144459859E+01
     0.144459084E+01
     0.144459325E+01
     0.144459084E+01
     0.144458696E+01
     0.144458506E+01
     0.144457936E+01
     0.144457188E+01
     0.144457420E+01
     0.144457188E+01
     0.144456813E+01
     0.144456629E+01
     0.144456078E+01
     0.144455355E+01
     0.144455579E+01
     0.144455355E+01
     0.144454992E+01
     0.144454815E+01
     0.144454282E+01
     0.144453584E+01
     0.144453801E+01
     0.144453584E+01
     0.144453233E+01
     0.144453062E+01
     0.144452547E+01
     0.144451872E+01
     0.144452082E+01
     0.144451872E+01
     0.144451534E+01
     0.144451368E+01
     0.144450871E+01
     0.144450220E+01
     0.144450422E+01
     0.144450220E+01
     0.144449893E+01
     0.144449733E+01
     0.144449253E+01
     0.144448624E+01
     0.144448819E+01
     0.144448624E+01
     0.144448308E+01
     0.144448154E+01
     0.144447691E+01
     0.144447084E+01
     0.144447272E+01
     0.144447084E+01
     0.144446779E+01
     0.144446630E+01
     0.144446183E+01
     0.144445598E+01
     0.144445780E+01
     0.144445598E+01
     0.144445304E+01
     0.144445160E+01
     0.144444729E+01
     0.144444164E+01
     0.144444340E+01
     0.144444164E+01
     0.144443881E+01
     0.144443742E+01
     0.144443327E+01
     0.144442782E+01
     0.144442951E+01
     0.144442782E+01
     0.144442509E+01
     0.144442376E+01
     0.144441975E+01
     0.144441450E+01
     0.144441613E+01
     0.144441450E+01
     0.144441187E+01
     0.144441058E+01
     0.144440672E+01
     0.144440167E+01
     0.144440324E+01
     0.144440167E+01
     0.144439913E+01
     0.144439789E+01
     0.144439418E+01
     0.144438931E+01
     0.144439082E+01
     0.144438931E+01
     0.144438687E+01
     0.144438568E+01
     0.144438210E+01
     0.144437741E+01
     0.144437887E+01
     0.144437741E+01
     0.144437506E+01
     0.144437392E+01
     0.144437047E+01
     0.144436597E+01
     0.144436737E+01
     0.144436597E+01
     0.144436371E+01
     0.144436260E+01
     0.144435929E+01
     0.144435496E+01
     0.144435630E+01
     0.144435496E+01
     0.144435279E+01
     0.144435173E+01
     0.144434854E+01
     0.144434438E+01
     0.144434567E+01
     0.144434438E+01
     0.144434229E+01
     0.144434127E+01
     0.144433821E+01
     0.144433422E+01
     0.144433546E+01
     0.144433422E+01
     0.144433221E+01
     0.144433123E+01
     0.144432829E+01
     0.144432446E+01
     0.144432565E+01
     0.144432446E+01
     0.144432253E+01
     0.144432159E+01
     0.144431877E+01
     0.144431509E+01
     0.144431623E+01
     0.144431509E+01
     0.144431324E+01
     0.144431234E+01
     0.144430964E+01
     0.144430611E+01
     0.144430721E+01
     0.144430611E+01
     0.144430434E+01
     0.144430348E+01
     0.144430089E+01
     0.144429751E+01
     0.144429856E+01
     0.144429751E+01
     0.144429581E+01
     0.144429498E+01
     0.144429250E+01
     0.144428927E+01
     0.144429027E+01
     0.144428927E+01
     0.144428764E+01
     0.144428685E+01
     0.144428447E+01
     0.144428138E+01
     0.144428234E+01
     0.144428138E+01
     0.144427982E+01
     0.144427906E+01
     0.144427679E+01
     0.144427383E+01
     0.144427475E+01
     0.144427383E+01
     0.144427234E+01
     0.144427162E+01
     0.144426945E+01
     0.144426662E+01
     0.144426750E+01
     0.144426662E+01
     0.144426520E+01
     0.144426451E+01
     0.144426244E+01
     0.144425974E+01
     0.144426058E+01
     0.144425974E+01
     0.144425838E+01
     0.144425772E+01
     0.144425575E+01
     0.144425317E+01
     0.144425397E+01
     0.144425317E+01
     0.144425188E+01
     0.144425125E+01
     0.144424936E+01
     0.144424691E+01
     0.144424767E+01
     0.144424691E+01
     0.144424568E+01
     0.144424508E+01
     0.144424329E+01
     0.144424095E+01
     0.144424167E+01
     0.144424095E+01
     0.144423978E+01
     0.144423921E+01
     0.144423750E+01
     0.144423528E+01
     0.144423597E+01
     0.144423528E+01
     0.144423416E+01
     0.144423362E+01
     0.144423200E+01
     0.144422989E+01
     0.144423054E+01
     0.144422989E+01
     0.144422883E+01
     0.144422832E+01
     0.144422678E+01
     0.144422478E+01
     0.144422539E+01
     0.144422478E+01
     0.144422377E+01
     0.144422328E+01
     0.144422182E+01
     0.144421992E+01
     0.144422051E+01
     0.144421992E+01
     0.144421897E+01
     0.144421851E+01
     0.144421712E+01
     0.144421533E+01
     0.144421588E+01
     0.144421533E+01
     0.144421442E+01
     0.144421399E+01
     0.144421268E+01
     0.144421098E+01
     0.144421151E+01
     0.144421098E+01
     0.144421013E+01
     0.144420972E+01
     0.144420848E+01
     0.144420688E+01
     0.144420737E+01
     0.144420688E+01
     0.144420607E+01
     0.144420568E+01
     0.144420452E+01
     0.144420301E+01
     0.144420347E+01
     0.144420301E+01
     0.144420225E+01
     0.144420188E+01
     0.144420078E+01
     0.144419936E+01
     0.144419980E+01
     0.144419936E+01
     0.144419864E+01
     0.144419830E+01
     0.144419727E+01
     0.144419593E+01
     0.144419634E+01
     0.144419593E+01
     0.144419526E+01
     0.144419493E+01
     0.144419396E+01
     0.144419271E+01
     0.144419310E+01
     0.144419271E+01
     0.144419208E+01
     0.144419178E+01
     0.144419087E+01
     0.144418970E+01
     0.144419006E+01
     0.144418970E+01
     0.144418910E+01
     0.144418882E+01
     0.144418797E+01
     0.144418688E+01
     0.144418721E+01
     0.144418688E+01
     0.144418632E+01
     0.144418606E+01
     0.144418527E+01
     0.144418425E+01
     0.144418456E+01
     0.144418425E+01
     0.144418373E+01
     0.144418348E+01
     0.144418274E+01
     0.144418179E+01
     0.144418209E+01
     0.144418179E+01
     0.144418131E+01
     0.144418108E+01
     0.144418040E+01
     0.144417952E+01
     0.144417979E+01
     0.144417952E+01
     0.144417907E+01
     0.144417886E+01
     0.144417822E+01
     0.144417741E+01
     0.144417766E+01
     0.144417741E+01
     0.144417700E+01
     0.144417680E+01
     0.144417621E+01
     0.144417546E+01
     0.144417569E+01
     0.144417546E+01
     0.144417508E+01
     0.144417490E+01
     0.144417436E+01
     0.144417366E+01
     0.144417388E+01
     0.144417366E+01
     0.144417331E+01
     0.144417315E+01
     0.144417265E+01
     0.144417202E+01
     0.144417221E+01
     0.144417202E+01
     0.144417169E+01
     0.144417154E+01
     0.144417109E+01
     0.144417051E+01
     0.144417068E+01
     0.144417051E+01
     0.144417021E+01
     0.144417007E+01
     0.144416966E+01
     0.144416913E+01
     0.144416929E+01
     0.144416913E+01
     0.144416886E+01
     0.144416874E+01
     0.144416836E+01
     0.144416788E+01
     0.144416803E+01
     0.144416788E+01
     0.144416764E+01
     0.144416752E+01
     0.144416718E+01
     0.144416675E+01
     0.144416689E+01
     0.144416675E+01
     0.144416653E+01
     0.144416643E+01
     0.144416612E+01
     0.144416574E+01
     0.144416586E+01
     0.144416574E+01
     0.144416554E+01
     0.144416545E+01
     0.144416518E+01
     0.144416483E+01
     0.144416494E+01
     0.144416483E+01
     0.144416466E+01
     0.144416457E+01
     0.144416433E+01
     0.144416403E+01
     0.144416412E+01
     0.144416403E+01
     0.144416387E+01
     0.144416380E+01
     0.144416358E+01
     0.144416331E+01
     0.144416340E+01
     0.144416331E+01
     0.144416318E+01
     0.144416311E+01
     0.144416293E+01
     0.144416269E+01
     0.144416276E+01
     0.144416269E+01
     0.144416257E+01
     0.144416252E+01
     0.144416235E+01
     0.144416215E+01
     0.144416221E+01
     0.144416215E+01
     0.144416205E+01
     0.144416200E+01
     0.144416186E+01
     0.144416169E+01
     0.144416174E+01
     0.144416169E+01
     0.144416160E+01
     0.144416156E+01
     0.144416144E+01
     0.144416129E+01
     0.144416134E+01
     0.144416129E+01
     0.144416122E+01
     0.144416118E+01
     0.144416108E+01
     0.144416096E+01
     0.144416100E+01
     0.144416096E+01
     0.144416090E+01
     0.144416087E+01
     0.144416079E+01
     0.144416069E+01
     0.144416072E+01
     0.144416069E+01
     0.144416064E+01
     0.144416062E+01
     0.144416055E+01
     0.144416047E+01
     0.144416050E+01
     0.144416047E+01
     0.144416043E+01
     0.144416042E+01
     0.144416037E+01
     0.144416031E+01
     0.144416033E+01
     0.144416031E+01
     0.144416028E+01
     0.144416027E+01
     0.144416023E+01
     0.144416019E+01
     0.144416020E+01
     0.144416019E+01
     0.144416017E+01
     0.144416016E+01
     0.144416014E+01
     0.144416011E+01
     0.144416012E+01
     0.144416011E+01
     0.144416009E+01
     0.144416009E+01
     0.144416007E+01
     0.144416005E+01
     0.144416006E+01
     0.144416005E+01
     0.144416004E+01
     0.144416004E+01
     0.144416003E+01
     0.144416002E+01
     0.144416002E+01
     0.144416002E+01
     0.144416001E+01
     0.144416001E+01
     0.144416000E+01
     0.144415999E+01
     0.144415999E+01
     0.144415999E+01
     0.144415999E+01
     0.144415999E+01
     0.144415998E+01
     0.144415998E+01
     0.144415998E+01
     0.144415998E+01
     0.144415998E+01
     0.144415998E+01
     0.144415997E+01
     0.144415997E+01
     0.144415997E+01
     0.144415997E+01
     0.144415997E+01
     0.144415997E+01
     0.144415997E+01
     0.144415997E+01
     0.144415997E+01
     0.144415997E+01
     0.144415997E+01
     0.144415997E+01
     0.144415997E+01
     0.144415997E+01
     0.144415997E+01
     0.144415997E+01
     0.144415997E+01
     0.144415997E+01
     0.144415997E+01
     0.144415997E+01
     0.144415997E+01
     0.144415997E+01
     0.144415997E+01
     0.144415997E+01
     0.144415997E+01
     0.144415997E+01
     0.144415997E+01
     0.144415997E+01
     0.144415997E+01
     0.144415997E+01
     0.144415997E+01
     0.144415997E+01
     0.144415997E+01
     0.144415997E+01
     0.144415997E+01
     0.144415997E+01
     0.144415997E+01
     0.144415997E+01
     0.144415997E+01
     0.144415997E+01
     0.144415997E+01
     0.144415997E+01
     0.144415997E+01
     0.144415997E+01
     0.144415997E+01
