     0.273300198E+00
     0.269807000E+00
     0.268231362E+00
     0.263480275E+00
     0.257636075E+00
     0.259406028E+00
     0.272950879E+00
     0.272777955E+00
     0.272259156E+00
     0.271572780E+00
     0.271786615E+00
     0.273253470E+00
     0.273230137E+00
     0.273160137E+00
     0.273066902E+00
     0.273096026E+00
     0.273066902E+00
     0.272997421E+00
     0.272962750E+00
     0.272858736E+00
     0.272720266E+00
     0.272763512E+00
     0.273036640E+00
     0.273021522E+00
     0.272976168E+00
     0.272915738E+00
     0.272934617E+00
     0.272915738E+00
     0.272880731E+00
     0.272863245E+00
     0.272810787E+00
     0.272740897E+00
     0.272762731E+00
     0.272740897E+00
     0.272706305E+00
     0.272689026E+00
     0.272637189E+00
     0.272568126E+00
     0.272589702E+00
     0.272568126E+00
     0.272531788E+00
     0.272513638E+00
     0.272459189E+00
     0.272386648E+00
     0.272409310E+00
     0.272386648E+00
     0.272348847E+00
     0.272329967E+00
     0.272273328E+00
     0.272197872E+00
     0.272221444E+00
     0.272197872E+00
     0.272158819E+00
     0.272139315E+00
     0.272080802E+00
     0.272002854E+00
     0.272027204E+00
     0.272002854E+00
     0.271962715E+00
     0.271942669E+00
     0.271882530E+00
     0.271802418E+00
     0.271827444E+00
     0.271802418E+00
     0.271761326E+00
     0.271740804E+00
     0.271679240E+00
     0.271597230E+00
     0.271622849E+00
     0.271597230E+00
     0.271555296E+00
     0.271534354E+00
     0.271471529E+00
     0.271387842E+00
     0.271413985E+00
     0.271387842E+00
     0.271345159E+00
     0.271323843E+00
     0.271259897E+00
     0.271174718E+00
     0.271201327E+00
     0.271174718E+00
     0.271131365E+00
     0.271109716E+00
     0.271044768E+00
     0.270958257E+00
     0.270985281E+00
     0.270958257E+00
     0.270914303E+00
     0.270892355E+00
     0.270826510E+00
     0.270738804E+00
     0.270766201E+00
     0.270738804E+00
     0.270694311E+00
     0.270672093E+00
     0.270605441E+00
     0.270516662E+00
     0.270544394E+00
     0.270516662E+00
     0.270471683E+00
     0.270449223E+00
     0.270381845E+00
     0.270292099E+00
     0.270320133E+00
     0.270292099E+00
     0.270246683E+00
     0.270224005E+00
     0.270155972E+00
     0.270065355E+00
     0.270093661E+00
     0.270065355E+00
     0.270019544E+00
     0.269996670E+00
     0.269928046E+00
     0.269836645E+00
     0.269865196E+00
     0.269836645E+00
     0.269790478E+00
     0.269767426E+00
     0.269698271E+00
     0.269606162E+00
     0.269634934E+00
     0.269606162E+00
     0.269559675E+00
     0.269536463E+00
     0.269466829E+00
     0.269374083E+00
     0.269403053E+00
     0.269374082E+00
     0.269327307E+00
     0.269303951E+00
     0.269233886E+00
     0.269140566E+00
     0.269169716E+00
     0.269140566E+00
     0.269093532E+00
     0.269070047E+00
     0.268999594E+00
     0.268905760E+00
     0.268935071E+00
     0.268905760E+00
     0.268858494E+00
     0.268834894E+00
     0.268764094E+00
     0.268669799E+00
     0.268699253E+00
     0.268669799E+00
     0.268622325E+00
     0.268598622E+00
     0.268527513E+00
     0.268432806E+00
     0.268462389E+00
     0.268432806E+00
     0.268385148E+00
     0.268361353E+00
     0.268289969E+00
     0.268194897E+00
     0.268224594E+00
     0.268194897E+00
     0.268147075E+00
     0.268123200E+00
     0.268051572E+00
     0.267956176E+00
     0.267985974E+00
     0.267956176E+00
     0.267908211E+00
     0.267884264E+00
     0.267812422E+00
     0.267716742E+00
     0.267746629E+00
     0.267716742E+00
     0.267668653E+00
     0.267644643E+00
     0.267572615E+00
     0.267476687E+00
     0.267506651E+00
     0.267476687E+00
     0.267428489E+00
     0.267404426E+00
     0.267332237E+00
     0.267236095E+00
     0.267266126E+00
     0.267236095E+00
     0.267187806E+00
     0.267163697E+00
     0.267091370E+00
     0.266995046E+00
     0.267025134E+00
     0.266995046E+00
     0.266946679E+00
     0.266922532E+00
     0.266850091E+00
     0.266753614E+00
     0.266783749E+00
     0.266753614E+00
     0.266705184E+00
     0.266681005E+00
     0.266608470E+00
     0.266511868E+00
     0.266542042E+00
     0.266511868E+00
     0.266463388E+00
     0.266439184E+00
     0.266366574E+00
     0.266269873E+00
     0.266300078E+00
     0.266269873E+00
     0.266221355E+00
     0.266197133E+00
     0.266124466E+00
     0.266027690E+00
     0.266057919E+00
     0.266027690E+00
     0.265979146E+00
     0.265954910E+00
     0.265882204E+00
     0.265785377E+00
     0.265815621E+00
     0.265785377E+00
     0.265736816E+00
     0.265712573E+00
     0.265639844E+00
     0.265542986E+00
     0.265573240E+00
     0.265542986E+00
     0.265494420E+00
     0.265470174E+00
     0.265397437E+00
     0.265300569E+00
     0.265330826E+00
     0.265300569E+00
     0.265252007E+00
     0.265227763E+00
     0.265155032E+00
     0.265058173E+00
     0.265088427E+00
     0.265058173E+00
     0.265009624E+00
     0.264985387E+00
     0.264912675E+00
     0.264815843E+00
     0.264846089E+00
     0.264815843E+00
     0.264767315E+00
     0.264743089E+00
     0.264670410E+00
     0.264573621E+00
     0.264603853E+00
     0.264573621E+00
     0.264525123E+00
     0.264500911E+00
     0.264428277E+00
     0.264331547E+00
     0.264361761E+00
     0.264331547E+00
     0.264283086E+00
     0.264258893E+00
     0.264186314E+00
     0.264089659E+00
     0.264119850E+00
     0.264089659E+00
     0.264041242E+00
     0.264017071E+00
     0.263944558E+00
     0.263847993E+00
     0.263878155E+00
     0.263847993E+00
     0.263799626E+00
     0.263775480E+00
     0.263703044E+00
     0.263606581E+00
     0.263636711E+00
     0.263606581E+00
     0.263558271E+00
     0.263534154E+00
     0.263461804E+00
     0.263365455E+00
     0.263395550E+00
     0.263365455E+00
     0.263317209E+00
     0.263293124E+00
     0.263220868E+00
     0.263124646E+00
     0.263154701E+00
     0.263124646E+00
     0.263076469E+00
     0.263052418E+00
     0.262980266E+00
     0.262884182E+00
     0.262914194E+00
     0.262884182E+00
     0.262836079E+00
     0.262812065E+00
     0.262740025E+00
     0.262644090E+00
     0.262674055E+00
     0.262644090E+00
     0.262596066E+00
     0.262572092E+00
     0.262500171E+00
     0.262404395E+00
     0.262434310E+00
     0.262404395E+00
     0.262356455E+00
     0.262332523E+00
     0.262260729E+00
     0.262165121E+00
     0.262194984E+00
     0.262165121E+00
     0.262117270E+00
     0.262093383E+00
     0.262021721E+00
     0.261926291E+00
     0.261956098E+00
     0.261926291E+00
     0.261878533E+00
     0.261854692E+00
     0.261783170E+00
     0.261687927E+00
     0.261717676E+00
     0.261687927E+00
     0.261640266E+00
     0.261616474E+00
     0.261545097E+00
     0.261450048E+00
     0.261479736E+00
     0.261450048E+00
     0.261402488E+00
     0.261378747E+00
     0.261307522E+00
     0.261212675E+00
     0.261242300E+00
     0.261212675E+00
     0.261165220E+00
     0.261141530E+00
     0.261070463E+00
     0.260975825E+00
     0.261005384E+00
     0.260975825E+00
     0.260928478E+00
     0.260904843E+00
     0.260833937E+00
     0.260739516E+00
     0.260769008E+00
     0.260739516E+00
     0.260692280E+00
     0.260668700E+00
     0.260597962E+00
     0.260503763E+00
     0.260533186E+00
     0.260503763E+00
     0.260456642E+00
     0.260433120E+00
     0.260362553E+00
     0.260268584E+00
     0.260297935E+00
     0.260268584E+00
     0.260221580E+00
     0.260198116E+00
     0.260127726E+00
     0.260033991E+00
     0.260063269E+00
     0.260033991E+00
     0.259987108E+00
     0.259963704E+00
     0.259893494E+00
     0.259800000E+00
     0.259829202E+00
     0.259800000E+00
     0.259753239E+00
     0.259729897E+00
     0.259659871E+00
     0.259566622E+00
     0.259595748E+00
     0.259566622E+00
     0.259519987E+00
     0.259496707E+00
     0.259426869E+00
     0.259333871E+00
     0.259362918E+00
     0.259333871E+00
     0.259287363E+00
     0.259264148E+00
     0.259194501E+00
     0.259101758E+00
     0.259130726E+00
     0.259101758E+00
     0.259055380E+00
     0.259032229E+00
     0.258962777E+00
     0.258870294E+00
     0.258899180E+00
     0.258870294E+00
     0.258824048E+00
     0.258800963E+00
     0.258731709E+00
     0.258639489E+00
     0.258668293E+00
     0.258639489E+00
     0.258593377E+00
     0.258570359E+00
     0.258501306E+00
     0.258409354E+00
     0.258438074E+00
     0.258409354E+00
     0.258363378E+00
     0.258340428E+00
     0.258271578E+00
     0.258179897E+00
     0.258208533E+00
     0.258179897E+00
     0.258134058E+00
     0.258111177E+00
     0.258042533E+00
     0.257951127E+00
     0.257979677E+00
     0.257951127E+00
     0.257905427E+00
     0.257882616E+00
     0.257814181E+00
     0.257723053E+00
     0.257751516E+00
     0.257723053E+00
     0.257677493E+00
     0.257654752E+00
     0.257586528E+00
     0.257495681E+00
     0.257524056E+00
     0.257495681E+00
     0.257450264E+00
     0.257427593E+00
     0.257359582E+00
     0.257269019E+00
     0.257297305E+00
     0.257269019E+00
     0.257223745E+00
     0.257201146E+00
     0.257133350E+00
     0.257043074E+00
     0.257071271E+00
     0.257043074E+00
     0.256997945E+00
     0.256975418E+00
     0.256907839E+00
     0.256817851E+00
     0.256845958E+00
     0.256817852E+00
     0.256772868E+00
     0.256750415E+00
     0.256683054E+00
     0.256593358E+00
     0.256621373E+00
     0.256593358E+00
     0.256548521E+00
     0.256526141E+00
     0.256459001E+00
     0.256369599E+00
     0.256397522E+00
     0.256369599E+00
     0.256324910E+00
     0.256302604E+00
     0.256235685E+00
     0.256146579E+00
     0.256174410E+00
     0.256146579E+00
     0.256102039E+00
     0.256079807E+00
     0.256013112E+00
     0.255924303E+00
     0.255952041E+00
     0.255924303E+00
     0.255879912E+00
     0.255857755E+00
     0.255791284E+00
     0.255702775E+00
     0.255730419E+00
     0.255702775E+00
     0.255658535E+00
     0.255636453E+00
     0.255570208E+00
     0.255481999E+00
     0.255509550E+00
     0.255481999E+00
     0.255437910E+00
     0.255415904E+00
     0.255349886E+00
     0.255261979E+00
     0.255289435E+00
     0.255261979E+00
     0.255218042E+00
     0.255196112E+00
     0.255130321E+00
     0.255042718E+00
     0.255070080E+00
     0.255042718E+00
     0.254998934E+00
     0.254977080E+00
     0.254911518E+00
     0.254824219E+00
     0.254851486E+00
     0.254824219E+00
     0.254780588E+00
     0.254758811E+00
     0.254693478E+00
     0.254606485E+00
     0.254633656E+00
     0.254606485E+00
     0.254563008E+00
     0.254541307E+00
     0.254476204E+00
     0.254389519E+00
     0.254416594E+00
     0.254389519E+00
     0.254346195E+00
     0.254324571E+00
     0.254259700E+00
     0.254173322E+00
     0.254200300E+00
     0.254173322E+00
     0.254130152E+00
     0.254108606E+00
     0.254043965E+00
     0.253957896E+00
     0.253984778E+00
     0.253957896E+00
     0.253914881E+00
     0.253893412E+00
     0.253829003E+00
     0.253743243E+00
     0.253770028E+00
     0.253743243E+00
     0.253700383E+00
     0.253678991E+00
     0.253614815E+00
     0.253529364E+00
     0.253556053E+00
     0.253529364E+00
     0.253486660E+00
     0.253465345E+00
     0.253401402E+00
     0.253316261E+00
     0.253342853E+00
     0.253316261E+00
     0.253273712E+00
     0.253252475E+00
     0.253188764E+00
     0.253103934E+00
     0.253130429E+00
     0.253103934E+00
     0.253061537E+00
     0.253040377E+00
     0.252976894E+00
     0.252892369E+00
     0.252918768E+00
     0.252892369E+00
     0.252850123E+00
     0.252829038E+00
     0.252765783E+00
     0.252681561E+00
     0.252707866E+00
     0.252681561E+00
     0.252639467E+00
     0.252618458E+00
     0.252555431E+00
     0.252471512E+00
     0.252497722E+00
     0.252471512E+00
     0.252429570E+00
     0.252408637E+00
     0.252345838E+00
     0.252262222E+00
     0.252288338E+00
     0.252262222E+00
     0.252220433E+00
     0.252199575E+00
     0.252137004E+00
     0.252053692E+00
     0.252079713E+00
     0.252053692E+00
     0.252012055E+00
     0.251991273E+00
     0.251928930E+00
     0.251845922E+00
     0.251871848E+00
     0.251845922E+00
     0.251804436E+00
     0.251783731E+00
     0.251721615E+00
     0.251638911E+00
     0.251664742E+00
     0.251638911E+00
     0.251597577E+00
     0.251576948E+00
     0.251515060E+00
     0.251432660E+00
     0.251458395E+00
     0.251432660E+00
     0.251391477E+00
     0.251370924E+00
     0.251309263E+00
     0.251227167E+00
     0.251252808E+00
     0.251227167E+00
     0.251186136E+00
     0.251165658E+00
     0.251104225E+00
     0.251022432E+00
     0.251047978E+00
     0.251022432E+00
     0.250981553E+00
     0.250961151E+00
     0.250899945E+00
     0.250818454E+00
     0.250843906E+00
     0.250818454E+00
     0.250777726E+00
     0.250757400E+00
     0.250696421E+00
     0.250615233E+00
     0.250640590E+00
     0.250615233E+00
     0.250574656E+00
     0.250554405E+00
     0.250493653E+00
     0.250412766E+00
     0.250438029E+00
     0.250412767E+00
     0.250372340E+00
     0.250352165E+00
     0.250291638E+00
     0.250211054E+00
     0.250236222E+00
     0.250211054E+00
     0.250170778E+00
     0.250150677E+00
     0.250090377E+00
     0.250010093E+00
     0.250035167E+00
     0.250010093E+00
     0.249969967E+00
     0.249949942E+00
     0.249889866E+00
     0.249809883E+00
     0.249834863E+00
     0.249809883E+00
     0.249769907E+00
     0.249749956E+00
     0.249690105E+00
     0.249610421E+00
     0.249635308E+00
     0.249610421E+00
     0.249570594E+00
     0.249550719E+00
     0.249491091E+00
     0.249411706E+00
     0.249436500E+00
     0.249411706E+00
     0.249372028E+00
     0.249352227E+00
     0.249292823E+00
     0.249213736E+00
     0.249238436E+00
     0.249213736E+00
     0.249174206E+00
     0.249154479E+00
     0.249095298E+00
     0.249016508E+00
     0.249041115E+00
     0.249016508E+00
     0.248977126E+00
     0.248957473E+00
     0.248898514E+00
     0.248820019E+00
     0.248844535E+00
     0.248820020E+00
     0.248780785E+00
     0.248761206E+00
     0.248702468E+00
     0.248624269E+00
     0.248648692E+00
     0.248624269E+00
     0.248585182E+00
     0.248565676E+00
     0.248507158E+00
     0.248429253E+00
     0.248453584E+00
     0.248429253E+00
     0.248390312E+00
     0.248370879E+00
     0.248312582E+00
     0.248234969E+00
     0.248259208E+00
     0.248234969E+00
     0.248196174E+00
     0.248176814E+00
     0.248118735E+00
     0.248041414E+00
     0.248065562E+00
     0.248041414E+00
     0.248002764E+00
     0.247983477E+00
     0.247925616E+00
     0.247848585E+00
     0.247872643E+00
     0.247848585E+00
     0.247810080E+00
     0.247790865E+00
     0.247733221E+00
     0.247656479E+00
     0.247680447E+00
     0.247656479E+00
     0.247618118E+00
     0.247598975E+00
     0.247541546E+00
     0.247465093E+00
     0.247488970E+00
     0.247465093E+00
     0.247426875E+00
     0.247407803E+00
     0.247350590E+00
     0.247274423E+00
     0.247298211E+00
     0.247274423E+00
     0.247236347E+00
     0.247217347E+00
     0.247160347E+00
     0.247084466E+00
     0.247108164E+00
     0.247084466E+00
     0.247046531E+00
     0.247027602E+00
     0.246970815E+00
     0.246895217E+00
     0.246918827E+00
     0.246895218E+00
     0.246857424E+00
     0.246838566E+00
     0.246781990E+00
     0.246706675E+00
     0.246730196E+00
     0.246706675E+00
     0.246669021E+00
     0.246650233E+00
     0.246593868E+00
     0.246518833E+00
     0.246542267E+00
     0.246518833E+00
     0.246481320E+00
     0.246462601E+00
     0.246406445E+00
     0.246331689E+00
     0.246355036E+00
     0.246331690E+00
     0.246294314E+00
     0.246275665E+00
     0.246219717E+00
     0.246145239E+00
     0.246168499E+00
     0.246145239E+00
     0.246108002E+00
     0.246089421E+00
     0.246033680E+00
     0.245959478E+00
     0.245982652E+00
     0.245959478E+00
     0.245922378E+00
     0.245903866E+00
     0.245848330E+00
     0.245774402E+00
     0.245797490E+00
     0.245774403E+00
     0.245737438E+00
     0.245718994E+00
     0.245663663E+00
     0.245590007E+00
     0.245613010E+00
     0.245590007E+00
     0.245553178E+00
     0.245534802E+00
     0.245479673E+00
     0.245406288E+00
     0.245429206E+00
     0.245406288E+00
     0.245369593E+00
     0.245351284E+00
     0.245296357E+00
     0.245223241E+00
     0.245246075E+00
     0.245223241E+00
     0.245186679E+00
     0.245168436E+00
     0.245113709E+00
     0.245040860E+00
     0.245063611E+00
     0.245040860E+00
     0.245004431E+00
     0.244986254E+00
     0.244931726E+00
     0.244859142E+00
     0.244881810E+00
     0.244859142E+00
     0.244822844E+00
     0.244804733E+00
     0.244750402E+00
     0.244678081E+00
     0.244700666E+00
     0.244678081E+00
     0.244641913E+00
     0.244623867E+00
     0.244569732E+00
     0.244497672E+00
     0.244520176E+00
     0.244497672E+00
     0.244461633E+00
     0.244443653E+00
     0.244389711E+00
     0.244317910E+00
     0.244340333E+00
     0.244317911E+00
     0.244282000E+00
     0.244264083E+00
     0.244210335E+00
     0.244138791E+00
     0.244161133E+00
     0.244138791E+00
     0.244103007E+00
     0.244085155E+00
     0.244031597E+00
     0.243960308E+00
     0.243982571E+00
     0.243960308E+00
     0.243924651E+00
     0.243906861E+00
     0.243853493E+00
     0.243782456E+00
     0.243804640E+00
     0.243782457E+00
     0.243746924E+00
     0.243729197E+00
     0.243676016E+00
     0.243605231E+00
     0.243627337E+00
     0.243605231E+00
     0.243569822E+00
     0.243552158E+00
     0.243499163E+00
     0.243428626E+00
     0.243450654E+00
     0.243428626E+00
     0.243393340E+00
     0.243375737E+00
     0.243322927E+00
     0.243252636E+00
     0.243274587E+00
     0.243252636E+00
     0.243217472E+00
     0.243199929E+00
     0.243147302E+00
     0.243077255E+00
     0.243099129E+00
     0.243077255E+00
     0.243042211E+00
     0.243024729E+00
     0.242972282E+00
     0.242902477E+00
     0.242924276E+00
     0.242902477E+00
     0.242867552E+00
     0.242850130E+00
     0.242797862E+00
     0.242728296E+00
     0.242750021E+00
     0.242728296E+00
     0.242693490E+00
     0.242676126E+00
     0.242624036E+00
     0.242554707E+00
     0.242576357E+00
     0.242554707E+00
     0.242520018E+00
     0.242502713E+00
     0.242450798E+00
     0.242381704E+00
     0.242403281E+00
     0.242381704E+00
     0.242347130E+00
     0.242329883E+00
     0.242278142E+00
     0.242209279E+00
     0.242230784E+00
     0.242209279E+00
     0.242174819E+00
     0.242157630E+00
     0.242106061E+00
     0.242037428E+00
     0.242058860E+00
     0.242037428E+00
     0.242003081E+00
     0.241985948E+00
     0.241934549E+00
     0.241866143E+00
     0.241887505E+00
     0.241866144E+00
     0.241831908E+00
     0.241814832E+00
     0.241763601E+00
     0.241695419E+00
     0.241716711E+00
     0.241695419E+00
     0.241661295E+00
     0.241644273E+00
     0.241593209E+00
     0.241525249E+00
     0.241546471E+00
     0.241525249E+00
     0.241491234E+00
     0.241474267E+00
     0.241423367E+00
     0.241355626E+00
     0.241376780E+00
     0.241355626E+00
     0.241321719E+00
     0.241304806E+00
     0.241254068E+00
     0.241186544E+00
     0.241207630E+00
     0.241186545E+00
     0.241152744E+00
     0.241135884E+00
     0.241085306E+00
     0.241017997E+00
     0.241039015E+00
     0.241017997E+00
     0.240984301E+00
     0.240967495E+00
     0.240917075E+00
     0.240849977E+00
     0.240870929E+00
     0.240849977E+00
     0.240816385E+00
     0.240799630E+00
     0.240749367E+00
     0.240682477E+00
     0.240703365E+00
     0.240682478E+00
     0.240648988E+00
     0.240632285E+00
     0.240582175E+00
     0.240515492E+00
     0.240536315E+00
     0.240515492E+00
     0.240482104E+00
     0.240465451E+00
     0.240415494E+00
     0.240349014E+00
     0.240369773E+00
     0.240349014E+00
     0.240315725E+00
     0.240299122E+00
     0.240249315E+00
     0.240183036E+00
     0.240203732E+00
     0.240183036E+00
     0.240149845E+00
     0.240133292E+00
     0.240083632E+00
     0.240017550E+00
     0.240038185E+00
     0.240017551E+00
     0.239984457E+00
     0.239967952E+00
     0.239918438E+00
     0.239852551E+00
     0.239873125E+00
     0.239852552E+00
     0.239819553E+00
     0.239803096E+00
     0.239753726E+00
     0.239688031E+00
     0.239708545E+00
     0.239688032E+00
     0.239655127E+00
     0.239638717E+00
     0.239589489E+00
     0.239523983E+00
     0.239544437E+00
     0.239523983E+00
     0.239491171E+00
     0.239474808E+00
     0.239425719E+00
     0.239360400E+00
     0.239380796E+00
     0.239360400E+00
     0.239327679E+00
     0.239311362E+00
     0.239262409E+00
     0.239197274E+00
     0.239217612E+00
     0.239197274E+00
     0.239164643E+00
     0.239148370E+00
     0.239099553E+00
     0.239034598E+00
     0.239054880E+00
     0.239034598E+00
     0.239002055E+00
     0.238985827E+00
     0.238937143E+00
     0.238872366E+00
     0.238892592E+00
     0.238872366E+00
     0.238839909E+00
     0.238823725E+00
     0.238775171E+00
     0.238710569E+00
     0.238730741E+00
     0.238710569E+00
     0.238678198E+00
     0.238662056E+00
     0.238613631E+00
     0.238549201E+00
     0.238569319E+00
     0.238549201E+00
     0.238516914E+00
     0.238500814E+00
     0.238452515E+00
     0.238388254E+00
     0.238408319E+00
     0.238388254E+00
     0.238356049E+00
     0.238339991E+00
     0.238291816E+00
     0.238227722E+00
     0.238247734E+00
     0.238227722E+00
     0.238195597E+00
     0.238179580E+00
     0.238131527E+00
     0.238067596E+00
     0.238087557E+00
     0.238067596E+00
     0.238035551E+00
     0.238019573E+00
     0.237971640E+00
     0.237907869E+00
     0.237927781E+00
     0.237907869E+00
     0.237875902E+00
     0.237859964E+00
     0.237812149E+00
     0.237748535E+00
     0.237768397E+00
     0.237748535E+00
     0.237716645E+00
     0.237700745E+00
     0.237653045E+00
     0.237589586E+00
     0.237609400E+00
     0.237589587E+00
     0.237557771E+00
     0.237541909E+00
     0.237494322E+00
     0.237431016E+00
     0.237450782E+00
     0.237431016E+00
     0.237399274E+00
     0.237383448E+00
     0.237335973E+00
     0.237272816E+00
     0.237292535E+00
     0.237272816E+00
     0.237241146E+00
     0.237225357E+00
     0.237177991E+00
     0.237114980E+00
     0.237134653E+00
     0.237114980E+00
     0.237083381E+00
     0.237067628E+00
     0.237020368E+00
     0.236957501E+00
     0.236977129E+00
     0.236957501E+00
     0.236925971E+00
     0.236910253E+00
     0.236863099E+00
     0.236800372E+00
     0.236819956E+00
     0.236800372E+00
     0.236768910E+00
     0.236753226E+00
     0.236706175E+00
     0.236643586E+00
     0.236663127E+00
     0.236643586E+00
     0.236612191E+00
     0.236596541E+00
     0.236549591E+00
     0.236487137E+00
     0.236506636E+00
     0.236487137E+00
     0.236455808E+00
     0.236440190E+00
     0.236393339E+00
     0.236331018E+00
     0.236350475E+00
     0.236331019E+00
     0.236299753E+00
     0.236284168E+00
     0.236237414E+00
     0.236175223E+00
     0.236194640E+00
     0.236175224E+00
     0.236144021E+00
     0.236128468E+00
     0.236081809E+00
     0.236019746E+00
     0.236039122E+00
     0.236019746E+00
     0.235988605E+00
     0.235973083E+00
     0.235926517E+00
     0.235864580E+00
     0.235883917E+00
     0.235864581E+00
     0.235833500E+00
     0.235818008E+00
     0.235771534E+00
     0.235709721E+00
     0.235729019E+00
     0.235709721E+00
     0.235678699E+00
     0.235663238E+00
     0.235616854E+00
     0.235555161E+00
     0.235574421E+00
     0.235555161E+00
     0.235524198E+00
     0.235508766E+00
     0.235462470E+00
     0.235400896E+00
     0.235420119E+00
     0.235400897E+00
     0.235369991E+00
     0.235354588E+00
     0.235308379E+00
     0.235246922E+00
     0.235266108E+00
     0.235246922E+00
     0.235216072E+00
     0.235200698E+00
     0.235154574E+00
     0.235093233E+00
     0.235112383E+00
     0.235093233E+00
     0.235062438E+00
     0.235047092E+00
     0.235001053E+00
     0.234939825E+00
     0.234958939E+00
     0.234939825E+00
     0.234909085E+00
     0.234893766E+00
     0.234847810E+00
     0.234786694E+00
     0.234805773E+00
     0.234786694E+00
     0.234756008E+00
     0.234740717E+00
     0.234694843E+00
     0.234633837E+00
     0.234652882E+00
     0.234633837E+00
     0.234603204E+00
     0.234587940E+00
     0.234542147E+00
     0.234481251E+00
     0.234500261E+00
     0.234481251E+00
     0.234450671E+00
     0.234435434E+00
     0.234389721E+00
     0.234328934E+00
     0.234347910E+00
     0.234328934E+00
     0.234298407E+00
     0.234283196E+00
     0.234237564E+00
     0.234176884E+00
     0.234195826E+00
     0.234176884E+00
     0.234146409E+00
     0.234131225E+00
     0.234085672E+00
     0.234025100E+00
     0.234044009E+00
     0.234025100E+00
     0.233994678E+00
     0.233979520E+00
     0.233934047E+00
     0.233873583E+00
     0.233892458E+00
     0.233873583E+00
     0.233843213E+00
     0.233828082E+00
     0.233782689E+00
     0.233722333E+00
     0.233741174E+00
     0.233722333E+00
     0.233692016E+00
     0.233676912E+00
     0.233631600E+00
     0.233571352E+00
     0.233590159E+00
     0.233571352E+00
     0.233541089E+00
     0.233526012E+00
     0.233480782E+00
     0.233420644E+00
     0.233439416E+00
     0.233420644E+00
     0.233390435E+00
     0.233375386E+00
     0.233330239E+00
     0.233270213E+00
     0.233288950E+00
     0.233270213E+00
     0.233240060E+00
     0.233225040E+00
     0.233179977E+00
     0.233120066E+00
     0.233138767E+00
     0.233120066E+00
     0.233089971E+00
     0.233074979E+00
     0.233030004E+00
     0.232970211E+00
     0.232988875E+00
     0.232970211E+00
     0.232940175E+00
     0.232925213E+00
     0.232880329E+00
     0.232820657E+00
     0.232839283E+00
     0.232820657E+00
     0.232790684E+00
     0.232775754E+00
     0.232730964E+00
     0.232671419E+00
     0.232690005E+00
     0.232671419E+00
     0.232641511E+00
     0.232626614E+00
     0.232581923E+00
     0.232522512E+00
     0.232541056E+00
     0.232522512E+00
     0.232492673E+00
     0.232477811E+00
     0.232433225E+00
     0.232373955E+00
     0.232392455E+00
     0.232373955E+00
     0.232344190E+00
     0.232329365E+00
     0.232284891E+00
     0.232225771E+00
     0.232244224E+00
     0.232225771E+00
     0.232196086E+00
     0.232181301E+00
     0.232136948E+00
     0.232077990E+00
     0.232096392E+00
     0.232077990E+00
     0.232048391E+00
     0.232033650E+00
     0.231989427E+00
     0.231930645E+00
     0.231948992E+00
     0.231930645E+00
     0.231901141E+00
     0.231886448E+00
     0.231842369E+00
     0.231783779E+00
     0.231802066E+00
     0.231783779E+00
     0.231754380E+00
     0.231739740E+00
     0.231695819E+00
     0.231637442E+00
     0.231655662E+00
     0.231637442E+00
     0.231608161E+00
     0.231593580E+00
     0.231549837E+00
     0.231491696E+00
     0.231509843E+00
     0.231491696E+00
     0.231462549E+00
     0.231448035E+00
     0.231404493E+00
     0.231346620E+00
     0.231364683E+00
     0.231346620E+00
     0.231317626E+00
     0.231303188E+00
     0.231259875E+00
     0.231202309E+00
     0.231220276E+00
     0.231202309E+00
     0.231173492E+00
     0.231159143E+00
     0.231116096E+00
     0.231058884E+00
     0.231076740E+00
     0.231058884E+00
     0.231030275E+00
     0.231016030E+00
     0.230973295E+00
     0.230916499E+00
     0.230934225E+00
     0.230916499E+00
     0.230888139E+00
     0.230874019E+00
     0.230831656E+00
     0.230775355E+00
     0.230792927E+00
     0.230775355E+00
     0.230747299E+00
     0.230733330E+00
     0.230691420E+00
     0.230635722E+00
     0.230653105E+00
     0.230635722E+00
     0.230608043E+00
     0.230594261E+00
     0.230552915E+00
     0.230497966E+00
     0.230515116E+00
     0.230497966E+00
     0.230470770E+00
     0.230457229E+00
     0.230416604E+00
     0.230362611E+00
     0.230379463E+00
     0.230362611E+00
     0.230336058E+00
     0.230322835E+00
     0.230283168E+00
     0.230230445E+00
     0.230246900E+00
     0.230230445E+00
     0.230204791E+00
     0.230192015E+00
     0.230153686E+00
     0.230102740E+00
     0.230118641E+00
     0.230102740E+00
     0.230078453E+00
     0.230066356E+00
     0.230030065E+00
     0.229981820E+00
     0.229996879E+00
     0.229981820E+00
     0.229959992E+00
     0.229949116E+00
     0.229916486E+00
     0.229873098E+00
     0.229886643E+00
     0.229873098E+00
     0.229848423E+00
     0.229836134E+00
     0.229799268E+00
     0.229750264E+00
     0.229765559E+00
     0.229750264E+00
     0.229722398E+00
     0.229708529E+00
     0.229666919E+00
     0.229611633E+00
     0.229628886E+00
     0.229611633E+00
     0.229580494E+00
     0.229565004E+00
     0.229518533E+00
     0.229456818E+00
     0.229476074E+00
     0.229456818E+00
     0.229421745E+00
     0.229404310E+00
     0.229352006E+00
     0.229282583E+00
     0.229304239E+00
     0.229282583E+00
     0.229244135E+00
     0.229225036E+00
     0.229167737E+00
     0.229091723E+00
     0.229115430E+00
     0.229091722E+00
     0.229053678E+00
     0.229034780E+00
     0.228978084E+00
     0.228902872E+00
     0.228926329E+00
     0.228902872E+00
     0.228865191E+00
     0.228846474E+00
     0.228790322E+00
     0.228715835E+00
     0.228739065E+00
     0.228715835E+00
     0.228678523E+00
     0.228659991E+00
     0.228604392E+00
     0.228530642E+00
     0.228553642E+00
     0.228530642E+00
     0.228493704E+00
     0.228475358E+00
     0.228420319E+00
     0.228347313E+00
     0.228370081E+00
     0.228347313E+00
     0.228310752E+00
     0.228292593E+00
     0.228238117E+00
     0.228165861E+00
     0.228188395E+00
     0.228165860E+00
     0.228129703E+00
     0.228111747E+00
     0.228057875E+00
     0.227986422E+00
     0.228008705E+00
     0.227986422E+00
     0.227950964E+00
     0.227933354E+00
     0.227880523E+00
     0.227810449E+00
     0.227832302E+00
     0.227810449E+00
     0.227775531E+00
     0.227758190E+00
     0.227706165E+00
     0.227637161E+00
     0.227658680E+00
     0.227637161E+00
     0.227602670E+00
     0.227585541E+00
     0.227534154E+00
     0.227465997E+00
     0.227487252E+00
     0.227465997E+00
     0.227431858E+00
     0.227414904E+00
     0.227364043E+00
     0.227296586E+00
     0.227317622E+00
     0.227296586E+00
     0.227262746E+00
     0.227245943E+00
     0.227195531E+00
     0.227128673E+00
     0.227149522E+00
     0.227128673E+00
     0.227095097E+00
     0.227078425E+00
     0.227028408E+00
     0.226962079E+00
     0.226982763E+00
     0.226962078E+00
     0.226928740E+00
     0.226912187E+00
     0.226862527E+00
     0.226796674E+00
     0.226817209E+00
     0.226796674E+00
     0.226763554E+00
     0.226747111E+00
     0.226697780E+00
     0.226632367E+00
     0.226652764E+00
     0.226632367E+00
     0.226599452E+00
     0.226583112E+00
     0.226534090E+00
     0.226469091E+00
     0.226489359E+00
     0.226469091E+00
     0.226436476E+00
     0.226420286E+00
     0.226371716E+00
     0.226307317E+00
     0.226327397E+00
     0.226307317E+00
     0.226275037E+00
     0.226259014E+00
     0.226210943E+00
     0.226147211E+00
     0.226167083E+00
     0.226147211E+00
     0.226115259E+00
     0.226099400E+00
     0.226051821E+00
     0.225988745E+00
     0.226008412E+00
     0.225988744E+00
     0.225957116E+00
     0.225941418E+00
     0.225894324E+00
     0.225831891E+00
     0.225851357E+00
     0.225831891E+00
     0.225800581E+00
     0.225785042E+00
     0.225738424E+00
     0.225676625E+00
     0.225695893E+00
     0.225676625E+00
     0.225645627E+00
     0.225630245E+00
     0.225584095E+00
     0.225522921E+00
     0.225541994E+00
     0.225522921E+00
     0.225492231E+00
     0.225477002E+00
     0.225431314E+00
     0.225370754E+00
     0.225389635E+00
     0.225370753E+00
     0.225340367E+00
     0.225325289E+00
     0.225280054E+00
     0.225220099E+00
     0.225238791E+00
     0.225220099E+00
     0.225190010E+00
     0.225175082E+00
     0.225130294E+00
     0.225070934E+00
     0.225089441E+00
     0.225070934E+00
     0.225041139E+00
     0.225026357E+00
     0.224982010E+00
     0.224923237E+00
     0.224941560E+00
     0.224923237E+00
     0.224893731E+00
     0.224879094E+00
     0.224835181E+00
     0.224776986E+00
     0.224795128E+00
     0.224776986E+00
     0.224747766E+00
     0.224733271E+00
     0.224689786E+00
     0.224632161E+00
     0.224650125E+00
     0.224632161E+00
     0.224603223E+00
     0.224588869E+00
     0.224545805E+00
     0.224488744E+00
     0.224506532E+00
     0.224488743E+00
     0.224460083E+00
     0.224445868E+00
     0.224403221E+00
     0.224346715E+00
     0.224364330E+00
     0.224346715E+00
     0.224318329E+00
     0.224304251E+00
     0.224262016E+00
     0.224206059E+00
     0.224223502E+00
     0.224206059E+00
     0.224177944E+00
     0.224164002E+00
     0.224122174E+00
     0.224066760E+00
     0.224084033E+00
     0.224066760E+00
     0.224038913E+00
     0.224025105E+00
     0.223983680E+00
     0.223928803E+00
     0.223945908E+00
     0.223928802E+00
     0.223901221E+00
     0.223887546E+00
     0.223846519E+00
     0.223792175E+00
     0.223809114E+00
     0.223792174E+00
     0.223764856E+00
     0.223751312E+00
     0.223710681E+00
     0.223656863E+00
     0.223673637E+00
     0.223656862E+00
     0.223629805E+00
     0.223616392E+00
     0.223576152E+00
     0.223522857E+00
     0.223539467E+00
     0.223522856E+00
     0.223496057E+00
     0.223482774E+00
     0.223442922E+00
     0.223390146E+00
     0.223406594E+00
     0.223390145E+00
     0.223363603E+00
     0.223350448E+00
     0.223310983E+00
     0.223258722E+00
     0.223275009E+00
     0.223258721E+00
     0.223232434E+00
     0.223219407E+00
     0.223180325E+00
     0.223128576E+00
     0.223144704E+00
     0.223128576E+00
     0.223102543E+00
     0.223089643E+00
     0.223050943E+00
     0.222999704E+00
     0.223015672E+00
     0.222999703E+00
     0.222973923E+00
     0.222961150E+00
     0.222922829E+00
     0.222872098E+00
     0.222887907E+00
     0.222872097E+00
     0.222846569E+00
     0.222833922E+00
     0.222795980E+00
     0.222745755E+00
     0.222761406E+00
     0.222745755E+00
     0.222720477E+00
     0.222707956E+00
     0.222670392E+00
     0.222620672E+00
     0.222636165E+00
     0.222620671E+00
     0.222595644E+00
     0.222583249E+00
     0.222546062E+00
     0.222496846E+00
     0.222512181E+00
     0.222496846E+00
     0.222472069E+00
     0.222459799E+00
     0.222422989E+00
     0.222374277E+00
     0.222389455E+00
     0.222374276E+00
     0.222349750E+00
     0.222337606E+00
     0.222301173E+00
     0.222252965E+00
     0.222267985E+00
     0.222252964E+00
     0.222228688E+00
     0.222216670E+00
     0.222180615E+00
     0.222132911E+00
     0.222147773E+00
     0.222132910E+00
     0.222108885E+00
     0.222096993E+00
     0.222061315E+00
     0.222014117E+00
     0.222028821E+00
     0.222014117E+00
     0.221990343E+00
     0.221978578E+00
     0.221943279E+00
     0.221896588E+00
     0.221911133E+00
     0.221896587E+00
     0.221873066E+00
     0.221861428E+00
     0.221826510E+00
     0.221780328E+00
     0.221794714E+00
     0.221780327E+00
     0.221757060E+00
     0.221745548E+00
     0.221711013E+00
     0.221665343E+00
     0.221679568E+00
     0.221665342E+00
     0.221642329E+00
     0.221630946E+00
     0.221596795E+00
     0.221551639E+00
     0.221565704E+00
     0.221551638E+00
     0.221528882E+00
     0.221517628E+00
     0.221483863E+00
     0.221439226E+00
     0.221453128E+00
     0.221439225E+00
     0.221416727E+00
     0.221405603E+00
     0.221372228E+00
     0.221328112E+00
     0.221341851E+00
     0.221328111E+00
     0.221305874E+00
     0.221294880E+00
     0.221261898E+00
     0.221218308E+00
     0.221231883E+00
     0.221218307E+00
     0.221196333E+00
     0.221185472E+00
     0.221152886E+00
     0.221109826E+00
     0.221123235E+00
     0.221109826E+00
     0.221088117E+00
     0.221077389E+00
     0.221045203E+00
     0.221002680E+00
     0.221015920E+00
     0.221002679E+00
     0.220981238E+00
     0.220970645E+00
     0.220938864E+00
     0.220896882E+00
     0.220909953E+00
     0.220896881E+00
     0.220875712E+00
     0.220865255E+00
     0.220833883E+00
     0.220792450E+00
     0.220805349E+00
     0.220792449E+00
     0.220771553E+00
     0.220761235E+00
     0.220730277E+00
     0.220689399E+00
     0.220702125E+00
     0.220689398E+00
     0.220668781E+00
     0.220658602E+00
     0.220628064E+00
     0.220587748E+00
     0.220600298E+00
     0.220587747E+00
     0.220567412E+00
     0.220557375E+00
     0.220527262E+00
     0.220487517E+00
     0.220499888E+00
     0.220487516E+00
     0.220467466E+00
     0.220457573E+00
     0.220427893E+00
     0.220388726E+00
     0.220400916E+00
     0.220388725E+00
     0.220368966E+00
     0.220359219E+00
     0.220329977E+00
     0.220291398E+00
     0.220303403E+00
     0.220291397E+00
     0.220271933E+00
     0.220262334E+00
     0.220233538E+00
     0.220195556E+00
     0.220207375E+00
     0.220195555E+00
     0.220176391E+00
     0.220166944E+00
     0.220138600E+00
     0.220101226E+00
     0.220112854E+00
     0.220101225E+00
     0.220082366E+00
     0.220073073E+00
     0.220045190E+00
     0.220008434E+00
     0.220019869E+00
     0.220008433E+00
     0.219989885E+00
     0.219980748E+00
     0.219953336E+00
     0.219917209E+00
     0.219928447E+00
     0.219917208E+00
     0.219898977E+00
     0.219889999E+00
     0.219863065E+00
     0.219827581E+00
     0.219838617E+00
     0.219827579E+00
     0.219809671E+00
     0.219800856E+00
     0.219774410E+00
     0.219739580E+00
     0.219750412E+00
     0.219739579E+00
     0.219722000E+00
     0.219713351E+00
     0.219687403E+00
     0.219653240E+00
     0.219663863E+00
     0.219653239E+00
     0.219635996E+00
     0.219627517E+00
     0.219602078E+00
     0.219568597E+00
     0.219579006E+00
     0.219568596E+00
     0.219551696E+00
     0.219543390E+00
     0.219518470E+00
     0.219485686E+00
     0.219495877E+00
     0.219485684E+00
     0.219469137E+00
     0.219461008E+00
     0.219436618E+00
     0.219404546E+00
     0.219414514E+00
     0.219404545E+00
     0.219388356E+00
     0.219380408E+00
     0.219356562E+00
     0.219325218E+00
     0.219334957E+00
     0.219325216E+00
     0.219309395E+00
     0.219301633E+00
     0.219278342E+00
     0.219247743E+00
     0.219257249E+00
     0.219247742E+00
     0.219232297E+00
     0.219224724E+00
     0.219202003E+00
     0.219172167E+00
     0.219181434E+00
     0.219172166E+00
     0.219157107E+00
     0.219149729E+00
     0.219127590E+00
     0.219098536E+00
     0.219107559E+00
     0.219098535E+00
     0.219083872E+00
     0.219076692E+00
     0.219055151E+00
     0.219026900E+00
     0.219035671E+00
     0.219026898E+00
     0.219012640E+00
     0.219005665E+00
     0.218984738E+00
     0.218957308E+00
     0.218965822E+00
     0.218957307E+00
     0.218943465E+00
     0.218936700E+00
     0.218916401E+00
     0.218889816E+00
     0.218898065E+00
     0.218889814E+00
     0.218876400E+00
     0.218869850E+00
     0.218850198E+00
     0.218824479E+00
     0.218832457E+00
     0.218824478E+00
     0.218811502E+00
     0.218805174E+00
     0.218786185E+00
     0.218761357E+00
     0.218769056E+00
     0.218761356E+00
     0.218748832E+00
     0.218742731E+00
     0.218724425E+00
     0.218700513E+00
     0.218707925E+00
     0.218700511E+00
     0.218688452E+00
     0.218682585E+00
     0.218664982E+00
     0.218642011E+00
     0.218649128E+00
     0.218642010E+00
     0.218630428E+00
     0.218624803E+00
     0.218607922E+00
     0.218585921E+00
     0.218592734E+00
     0.218585920E+00
     0.218574831E+00
     0.218569454E+00
     0.218553318E+00
     0.218532316E+00
     0.218538816E+00
     0.218532315E+00
     0.218521734E+00
     0.218516612E+00
     0.218501244E+00
     0.218481272E+00
     0.218487450E+00
     0.218481271E+00
     0.218471418E+00
     0.218466655E+00
     0.218452365E+00
     0.218433817E+00
     0.218439551E+00
     0.218433815E+00
     0.218424769E+00
     0.218420403E+00
     0.218407299E+00
     0.218390309E+00
     0.218395560E+00
     0.218390308E+00
     0.218382009E+00
     0.218378009E+00
     0.218366006E+00
     0.218350461E+00
     0.218355263E+00
     0.218350460E+00
     0.218342861E+00
     0.218339205E+00
     0.218328233E+00
     0.218314045E+00
     0.218318425E+00
     0.218314043E+00
     0.218307105E+00
     0.218303773E+00
     0.218293775E+00
     0.218280869E+00
     0.218284850E+00
     0.218280868E+00
     0.218274556E+00
     0.218271533E+00
     0.218262461E+00
     0.218250773E+00
     0.218254376E+00
     0.218250772E+00
     0.218245058E+00
     0.218242330E+00
     0.218234142E+00
     0.218223619E+00
     0.218226859E+00
     0.218223618E+00
     0.218218477E+00
     0.218216031E+00
     0.218208690E+00
     0.218199284E+00
     0.218202176E+00
     0.218199283E+00
     0.218194693E+00
     0.218192518E+00
     0.218185992E+00
     0.218177661E+00
     0.218180219E+00
     0.218177660E+00
     0.218173601E+00
     0.218171688E+00
     0.218165948E+00
     0.218158653E+00
     0.218160889E+00
     0.218158652E+00
     0.218155107E+00
     0.218153447E+00
     0.218148467E+00
     0.218142174E+00
     0.218144098E+00
     0.218142173E+00
     0.218139125E+00
     0.218137710E+00
     0.218133466E+00
     0.218128144E+00
     0.218129766E+00
     0.218128143E+00
     0.218125577E+00
     0.218124400E+00
     0.218120869E+00
     0.218116490E+00
     0.218117818E+00
     0.218116489E+00
     0.218114390E+00
     0.218113445E+00
     0.218110607E+00
     0.218107144E+00
     0.218108187E+00
     0.218107143E+00
     0.218105499E+00
     0.218104779E+00
     0.218102616E+00
     0.218100042E+00
     0.218100808E+00
     0.218100042E+00
     0.218098841E+00
     0.218098340E+00
     0.218096833E+00
     0.218095127E+00
     0.218095623E+00
     0.218095126E+00
     0.218094358E+00
     0.218094069E+00
     0.218093203E+00
     0.218092342E+00
     0.218092575E+00
     0.218092341E+00
     0.218091994E+00
     0.218091913E+00
     0.218091671E+00
     0.218091635E+00
     0.218091611E+00
     0.218091634E+00
     0.218091697E+00
     0.218091820E+00
     0.218092187E+00
     0.218092956E+00
     0.218092681E+00
     0.218092955E+00
     0.218093420E+00
     0.218093741E+00
     0.218094702E+00
     0.218096258E+00
     0.218095738E+00
     0.218096257E+00
     0.218097114E+00
     0.218097629E+00
     0.218099172E+00
     0.218101496E+00
     0.218100737E+00
     0.218101495E+00
     0.218102735E+00
     0.218103439E+00
     0.218105551E+00
     0.218108627E+00
     0.218107634E+00
     0.218108626E+00
     0.218110241E+00
     0.218111131E+00
     0.218113799E+00
     0.218117609E+00
     0.218116387E+00
     0.218117609E+00
     0.218119590E+00
     0.218120662E+00
     0.218123874E+00
     0.218128404E+00
     0.218126958E+00
     0.218128404E+00
     0.218130745E+00
     0.218131994E+00
     0.218135739E+00
     0.218140974E+00
     0.218139309E+00
     0.218140974E+00
     0.218143666E+00
     0.218145089E+00
     0.218149357E+00
     0.218155282E+00
     0.218153402E+00
     0.218155282E+00
     0.218158319E+00
     0.218159913E+00
     0.218164692E+00
     0.218171294E+00
     0.218169203E+00
     0.218171294E+00
     0.218174669E+00
     0.218176430E+00
     0.218181711E+00
     0.218188976E+00
     0.218186678E+00
     0.218188975E+00
     0.218192682E+00
     0.218194607E+00
     0.218200380E+00
     0.218208295E+00
     0.218205795E+00
     0.218208295E+00
     0.218212327E+00
     0.218214412E+00
     0.218220668E+00
     0.218229221E+00
     0.218226522E+00
     0.218229221E+00
     0.218233572E+00
     0.218235815E+00
     0.218242544E+00
     0.218251724E+00
     0.218248830E+00
     0.218251724E+00
     0.218256388E+00
     0.218258787E+00
     0.218265980E+00
     0.218275775E+00
     0.218272689E+00
     0.218275775E+00
     0.218280747E+00
     0.218283297E+00
     0.218290948E+00
     0.218301346E+00
     0.218298073E+00
     0.218301346E+00
     0.218306620E+00
     0.218309320E+00
     0.218317420E+00
     0.218328411E+00
     0.218324953E+00
     0.218328411E+00
     0.218333982E+00
     0.218336829E+00
     0.218345369E+00
     0.218356944E+00
     0.218353304E+00
     0.218356944E+00
     0.218362807E+00
     0.218365799E+00
     0.218374772E+00
     0.218386920E+00
     0.218383101E+00
     0.218386920E+00
     0.218393070E+00
     0.218396204E+00
     0.218405603E+00
     0.218418315E+00
     0.218414321E+00
     0.218418315E+00
     0.218424748E+00
     0.218428021E+00
     0.218437840E+00
     0.218451106E+00
     0.218446939E+00
     0.218451106E+00
     0.218457817E+00
     0.218461228E+00
     0.218471460E+00
     0.218485272E+00
     0.218480935E+00
     0.218485271E+00
     0.218492256E+00
     0.218495802E+00
     0.218506441E+00
     0.218520790E+00
     0.218516286E+00
     0.218520790E+00
     0.218528044E+00
     0.218531724E+00
     0.218542762E+00
     0.218557640E+00
     0.218552971E+00
     0.218557640E+00
     0.218565160E+00
     0.218568971E+00
     0.218580403E+00
     0.218595803E+00
     0.218590972E+00
     0.218595803E+00
     0.218603585E+00
     0.218607525E+00
     0.218619346E+00
     0.218635260E+00
     0.218630268E+00
     0.218635260E+00
     0.218643299E+00
     0.218647367E+00
     0.218659571E+00
     0.218675992E+00
     0.218670842E+00
     0.218675992E+00
     0.218684286E+00
     0.218688480E+00
     0.218701062E+00
     0.218717981E+00
     0.218712676E+00
     0.218717981E+00
     0.218726526E+00
     0.218730845E+00
     0.218743799E+00
     0.218761212E+00
     0.218755754E+00
     0.218761212E+00
     0.218770005E+00
     0.218774446E+00
     0.218787769E+00
     0.218805668E+00
     0.218800058E+00
     0.218805668E+00
     0.218814705E+00
     0.218819268E+00
     0.218832953E+00
     0.218851333E+00
     0.218845573E+00
     0.218851333E+00
     0.218860613E+00
     0.218865294E+00
     0.218879339E+00
     0.218898193E+00
     0.218892286E+00
     0.218898193E+00
     0.218907712E+00
     0.218912512E+00
     0.218926911E+00
     0.218946234E+00
     0.218940181E+00
     0.218946234E+00
     0.218955989E+00
     0.218960906E+00
     0.218975656E+00
     0.218995443E+00
     0.218989245E+00
     0.218995443E+00
     0.219005431E+00
     0.219010464E+00
     0.219025560E+00
     0.219045806E+00
     0.219039465E+00
     0.219045806E+00
     0.219056026E+00
     0.219061173E+00
     0.219076613E+00
     0.219097312E+00
     0.219090830E+00
     0.219097312E+00
     0.219107761E+00
     0.219113021E+00
     0.219128801E+00
     0.219149950E+00
     0.219143327E+00
     0.219149950E+00
     0.219160625E+00
     0.219165998E+00
     0.219182114E+00
     0.219203708E+00
     0.219196947E+00
     0.219203708E+00
     0.219214609E+00
     0.219220093E+00
     0.219236543E+00
     0.219258578E+00
     0.219251680E+00
     0.219258578E+00
     0.219269702E+00
     0.219275296E+00
     0.219292077E+00
     0.219314550E+00
     0.219307515E+00
     0.219314550E+00
     0.219325895E+00
     0.219331599E+00
     0.219348709E+00
     0.219371616E+00
     0.219364446E+00
     0.219371616E+00
     0.219383181E+00
     0.219388993E+00
     0.219406429E+00
     0.219429768E+00
     0.219422463E+00
     0.219429768E+00
     0.219441551E+00
     0.219447472E+00
     0.219465233E+00
     0.219488999E+00
     0.219481562E+00
     0.219488999E+00
     0.219501001E+00
     0.219507029E+00
     0.219525112E+00
     0.219549305E+00
     0.219541735E+00
     0.219549305E+00
     0.219561523E+00
     0.219567658E+00
     0.219586063E+00
     0.219610681E+00
     0.219602978E+00
     0.219610681E+00
     0.219623115E+00
     0.219629356E+00
     0.219648081E+00
     0.219673122E+00
     0.219665288E+00
     0.219673122E+00
     0.219685771E+00
     0.219692119E+00
     0.219711164E+00
     0.219736626E+00
     0.219728661E+00
     0.219736626E+00
     0.219749491E+00
     0.219755946E+00
     0.219775309E+00
     0.219801193E+00
     0.219793096E+00
     0.219801193E+00
     0.219814273E+00
     0.219820834E+00
     0.219840516E+00
     0.219866822E+00
     0.219858594E+00
     0.219866822E+00
     0.219880118E+00
     0.219886785E+00
     0.219906787E+00
     0.219933515E+00
     0.219925155E+00
     0.219933515E+00
     0.219947027E+00
     0.219953801E+00
     0.219974124E+00
     0.220001275E+00
     0.219992784E+00
     0.220001275E+00
     0.220015005E+00
     0.220021886E+00
     0.220042531E+00
     0.220070108E+00
     0.220061484E+00
     0.220070108E+00
     0.220084057E+00
     0.220091047E+00
     0.220112016E+00
     0.220140022E+00
     0.220131264E+00
     0.220140022E+00
     0.220154191E+00
     0.220161290E+00
     0.220182586E+00
     0.220211024E+00
     0.220202132E+00
     0.220211024E+00
     0.220225417E+00
     0.220232626E+00
     0.220254254E+00
     0.220283130E+00
     0.220274102E+00
     0.220283130E+00
     0.220297749E+00
     0.220305070E+00
     0.220327034E+00
     0.220356353E+00
     0.220347187E+00
     0.220356353E+00
     0.220371203E+00
     0.220378639E+00
     0.220400944E+00
     0.220430714E+00
     0.220421408E+00
     0.220430714E+00
     0.220445800E+00
     0.220453352E+00
     0.220476006E+00
     0.220506237E+00
     0.220496787E+00
     0.220506237E+00
     0.220521564E+00
     0.220529235E+00
     0.220552247E+00
     0.220582950E+00
     0.220573353E+00
     0.220582950E+00
     0.220598525E+00
     0.220606319E+00
     0.220629699E+00
     0.220660888E+00
     0.220651140E+00
     0.220660888E+00
     0.220676721E+00
     0.220684641E+00
     0.220708403E+00
     0.220740094E+00
     0.220730189E+00
     0.220740094E+00
     0.220756195E+00
     0.220764247E+00
     0.220788405E+00
     0.220820619E+00
     0.220810552E+00
     0.220820619E+00
     0.220837000E+00
     0.220845191E+00
     0.220869763E+00
     0.220902526E+00
     0.220892288E+00
     0.220902526E+00
     0.220919202E+00
     0.220927540E+00
     0.220952550E+00
     0.220985891E+00
     0.220975473E+00
     0.220985891E+00
     0.221002882E+00
     0.221011375E+00
     0.221036851E+00
     0.221070808E+00
     0.221060198E+00
     0.221070808E+00
     0.221088138E+00
     0.221096797E+00
     0.221122776E+00
     0.221157395E+00
     0.221146579E+00
     0.221157395E+00
     0.221175093E+00
     0.221183935E+00
     0.221210460E+00
     0.221245800E+00
     0.221234760E+00
     0.221245800E+00
     0.221263893E+00
     0.221272929E+00
     0.221300038E+00
     0.221336149E+00
     0.221324868E+00
     0.221336149E+00
     0.221354294E+00
     0.221363355E+00
     0.221390537E+00
     0.221426739E+00
     0.221415431E+00
     0.221426739E+00
     0.221444928E+00
     0.221454009E+00
     0.221481250E+00
     0.221517524E+00
     0.221506194E+00
     0.221517524E+00
     0.221535747E+00
     0.221544842E+00
     0.221572126E+00
     0.221608453E+00
     0.221597107E+00
     0.221608453E+00
     0.221626699E+00
     0.221635804E+00
     0.221663117E+00
     0.221699476E+00
     0.221688122E+00
     0.221699476E+00
     0.221717736E+00
     0.221726846E+00
     0.221754175E+00
     0.221790547E+00
     0.221779189E+00
     0.221790547E+00
     0.221808812E+00
     0.221817922E+00
     0.221845252E+00
     0.221881620E+00
     0.221870264E+00
     0.221881620E+00
     0.221899881E+00
     0.221908987E+00
     0.221936305E+00
     0.221972651E+00
     0.221961303E+00
     0.221972651E+00
     0.221990899E+00
     0.221999997E+00
     0.222027291E+00
     0.222063599E+00
     0.222052263E+00
     0.222063599E+00
     0.222081827E+00
     0.222090913E+00
     0.222118171E+00
     0.222154425E+00
     0.222143107E+00
     0.222154425E+00
     0.222172625E+00
     0.222181695E+00
     0.222208906E+00
     0.222245091E+00
     0.222233795E+00
     0.222245091E+00
     0.222263256E+00
     0.222272307E+00
     0.222299460E+00
     0.222335563E+00
     0.222324293E+00
     0.222335563E+00
     0.222353687E+00
     0.222362715E+00
     0.222389801E+00
     0.222425808E+00
     0.222414569E+00
     0.222425808E+00
     0.222443884E+00
     0.222452888E+00
     0.222479896E+00
     0.222515797E+00
     0.222504592E+00
     0.222515797E+00
     0.222533820E+00
     0.222542795E+00
     0.222569719E+00
     0.222605501E+00
     0.222594333E+00
     0.222605501E+00
     0.222623340E+00
     0.222632221E+00
     0.222658865E+00
     0.222694271E+00
     0.222683222E+00
     0.222694271E+00
     0.222711821E+00
     0.222720558E+00
     0.222746767E+00
     0.222781591E+00
     0.222770723E+00
     0.222781591E+00
     0.222798863E+00
     0.222807460E+00
     0.222833250E+00
     0.222867513E+00
     0.222856821E+00
     0.222867513E+00
     0.222884517E+00
     0.222892979E+00
     0.222918365E+00
     0.222952088E+00
     0.222941565E+00
     0.222952088E+00
     0.222968833E+00
     0.222977165E+00
     0.223002161E+00
     0.223035363E+00
     0.223025003E+00
     0.223035363E+00
     0.223051856E+00
     0.223060063E+00
     0.223084681E+00
     0.223117378E+00
     0.223107176E+00
     0.223117378E+00
     0.223133629E+00
     0.223141713E+00
     0.223165966E+00
     0.223198175E+00
     0.223188125E+00
     0.223198175E+00
     0.223214190E+00
     0.223222156E+00
     0.223246054E+00
     0.223277788E+00
     0.223267887E+00
     0.223277788E+00
     0.223293574E+00
     0.223301425E+00
     0.223324979E+00
     0.223356253E+00
     0.223346496E+00
     0.223356253E+00
     0.223371816E+00
     0.223379556E+00
     0.223402774E+00
     0.223433601E+00
     0.223423984E+00
     0.223433601E+00
     0.223448948E+00
     0.223456579E+00
     0.223479472E+00
     0.223509863E+00
     0.223500382E+00
     0.223509863E+00
     0.223524999E+00
     0.223532525E+00
     0.223555100E+00
     0.223585068E+00
     0.223575720E+00
     0.223585068E+00
     0.223599999E+00
     0.223607422E+00
     0.223629689E+00
     0.223659244E+00
     0.223650025E+00
     0.223659244E+00
     0.223673975E+00
     0.223681297E+00
     0.223703264E+00
     0.223732417E+00
     0.223723323E+00
     0.223732417E+00
     0.223746953E+00
     0.223754178E+00
     0.223775851E+00
     0.223804614E+00
     0.223795642E+00
     0.223804614E+00
     0.223818960E+00
     0.223826089E+00
     0.223847477E+00
     0.223875858E+00
     0.223867006E+00
     0.223875858E+00
     0.223890019E+00
     0.223897056E+00
     0.223918165E+00
     0.223946175E+00
     0.223937439E+00
     0.223946175E+00
     0.223960156E+00
     0.223967102E+00
     0.223987941E+00
     0.224015588E+00
     0.224006965E+00
     0.224015588E+00
     0.224029394E+00
     0.224036252E+00
     0.224056827E+00
     0.224084122E+00
     0.224075609E+00
     0.224084122E+00
     0.224097757E+00
     0.224104529E+00
     0.224124847E+00
     0.224151799E+00
     0.224143394E+00
     0.224151799E+00
     0.224165268E+00
     0.224171957E+00
     0.224192025E+00
     0.224218643E+00
     0.224210342E+00
     0.224218643E+00
     0.224231951E+00
     0.224238559E+00
     0.224258384E+00
     0.224284678E+00
     0.224276478E+00
     0.224284678E+00
     0.224297829E+00
     0.224304359E+00
     0.224323949E+00
     0.224349927E+00
     0.224341826E+00
     0.224349927E+00
     0.224362926E+00
     0.224369380E+00
     0.224388741E+00
     0.224414414E+00
     0.224406409E+00
     0.224414414E+00
     0.224427267E+00
     0.224433647E+00
     0.224452788E+00
     0.224478165E+00
     0.224470252E+00
     0.224478165E+00
     0.224490876E+00
     0.224497186E+00
     0.224516113E+00
     0.224541205E+00
     0.224533381E+00
     0.224541205E+00
     0.224553780E+00
     0.224560021E+00
     0.224578743E+00
     0.224603561E+00
     0.224595823E+00
     0.224603561E+00
     0.224616006E+00
     0.224622181E+00
     0.224640707E+00
     0.224665260E+00
     0.224657605E+00
     0.224665260E+00
     0.224677581E+00
     0.224683694E+00
     0.224702032E+00
     0.224726334E+00
     0.224718758E+00
     0.224726334E+00
     0.224738537E+00
     0.224744591E+00
     0.224762751E+00
     0.224786814E+00
     0.224779313E+00
     0.224786814E+00
     0.224798907E+00
     0.224804904E+00
     0.224822897E+00
     0.224846736E+00
     0.224839305E+00
     0.224846736E+00
     0.224858726E+00
     0.224864671E+00
     0.224882508E+00
     0.224906138E+00
     0.224898772E+00
     0.224906137E+00
     0.224918034E+00
     0.224923932E+00
     0.224941626E+00
     0.224965063E+00
     0.224957758E+00
     0.224965063E+00
     0.224976876E+00
     0.224982732E+00
     0.225000299E+00
     0.225023563E+00
     0.225016312E+00
     0.225023563E+00
     0.225035304E+00
     0.225041123E+00
     0.225058579E+00
     0.225081693E+00
     0.225074490E+00
     0.225081693E+00
     0.225093377E+00
     0.225099166E+00
     0.225116532E+00
     0.225139524E+00
     0.225132359E+00
     0.225139524E+00
     0.225151167E+00
     0.225156934E+00
     0.225174236E+00
     0.225197136E+00
     0.225190001E+00
     0.225197136E+00
     0.225208760E+00
     0.225214516E+00
     0.225231784E+00
     0.225254636E+00
     0.225247516E+00
     0.225254636E+00
     0.225266243E+00
     0.225271989E+00
     0.225289227E+00
     0.225312034E+00
     0.225304928E+00
     0.225312034E+00
     0.225323569E+00
     0.225329277E+00
     0.225346404E+00
     0.225369058E+00
     0.225362001E+00
     0.225369058E+00
     0.225380532E+00
     0.225386209E+00
     0.225403240E+00
     0.225425763E+00
     0.225418747E+00
     0.225425763E+00
     0.225437189E+00
     0.225442840E+00
     0.225459793E+00
     0.225482209E+00
     0.225475227E+00
     0.225482208E+00
     0.225493601E+00
     0.225499234E+00
     0.225516132E+00
     0.225538469E+00
     0.225531512E+00
     0.225538469E+00
     0.225549847E+00
     0.225555471E+00
     0.225572342E+00
     0.225594636E+00
     0.225587694E+00
     0.225594636E+00
     0.225606025E+00
     0.225611652E+00
     0.225628533E+00
     0.225650831E+00
     0.225643888E+00
     0.225650831E+00
     0.225662264E+00
     0.225667910E+00
     0.225684848E+00
     0.225707213E+00
     0.225700250E+00
     0.225707213E+00
     0.225718737E+00
     0.225724424E+00
     0.225741487E+00
     0.225764007E+00
     0.225756998E+00
     0.225764007E+00
     0.225775694E+00
     0.225781457E+00
     0.225798747E+00
     0.225821555E+00
     0.225814457E+00
     0.225821554E+00
     0.225832455E+00
     0.225837834E+00
     0.225853968E+00
     0.225875259E+00
     0.225868633E+00
     0.225875259E+00
     0.225885162E+00
     0.225890052E+00
     0.225904721E+00
     0.225924089E+00
     0.225918059E+00
     0.225924088E+00
     0.225933279E+00
     0.225937819E+00
     0.225951439E+00
     0.225969428E+00
     0.225963827E+00
     0.225969428E+00
     0.225978066E+00
     0.225982334E+00
     0.225995139E+00
     0.226012056E+00
     0.226006789E+00
     0.226012056E+00
     0.226020239E+00
     0.226024284E+00
     0.226036417E+00
     0.226052450E+00
     0.226047458E+00
     0.226052450E+00
     0.226060245E+00
     0.226064097E+00
     0.226075657E+00
     0.226090933E+00
     0.226086176E+00
     0.226090933E+00
     0.226098387E+00
     0.226102072E+00
     0.226113128E+00
     0.226127740E+00
     0.226123190E+00
     0.226127740E+00
     0.226134891E+00
     0.226138426E+00
     0.226149033E+00
     0.226163054E+00
     0.226158687E+00
     0.226163054E+00
     0.226169930E+00
     0.226173330E+00
     0.226183531E+00
     0.226197016E+00
     0.226192816E+00
     0.226197016E+00
     0.226203642E+00
     0.226206919E+00
     0.226216749E+00
     0.226229745E+00
     0.226225698E+00
     0.226229745E+00
     0.226236141E+00
     0.226239304E+00
     0.226248793E+00
     0.226261339E+00
     0.226257431E+00
     0.226261339E+00
     0.226267521E+00
     0.226270578E+00
     0.226279752E+00
     0.226291880E+00
     0.226288102E+00
     0.226291880E+00
     0.226297863E+00
     0.226300822E+00
     0.226309701E+00
     0.226321440E+00
     0.226317784E+00
     0.226321440E+00
     0.226327237E+00
     0.226330104E+00
     0.226338707E+00
     0.226350082E+00
     0.226346539E+00
     0.226350082E+00
     0.226355704E+00
     0.226358485E+00
     0.226366828E+00
     0.226377860E+00
     0.226374424E+00
     0.226377860E+00
     0.226383317E+00
     0.226386017E+00
     0.226394115E+00
     0.226404824E+00
     0.226401489E+00
     0.226404824E+00
     0.226410125E+00
     0.226412748E+00
     0.226420615E+00
     0.226431018E+00
     0.226427778E+00
     0.226431018E+00
     0.226436171E+00
     0.226438720E+00
     0.226446368E+00
     0.226456481E+00
     0.226453331E+00
     0.226456481E+00
     0.226461494E+00
     0.226463973E+00
     0.226471413E+00
     0.226481249E+00
     0.226478186E+00
     0.226481249E+00
     0.226486129E+00
     0.226488542E+00
     0.226495783E+00
     0.226505357E+00
     0.226502374E+00
     0.226505357E+00
     0.226510108E+00
     0.226512458E+00
     0.226519509E+00
     0.226528832E+00
     0.226525928E+00
     0.226528832E+00
     0.226533462E+00
     0.226535752E+00
     0.226542621E+00
     0.226551705E+00
     0.226548876E+00
     0.226551705E+00
     0.226556217E+00
     0.226558450E+00
     0.226565146E+00
     0.226574000E+00
     0.226571242E+00
     0.226574000E+00
     0.226578401E+00
     0.226580577E+00
     0.226587108E+00
     0.226595742E+00
     0.226593052E+00
     0.226595742E+00
     0.226600035E+00
     0.226602159E+00
     0.226608529E+00
     0.226616952E+00
     0.226614329E+00
     0.226616952E+00
     0.226621143E+00
     0.226623215E+00
     0.226629433E+00
     0.226637653E+00
     0.226635093E+00
     0.226637653E+00
     0.226641745E+00
     0.226643768E+00
     0.226649839E+00
     0.226657864E+00
     0.226655364E+00
     0.226657864E+00
     0.226661860E+00
     0.226663836E+00
     0.226669765E+00
     0.226677603E+00
     0.226675162E+00
     0.226677603E+00
     0.226681508E+00
     0.226683438E+00
     0.226689231E+00
     0.226696888E+00
     0.226694503E+00
     0.226696888E+00
     0.226700704E+00
     0.226702591E+00
     0.226708252E+00
     0.226715736E+00
     0.226713405E+00
     0.226715736E+00
     0.226719467E+00
     0.226721312E+00
     0.226726846E+00
     0.226734162E+00
     0.226731883E+00
     0.226734162E+00
     0.226737811E+00
     0.226739615E+00
     0.226745027E+00
     0.226752181E+00
     0.226749953E+00
     0.226752181E+00
     0.226755751E+00
     0.226757516E+00
     0.226762810E+00
     0.226769808E+00
     0.226767629E+00
     0.226769808E+00
     0.226773301E+00
     0.226775028E+00
     0.226780209E+00
     0.226787056E+00
     0.226784924E+00
     0.226787056E+00
     0.226790476E+00
     0.226792166E+00
     0.226797237E+00
     0.226803939E+00
     0.226801852E+00
     0.226803939E+00
     0.226807287E+00
     0.226808942E+00
     0.226813908E+00
     0.226820469E+00
     0.226818426E+00
     0.226820469E+00
     0.226823749E+00
     0.226825370E+00
     0.226830232E+00
     0.226836658E+00
     0.226834657E+00
     0.226836658E+00
     0.226839872E+00
     0.226841460E+00
     0.226846224E+00
     0.226852519E+00
     0.226850558E+00
     0.226852519E+00
     0.226855668E+00
     0.226857224E+00
     0.226861893E+00
     0.226868062E+00
     0.226866141E+00
     0.226868062E+00
     0.226871149E+00
     0.226872675E+00
     0.226877252E+00
     0.226883298E+00
     0.226881416E+00
     0.226883298E+00
     0.226886327E+00
     0.226887823E+00
     0.226892311E+00
     0.226898240E+00
     0.226896394E+00
     0.226898240E+00
     0.226901211E+00
     0.226902679E+00
     0.226907082E+00
     0.226912897E+00
     0.226911087E+00
     0.226912897E+00
     0.226915813E+00
     0.226917253E+00
     0.226921574E+00
     0.226927281E+00
     0.226925504E+00
     0.226927281E+00
     0.226930144E+00
     0.226931558E+00
     0.226935799E+00
     0.226941401E+00
     0.226939657E+00
     0.226941401E+00
     0.226944213E+00
     0.226945602E+00
     0.226949768E+00
     0.226955269E+00
     0.226953556E+00
     0.226955269E+00
     0.226958033E+00
     0.226959397E+00
     0.226963491E+00
     0.226968895E+00
     0.226967213E+00
     0.226968895E+00
     0.226971613E+00
     0.226972954E+00
     0.226976979E+00
     0.226982291E+00
     0.226980638E+00
     0.226982291E+00
     0.226984965E+00
     0.226986285E+00
     0.226990243E+00
     0.226995468E+00
     0.226993842E+00
     0.226995468E+00
     0.226998101E+00
     0.226999400E+00
     0.227003296E+00
     0.227008438E+00
     0.227006838E+00
     0.227008438E+00
     0.227011032E+00
     0.227012312E+00
     0.227016150E+00
     0.227021215E+00
     0.227019639E+00
     0.227021215E+00
     0.227023773E+00
     0.227025034E+00
     0.227028819E+00
     0.227033811E+00
     0.227032258E+00
     0.227033811E+00
     0.227036337E+00
     0.227037582E+00
     0.227041317E+00
     0.227046243E+00
     0.227044711E+00
     0.227046243E+00
     0.227048740E+00
     0.227049971E+00
     0.227053662E+00
     0.227058530E+00
     0.227057015E+00
     0.227058530E+00
     0.227061002E+00
     0.227062220E+00
     0.227065874E+00
     0.227070691E+00
     0.227069193E+00
     0.227070691E+00
     0.227073145E+00
     0.227074353E+00
     0.227077978E+00
     0.227082754E+00
     0.227081268E+00
     0.227082754E+00
     0.227085196E+00
     0.227086397E+00
     0.227090003E+00
     0.227094752E+00
     0.227093275E+00
     0.227094752E+00
     0.227097191E+00
     0.227098391E+00
     0.227101991E+00
     0.227106731E+00
     0.227105257E+00
     0.227106731E+00
     0.227109181E+00
     0.227110386E+00
     0.227114000E+00
     0.227118756E+00
     0.227117277E+00
     0.227118756E+00
     0.227121240E+00
     0.227122460E+00
     0.227126121E+00
     0.227130935E+00
     0.227129439E+00
     0.227130935E+00
     0.227133494E+00
     0.227134750E+00
     0.227138516E+00
     0.227143464E+00
     0.227141927E+00
     0.227143464E+00
     0.227146199E+00
     0.227147538E+00
     0.227151554E+00
     0.227156821E+00
     0.227155186E+00
     0.227156821E+00
     0.227159900E+00
     0.227161401E+00
     0.227165904E+00
     0.227171792E+00
     0.227169966E+00
     0.227171792E+00
     0.227174579E+00
     0.227175939E+00
     0.227180021E+00
     0.227185360E+00
     0.227183704E+00
     0.227174089E+00
     0.227175215E+00
     0.227178593E+00
     0.227183028E+00
     0.227181650E+00
     0.227183028E+00
     0.227185287E+00
     0.227186394E+00
     0.227189715E+00
     0.227194071E+00
     0.227192718E+00
     0.227194071E+00
     0.227196070E+00
     0.227197050E+00
     0.227199991E+00
     0.227203854E+00
     0.227202654E+00
     0.227203854E+00
     0.227205676E+00
     0.227206571E+00
     0.227209254E+00
     0.227212781E+00
     0.227211685E+00
     0.227212781E+00
     0.227214471E+00
     0.227215302E+00
     0.227217792E+00
     0.227221068E+00
     0.227220050E+00
     0.227221068E+00
     0.227222651E+00
     0.227223429E+00
     0.227225764E+00
     0.227228835E+00
     0.227227880E+00
     0.227228835E+00
     0.227230329E+00
     0.227231063E+00
     0.227233266E+00
     0.227236164E+00
     0.227235263E+00
     0.227236164E+00
     0.227237580E+00
     0.227238276E+00
     0.227240364E+00
     0.227243112E+00
     0.227242257E+00
     0.227243112E+00
     0.227244458E+00
     0.227245120E+00
     0.227247106E+00
     0.227249721E+00
     0.227248908E+00
     0.227249721E+00
     0.227251005E+00
     0.227251636E+00
     0.227253531E+00
     0.227256025E+00
     0.227255250E+00
     0.227256025E+00
     0.227257253E+00
     0.227257857E+00
     0.227259668E+00
     0.227262053E+00
     0.227261311E+00
     0.227262053E+00
     0.227263228E+00
     0.227263807E+00
     0.227265542E+00
     0.227267826E+00
     0.227267116E+00
     0.227267826E+00
     0.227268953E+00
     0.227269508E+00
     0.227271172E+00
     0.227273364E+00
     0.227272682E+00
     0.227273364E+00
     0.227274447E+00
     0.227274979E+00
     0.227276578E+00
     0.227278683E+00
     0.227278028E+00
     0.227278683E+00
     0.227279724E+00
     0.227280237E+00
     0.227281774E+00
     0.227283798E+00
     0.227283168E+00
     0.227283798E+00
     0.227284800E+00
     0.227285293E+00
     0.227286773E+00
     0.227288721E+00
     0.227288115E+00
     0.227288721E+00
     0.227289686E+00
     0.227290161E+00
     0.227291587E+00
     0.227293463E+00
     0.227292880E+00
     0.227293463E+00
     0.227294394E+00
     0.227294852E+00
     0.227296226E+00
     0.227298035E+00
     0.227297473E+00
     0.227298035E+00
     0.227298933E+00
     0.227299375E+00
     0.227300700E+00
     0.227302446E+00
     0.227301903E+00
     0.227302446E+00
     0.227303312E+00
     0.227303739E+00
     0.227305018E+00
     0.227306702E+00
     0.227306179E+00
     0.227306702E+00
     0.227307539E+00
     0.227307951E+00
     0.227309186E+00
     0.227310813E+00
     0.227310307E+00
     0.227310813E+00
     0.227311622E+00
     0.227312020E+00
     0.227313213E+00
     0.227314785E+00
     0.227314296E+00
     0.227314785E+00
     0.227315566E+00
     0.227315951E+00
     0.227317104E+00
     0.227318623E+00
     0.227318151E+00
     0.227318623E+00
     0.227319379E+00
     0.227319750E+00
     0.227320866E+00
     0.227322334E+00
     0.227321877E+00
     0.227322334E+00
     0.227323065E+00
     0.227323424E+00
     0.227324503E+00
     0.227325923E+00
     0.227325482E+00
     0.227325923E+00
     0.227326630E+00
     0.227326978E+00
     0.227328022E+00
     0.227329395E+00
     0.227328968E+00
     0.227329395E+00
     0.227330080E+00
     0.227330416E+00
     0.227331426E+00
     0.227332755E+00
     0.227332342E+00
     0.227332755E+00
     0.227333417E+00
     0.227333743E+00
     0.227334720E+00
     0.227336007E+00
     0.227335607E+00
     0.227336007E+00
     0.227336648E+00
     0.227336963E+00
     0.227337909E+00
     0.227339154E+00
     0.227338767E+00
     0.227339154E+00
     0.227339775E+00
     0.227340080E+00
     0.227340996E+00
     0.227342201E+00
     0.227341826E+00
     0.227342201E+00
     0.227342802E+00
     0.227343098E+00
     0.227343985E+00
     0.227345152E+00
     0.227344789E+00
     0.227345152E+00
     0.227345734E+00
     0.227346020E+00
     0.227346879E+00
     0.227348009E+00
     0.227347658E+00
     0.227348009E+00
     0.227348573E+00
     0.227348850E+00
     0.227349682E+00
     0.227350776E+00
     0.227350436E+00
     0.227350776E+00
     0.227351322E+00
     0.227351590E+00
     0.227352396E+00
     0.227353456E+00
     0.227353126E+00
     0.227353456E+00
     0.227353985E+00
     0.227354245E+00
     0.227355025E+00
     0.227356051E+00
     0.227355732E+00
     0.227356051E+00
     0.227356564E+00
     0.227356815E+00
     0.227357571E+00
     0.227358565E+00
     0.227358256E+00
     0.227358565E+00
     0.227359061E+00
     0.227359305E+00
     0.227360037E+00
     0.227361000E+00
     0.227360700E+00
     0.227361000E+00
     0.227361481E+00
     0.227361717E+00
     0.227362426E+00
     0.227363358E+00
     0.227363068E+00
     0.227363358E+00
     0.227363824E+00
     0.227364053E+00
     0.227364739E+00
     0.227365642E+00
     0.227365361E+00
     0.227365642E+00
     0.227366093E+00
     0.227366315E+00
     0.227366980E+00
     0.227367854E+00
     0.227367582E+00
     0.227367854E+00
     0.227368291E+00
     0.227368506E+00
     0.227369149E+00
     0.227369996E+00
     0.227369733E+00
     0.227369996E+00
     0.227370419E+00
     0.227370627E+00
     0.227371251E+00
     0.227372070E+00
     0.227371816E+00
     0.227372070E+00
     0.227372480E+00
     0.227372682E+00
     0.227373285E+00
     0.227374079E+00
     0.227373832E+00
     0.227374079E+00
     0.227374476E+00
     0.227374671E+00
     0.227375255E+00
     0.227376023E+00
     0.227375785E+00
     0.227376023E+00
     0.227376408E+00
     0.227376596E+00
     0.227377162E+00
     0.227377906E+00
     0.227377675E+00
     0.227377906E+00
     0.227378278E+00
     0.227378460E+00
     0.227379008E+00
     0.227379728E+00
     0.227379504E+00
     0.227379728E+00
     0.227380088E+00
     0.227380265E+00
     0.227380795E+00
     0.227381491E+00
     0.227381275E+00
     0.227381491E+00
     0.227381839E+00
     0.227382010E+00
     0.227382523E+00
     0.227383197E+00
     0.227382988E+00
     0.227383197E+00
     0.227383534E+00
     0.227383700E+00
     0.227384196E+00
     0.227384847E+00
     0.227384645E+00
     0.227384847E+00
     0.227385174E+00
     0.227385334E+00
     0.227385814E+00
     0.227386444E+00
     0.227386248E+00
     0.227386444E+00
     0.227386759E+00
     0.227386914E+00
     0.227387378E+00
     0.227387988E+00
     0.227387798E+00
     0.227387988E+00
     0.227388293E+00
     0.227388442E+00
     0.227388891E+00
     0.227389480E+00
     0.227389297E+00
     0.227389480E+00
     0.227389775E+00
     0.227389920E+00
     0.227390354E+00
     0.227390923E+00
     0.227390746E+00
     0.227390923E+00
     0.227391208E+00
     0.227391348E+00
     0.227391767E+00
     0.227392317E+00
     0.227392146E+00
     0.227392317E+00
     0.227392593E+00
     0.227392728E+00
     0.227393133E+00
     0.227393664E+00
     0.227393499E+00
     0.227393664E+00
     0.227393930E+00
     0.227394061E+00
     0.227394452E+00
     0.227394965E+00
     0.227394805E+00
     0.227394965E+00
     0.227395222E+00
     0.227395348E+00
     0.227395726E+00
     0.227396221E+00
     0.227396067E+00
     0.227396221E+00
     0.227396469E+00
     0.227396591E+00
     0.227396955E+00
     0.227397433E+00
     0.227397285E+00
     0.227397433E+00
     0.227397673E+00
     0.227397790E+00
     0.227398142E+00
     0.227398603E+00
     0.227398460E+00
     0.227398603E+00
     0.227398834E+00
     0.227398947E+00
     0.227399286E+00
     0.227399731E+00
     0.227399593E+00
     0.227399731E+00
     0.227399954E+00
     0.227400063E+00
     0.227400390E+00
     0.227400819E+00
     0.227400686E+00
     0.227400819E+00
     0.227401034E+00
     0.227401139E+00
     0.227401454E+00
     0.227401868E+00
     0.227401739E+00
     0.227401868E+00
     0.227402075E+00
     0.227402176E+00
     0.227402480E+00
     0.227402878E+00
     0.227402754E+00
     0.227402878E+00
     0.227403077E+00
     0.227403175E+00
     0.227403468E+00
     0.227403851E+00
     0.227403732E+00
     0.227403851E+00
     0.227404043E+00
     0.227404137E+00
     0.227404418E+00
     0.227404787E+00
     0.227404673E+00
     0.227404787E+00
     0.227404972E+00
     0.227405062E+00
     0.227405333E+00
     0.227405688E+00
     0.227405578E+00
     0.227405688E+00
     0.227405866E+00
     0.227405953E+00
     0.227406214E+00
     0.227406555E+00
     0.227406449E+00
     0.227406555E+00
     0.227406726E+00
     0.227406809E+00
     0.227407060E+00
     0.227407388E+00
     0.227407286E+00
     0.227407388E+00
     0.227407552E+00
     0.227407632E+00
     0.227407873E+00
     0.227408188E+00
     0.227408090E+00
     0.227408188E+00
     0.227408346E+00
     0.227408423E+00
     0.227408654E+00
     0.227408956E+00
     0.227408862E+00
     0.227408956E+00
     0.227409108E+00
     0.227409182E+00
     0.227409403E+00
     0.227409693E+00
     0.227409603E+00
     0.227409693E+00
     0.227409839E+00
     0.227409910E+00
     0.227410122E+00
     0.227410400E+00
     0.227410314E+00
     0.227410400E+00
     0.227410540E+00
     0.227410608E+00
     0.227410812E+00
     0.227411078E+00
     0.227410995E+00
     0.227411078E+00
     0.227411211E+00
     0.227411277E+00
     0.227411472E+00
     0.227411727E+00
     0.227411648E+00
     0.227411727E+00
     0.227411855E+00
     0.227411917E+00
     0.227412104E+00
     0.227412348E+00
     0.227412272E+00
     0.227412348E+00
     0.227412470E+00
     0.227412530E+00
     0.227412708E+00
     0.227412942E+00
     0.227412869E+00
     0.227412942E+00
     0.227413059E+00
     0.227413116E+00
     0.227413286E+00
     0.227413509E+00
     0.227413440E+00
     0.227413509E+00
     0.227413621E+00
     0.227413675E+00
     0.227413839E+00
     0.227414051E+00
     0.227413985E+00
     0.227414051E+00
     0.227414158E+00
     0.227414210E+00
     0.227414365E+00
     0.227414568E+00
     0.227414505E+00
     0.227414568E+00
     0.227414670E+00
     0.227414720E+00
     0.227414868E+00
     0.227415061E+00
     0.227415001E+00
     0.227415061E+00
     0.227415158E+00
     0.227415205E+00
     0.227415346E+00
     0.227415530E+00
     0.227415473E+00
     0.227415530E+00
     0.227415623E+00
     0.227415668E+00
     0.227415802E+00
     0.227415977E+00
     0.227415923E+00
     0.227415977E+00
     0.227416065E+00
     0.227416107E+00
     0.227416235E+00
     0.227416401E+00
     0.227416350E+00
     0.227416401E+00
     0.227416485E+00
     0.227416525E+00
     0.227416646E+00
     0.227416804E+00
     0.227416755E+00
     0.227416804E+00
     0.227416883E+00
     0.227416922E+00
     0.227417037E+00
     0.227417186E+00
     0.227417140E+00
     0.227417186E+00
     0.227417261E+00
     0.227417297E+00
     0.227417406E+00
     0.227417548E+00
     0.227417504E+00
     0.227417548E+00
     0.227417619E+00
     0.227417653E+00
     0.227417756E+00
     0.227417890E+00
     0.227417848E+00
     0.227417890E+00
     0.227417957E+00
     0.227417990E+00
     0.227418087E+00
     0.227418213E+00
     0.227418174E+00
     0.227418213E+00
     0.227418277E+00
     0.227418307E+00
     0.227418399E+00
     0.227418518E+00
     0.227418481E+00
     0.227418518E+00
     0.227418578E+00
     0.227418607E+00
     0.227418693E+00
     0.227418805E+00
     0.227418770E+00
     0.227418805E+00
     0.227418861E+00
     0.227418888E+00
     0.227418970E+00
     0.227419075E+00
     0.227419042E+00
     0.227419075E+00
     0.227419128E+00
     0.227419153E+00
     0.227419230E+00
     0.227419328E+00
     0.227419298E+00
     0.227419328E+00
     0.227419378E+00
     0.227419402E+00
     0.227419473E+00
     0.227419566E+00
     0.227419537E+00
     0.227419566E+00
     0.227419612E+00
     0.227419635E+00
     0.227419702E+00
     0.227419788E+00
     0.227419761E+00
     0.227419788E+00
     0.227419831E+00
     0.227419852E+00
     0.227419915E+00
     0.227419995E+00
     0.227419970E+00
     0.227419995E+00
     0.227420036E+00
     0.227420055E+00
     0.227420113E+00
     0.227420188E+00
     0.227420165E+00
     0.227420188E+00
     0.227420226E+00
     0.227420244E+00
     0.227420298E+00
     0.227420367E+00
     0.227420346E+00
     0.227420367E+00
     0.227420402E+00
     0.227420419E+00
     0.227420469E+00
     0.227420533E+00
     0.227420514E+00
     0.227420533E+00
     0.227420566E+00
     0.227420581E+00
     0.227420628E+00
     0.227420687E+00
     0.227420669E+00
     0.227420687E+00
     0.227420717E+00
     0.227420731E+00
     0.227420774E+00
     0.227420828E+00
     0.227420811E+00
     0.227420828E+00
     0.227420856E+00
     0.227420869E+00
     0.227420908E+00
     0.227420958E+00
     0.227420943E+00
     0.227420958E+00
     0.227420983E+00
     0.227420995E+00
     0.227421031E+00
     0.227421077E+00
     0.227421063E+00
     0.227421077E+00
     0.227421100E+00
     0.227421111E+00
     0.227421144E+00
     0.227421185E+00
     0.227421172E+00
     0.227421185E+00
     0.227421206E+00
     0.227421216E+00
     0.227421246E+00
     0.227421283E+00
     0.227421272E+00
     0.227421283E+00
     0.227421303E+00
     0.227421311E+00
     0.227421338E+00
     0.227421372E+00
     0.227421362E+00
     0.227421372E+00
     0.227421390E+00
     0.227421398E+00
     0.227421422E+00
     0.227421452E+00
     0.227421443E+00
     0.227421452E+00
     0.227421468E+00
     0.227421475E+00
     0.227421496E+00
     0.227421524E+00
     0.227421515E+00
     0.227421524E+00
     0.227421537E+00
     0.227421544E+00
     0.227421563E+00
     0.227421587E+00
     0.227421580E+00
     0.227421587E+00
     0.227421599E+00
     0.227421605E+00
     0.227421622E+00
     0.227421643E+00
     0.227421637E+00
     0.227421643E+00
     0.227421654E+00
     0.227421659E+00
     0.227421674E+00
     0.227421692E+00
     0.227421686E+00
     0.227421692E+00
     0.227421702E+00
     0.227421706E+00
     0.227421719E+00
     0.227421735E+00
     0.227421730E+00
     0.227421735E+00
     0.227421743E+00
     0.227421747E+00
     0.227421758E+00
     0.227421771E+00
     0.227421767E+00
     0.227421771E+00
     0.227421778E+00
     0.227421781E+00
     0.227421791E+00
     0.227421802E+00
     0.227421799E+00
     0.227421802E+00
     0.227421808E+00
     0.227421811E+00
     0.227421819E+00
     0.227421828E+00
     0.227421825E+00
     0.227421828E+00
     0.227421833E+00
     0.227421835E+00
     0.227421842E+00
     0.227421849E+00
     0.227421847E+00
     0.227421849E+00
     0.227421854E+00
     0.227421855E+00
     0.227421861E+00
     0.227421867E+00
     0.227421865E+00
     0.227421867E+00
     0.227421870E+00
     0.227421871E+00
     0.227421875E+00
     0.227421880E+00
     0.227421878E+00
     0.227421880E+00
     0.227421882E+00
     0.227421883E+00
     0.227421886E+00
     0.227421889E+00
     0.227421888E+00
     0.227421889E+00
     0.227421891E+00
     0.227421891E+00
     0.227421893E+00
     0.227421895E+00
     0.227421895E+00
     0.227421895E+00
     0.227421897E+00
     0.227421897E+00
     0.227421898E+00
     0.227421900E+00
     0.227421899E+00
     0.227421900E+00
     0.227421901E+00
     0.227421901E+00
     0.227421902E+00
     0.227421903E+00
     0.227421902E+00
     0.227421903E+00
     0.227421903E+00
     0.227421903E+00
     0.227421904E+00
     0.227421905E+00
     0.227421904E+00
     0.227421905E+00
     0.227421905E+00
     0.227421905E+00
     0.227421905E+00
     0.227421906E+00
     0.227421906E+00
     0.227421906E+00
     0.227421906E+00
     0.227421906E+00
     0.227421906E+00
     0.227421906E+00
     0.227421906E+00
     0.227421906E+00
     0.227421906E+00
     0.227421906E+00
     0.227421906E+00
     0.227421906E+00
     0.227421906E+00
     0.227421906E+00
     0.227421907E+00
     0.227421907E+00
     0.227421907E+00
     0.227421907E+00
     0.227421907E+00
     0.227421907E+00
     0.227421907E+00
     0.227421907E+00
     0.227421907E+00
     0.227421907E+00
     0.227421907E+00
     0.227421907E+00
     0.227421907E+00
     0.227421907E+00
     0.227421907E+00
     0.227421907E+00
     0.227421907E+00
     0.227421907E+00
     0.227421907E+00
     0.227421907E+00
     0.227421907E+00
     0.227421907E+00
     0.227421907E+00
     0.227421907E+00
     0.227421907E+00
     0.227421907E+00
     0.227421907E+00
     0.227421907E+00
     0.227421907E+00
     0.227421907E+00
     0.227421907E+00
     0.227421907E+00
     0.227421907E+00
     0.227421907E+00
     0.227421907E+00
