     0.258420153E-02
     0.294884079E-02
     0.320473651E-02
     0.396485216E-02
     0.541929484E-02
     0.489551062E-02
     0.262066546E-02
     0.263954443E-02
     0.269617758E-02
     0.277385594E-02
     0.274930420E-02
     0.258907930E-02
     0.259152963E-02
     0.259888062E-02
     0.260871788E-02
     0.260563929E-02
     0.260871780E-02
     0.261606816E-02
     0.261976911E-02
     0.263087192E-02
     0.264575702E-02
     0.264109535E-02
     0.261191922E-02
     0.261352481E-02
     0.261834159E-02
     0.262477923E-02
     0.262276559E-02
     0.262477921E-02
     0.262851495E-02
     0.263038942E-02
     0.263601284E-02
     0.264353144E-02
     0.264117933E-02
     0.264353141E-02
     0.264726029E-02
     0.264913127E-02
     0.265474419E-02
     0.266224857E-02
     0.265990093E-02
     0.266224854E-02
     0.266620488E-02
     0.266819036E-02
     0.267414678E-02
     0.268211159E-02
     0.267961977E-02
     0.268211155E-02
     0.268627071E-02
     0.268835830E-02
     0.269462107E-02
     0.270299658E-02
     0.270037613E-02
     0.270299653E-02
     0.270734081E-02
     0.270952163E-02
     0.271606409E-02
     0.272481459E-02
     0.272207670E-02
     0.272481453E-02
     0.272933073E-02
     0.273159814E-02
     0.273840034E-02
     0.274749914E-02
     0.274465216E-02
     0.274749908E-02
     0.275217703E-02
     0.275452590E-02
     0.276157250E-02
     0.277099905E-02
     0.276804942E-02
     0.277099899E-02
     0.277583067E-02
     0.277825698E-02
     0.278553592E-02
     0.279527404E-02
     0.279222682E-02
     0.279527397E-02
     0.280025299E-02
     0.280275353E-02
     0.281025514E-02
     0.282029190E-02
     0.281715113E-02
     0.282029182E-02
     0.282541302E-02
     0.282798518E-02
     0.283570165E-02
     0.284602658E-02
     0.284279556E-02
     0.284602650E-02
     0.285128566E-02
     0.285392732E-02
     0.286185230E-02
     0.287245687E-02
     0.286913826E-02
     0.287245679E-02
     0.287785045E-02
     0.288055987E-02
     0.288868813E-02
     0.289956536E-02
     0.289616134E-02
     0.289956527E-02
     0.290509060E-02
     0.290786636E-02
     0.291619362E-02
     0.292733775E-02
     0.292385013E-02
     0.292733766E-02
     0.293299234E-02
     0.293583326E-02
     0.294435600E-02
     0.295576233E-02
     0.295219259E-02
     0.295576223E-02
     0.296154436E-02
     0.296444949E-02
     0.297316485E-02
     0.298482951E-02
     0.298117885E-02
     0.298482941E-02
     0.299073745E-02
     0.299370600E-02
     0.300261164E-02
     0.301453152E-02
     0.301080092E-02
     0.301453141E-02
     0.302056412E-02
     0.302359548E-02
     0.303268954E-02
     0.304486213E-02
     0.304105237E-02
     0.304486201E-02
     0.305101843E-02
     0.305411210E-02
     0.306339311E-02
     0.307581643E-02
     0.307192814E-02
     0.307581631E-02
     0.308209569E-02
     0.308525131E-02
     0.309471816E-02
     0.310739070E-02
     0.310342434E-02
     0.310739057E-02
     0.311379239E-02
     0.311700968E-02
     0.312666154E-02
     0.313958221E-02
     0.313553814E-02
     0.313958208E-02
     0.314610597E-02
     0.314938475E-02
     0.315922108E-02
     0.317238915E-02
     0.316826758E-02
     0.317238901E-02
     0.317903477E-02
     0.318237495E-02
     0.319239544E-02
     0.320581049E-02
     0.320161157E-02
     0.320581035E-02
     0.321257793E-02
     0.321597946E-02
     0.322618403E-02
     0.323984593E-02
     0.323556969E-02
     0.323984579E-02
     0.324673526E-02
     0.325019818E-02
     0.326058693E-02
     0.327449582E-02
     0.327014222E-02
     0.327449567E-02
     0.328150722E-02
     0.328503163E-02
     0.329560484E-02
     0.330976109E-02
     0.330533001E-02
     0.330976093E-02
     0.331689485E-02
     0.332048089E-02
     0.333123900E-02
     0.334564318E-02
     0.334113446E-02
     0.334564303E-02
     0.335289971E-02
     0.335654758E-02
     0.336749117E-02
     0.338214407E-02
     0.337755744E-02
     0.338214391E-02
     0.338952383E-02
     0.339323377E-02
     0.340436356E-02
     0.341926615E-02
     0.341460132E-02
     0.341926598E-02
     0.342676971E-02
     0.343054200E-02
     0.344185884E-02
     0.345701223E-02
     0.345226885E-02
     0.345701206E-02
     0.346464023E-02
     0.346847519E-02
     0.347998004E-02
     0.349538552E-02
     0.349056319E-02
     0.349538534E-02
     0.350313868E-02
     0.350703666E-02
     0.351873059E-02
     0.353438958E-02
     0.352948786E-02
     0.353438940E-02
     0.354226867E-02
     0.354623007E-02
     0.355811425E-02
     0.357402832E-02
     0.356904671E-02
     0.357402814E-02
     0.358203418E-02
     0.358605942E-02
     0.359813511E-02
     0.361430595E-02
     0.360924392E-02
     0.361430576E-02
     0.362243949E-02
     0.362652901E-02
     0.363879757E-02
     0.365522699E-02
     0.365008398E-02
     0.365522680E-02
     0.366348916E-02
     0.366764345E-02
     0.368010632E-02
     0.369679625E-02
     0.369157165E-02
     0.369679604E-02
     0.370518805E-02
     0.370940762E-02
     0.372206632E-02
     0.373901878E-02
     0.373371196E-02
     0.373901857E-02
     0.374754128E-02
     0.375182666E-02
     0.376468278E-02
     0.378189991E-02
     0.377651021E-02
     0.378189970E-02
     0.379055422E-02
     0.379490597E-02
     0.380796119E-02
     0.382544522E-02
     0.381997193E-02
     0.382544500E-02
     0.383423250E-02
     0.383865119E-02
     0.385190724E-02
     0.386966050E-02
     0.386410290E-02
     0.386966028E-02
     0.387858195E-02
     0.388306819E-02
     0.389652689E-02
     0.391455180E-02
     0.390890912E-02
     0.391455157E-02
     0.392360866E-02
     0.392816307E-02
     0.394182628E-02
     0.396012534E-02
     0.395439682E-02
     0.396012511E-02
     0.396931890E-02
     0.397394213E-02
     0.398781180E-02
     0.400638760E-02
     0.400057241E-02
     0.400638736E-02
     0.401571918E-02
     0.402041190E-02
     0.403449001E-02
     0.405334522E-02
     0.404744254E-02
     0.405334498E-02
     0.406281620E-02
     0.406757908E-02
     0.408186770E-02
     0.410100507E-02
     0.409501402E-02
     0.410100482E-02
     0.411061684E-02
     0.411545059E-02
     0.412995183E-02
     0.414937418E-02
     0.414329389E-02
     0.414937393E-02
     0.415912818E-02
     0.416403353E-02
     0.417874956E-02
     0.419845980E-02
     0.419228936E-02
     0.419845954E-02
     0.420835750E-02
     0.421333519E-02
     0.422826823E-02
     0.424826932E-02
     0.424200780E-02
     0.424826906E-02
     0.425831225E-02
     0.426336303E-02
     0.427851535E-02
     0.429881035E-02
     0.429245680E-02
     0.429881008E-02
     0.430900004E-02
     0.431412470E-02
     0.432949863E-02
     0.435009064E-02
     0.434364408E-02
     0.435009037E-02
     0.436042868E-02
     0.436562800E-02
     0.438122592E-02
     0.440211813E-02
     0.439557757E-02
     0.440211785E-02
     0.441260613E-02
     0.441788092E-02
     0.443370526E-02
     0.445490091E-02
     0.444826534E-02
     0.445490063E-02
     0.446554052E-02
     0.447089161E-02
     0.448694485E-02
     0.450844726E-02
     0.450171562E-02
     0.450844697E-02
     0.451924014E-02
     0.452466838E-02
     0.454095304E-02
     0.456276558E-02
     0.455593684E-02
     0.456276529E-02
     0.457371346E-02
     0.457921970E-02
     0.459573836E-02
     0.461786447E-02
     0.461093754E-02
     0.461786417E-02
     0.462896908E-02
     0.463455419E-02
     0.465130947E-02
     0.467375267E-02
     0.466672645E-02
     0.467375236E-02
     0.468501578E-02
     0.469068065E-02
     0.470767522E-02
     0.473043905E-02
     0.472331244E-02
     0.473043874E-02
     0.474186247E-02
     0.474760801E-02
     0.476484457E-02
     0.478793268E-02
     0.478070454E-02
     0.478793236E-02
     0.479951824E-02
     0.480534536E-02
     0.482282668E-02
     0.484624275E-02
     0.483891191E-02
     0.484624242E-02
     0.485799230E-02
     0.486390194E-02
     0.488163082E-02
     0.490537858E-02
     0.489794389E-02
     0.490537825E-02
     0.491729403E-02
     0.492328714E-02
     0.494126641E-02
     0.496534969E-02
     0.495780995E-02
     0.496534935E-02
     0.497743294E-02
     0.498351049E-02
     0.500174305E-02
     0.502616570E-02
     0.501851970E-02
     0.502616536E-02
     0.503841871E-02
     0.504458166E-02
     0.506307045E-02
     0.508783639E-02
     0.508008291E-02
     0.508783604E-02
     0.510026114E-02
     0.510651049E-02
     0.512525848E-02
     0.515037169E-02
     0.514250948E-02
     0.515037134E-02
     0.516297018E-02
     0.516930694E-02
     0.518831715E-02
     0.521378166E-02
     0.520580946E-02
     0.521378130E-02
     0.522655592E-02
     0.523298111E-02
     0.525225660E-02
     0.527807651E-02
     0.526999304E-02
     0.527807614E-02
     0.529102861E-02
     0.529754326E-02
     0.531708712E-02
     0.534326658E-02
     0.533507054E-02
     0.534326620E-02
     0.535639860E-02
     0.536300376E-02
     0.538281915E-02
     0.540936235E-02
     0.540105243E-02
     0.540936197E-02
     0.542267641E-02
     0.542937314E-02
     0.544946325E-02
     0.547637445E-02
     0.546794931E-02
     0.547637405E-02
     0.548987270E-02
     0.549666207E-02
     0.551703011E-02
     0.554431362E-02
     0.553577193E-02
     0.554431323E-02
     0.555799823E-02
     0.556488135E-02
     0.558553059E-02
     0.561319078E-02
     0.560453115E-02
     0.561319037E-02
     0.562706394E-02
     0.563404189E-02
     0.565497565E-02
     0.568301693E-02
     0.567423800E-02
     0.568301652E-02
     0.569708088E-02
     0.570415478E-02
     0.572537640E-02
     0.575380325E-02
     0.574490361E-02
     0.575380283E-02
     0.576806024E-02
     0.577523122E-02
     0.579674408E-02
     0.582556102E-02
     0.581653926E-02
     0.582556060E-02
     0.584001333E-02
     0.584728254E-02
     0.586909007E-02
     0.589830168E-02
     0.588915637E-02
     0.589830125E-02
     0.591295160E-02
     0.592032020E-02
     0.594242587E-02
     0.597203678E-02
     0.596276647E-02
     0.597203634E-02
     0.598688666E-02
     0.599435580E-02
     0.601676311E-02
     0.604677801E-02
     0.603738123E-02
     0.604677757E-02
     0.606183020E-02
     0.606940107E-02
     0.609211357E-02
     0.612253719E-02
     0.611301246E-02
     0.612253674E-02
     0.613779407E-02
     0.614546786E-02
     0.616848914E-02
     0.619932626E-02
     0.618967209E-02
     0.619932580E-02
     0.621479024E-02
     0.622256817E-02
     0.624590184E-02
     0.627715730E-02
     0.626737217E-02
     0.627715683E-02
     0.629283082E-02
     0.630071410E-02
     0.632436382E-02
     0.635604252E-02
     0.634612490E-02
     0.635604203E-02
     0.637192802E-02
     0.637991789E-02
     0.640388737E-02
     0.643599422E-02
     0.642594258E-02
     0.643599374E-02
     0.645209422E-02
     0.646019192E-02
     0.648448487E-02
     0.651702489E-02
     0.650683765E-02
     0.651702439E-02
     0.653334187E-02
     0.654154866E-02
     0.656616888E-02
     0.659914708E-02
     0.658882268E-02
     0.659914657E-02
     0.661568360E-02
     0.662400074E-02
     0.664895203E-02
     0.668237351E-02
     0.667191036E-02
     0.668237299E-02
     0.669913212E-02
     0.670756090E-02
     0.673284711E-02
     0.676671699E-02
     0.675611349E-02
     0.676671647E-02
     0.678370028E-02
     0.679224200E-02
     0.681786700E-02
     0.685219049E-02
     0.684144500E-02
     0.685218995E-02
     0.686940106E-02
     0.687805702E-02
     0.690402475E-02
     0.693880706E-02
     0.692791796E-02
     0.693880652E-02
     0.695624889E-02
     0.696502109E-02
     0.699133752E-02
     0.702658667E-02
     0.701555145E-02
     0.702658611E-02
     0.704426276E-02
     0.705315271E-02
     0.707982236E-02
     0.711554437E-02
     0.710436114E-02
     0.711554381E-02
     0.713345746E-02
     0.714246651E-02
     0.716949348E-02
     0.720569383E-02
     0.719436088E-02
     0.720569326E-02
     0.722384667E-02
     0.723297621E-02
     0.726036464E-02
     0.729704884E-02
     0.728556446E-02
     0.729704827E-02
     0.731544422E-02
     0.732469564E-02
     0.735244971E-02
     0.738962334E-02
     0.737798577E-02
     0.738962275E-02
     0.740826405E-02
     0.741763876E-02
     0.744576268E-02
     0.748343135E-02
     0.747163885E-02
     0.748343075E-02
     0.750232024E-02
     0.751181965E-02
     0.754031766E-02
     0.757848706E-02
     0.756653784E-02
     0.757848645E-02
     0.759762697E-02
     0.760725251E-02
     0.763612891E-02
     0.767480474E-02
     0.766269702E-02
     0.767480412E-02
     0.769419856E-02
     0.770395167E-02
     0.773321078E-02
     0.777239880E-02
     0.776013079E-02
     0.777239818E-02
     0.779204944E-02
     0.780193158E-02
     0.783157776E-02
     0.787128379E-02
     0.785885366E-02
     0.787128315E-02
     0.789119418E-02
     0.790120681E-02
     0.793124445E-02
     0.797147435E-02
     0.795888027E-02
     0.797147370E-02
     0.799164744E-02
     0.800179203E-02
     0.803222557E-02
     0.807298526E-02
     0.806022538E-02
     0.807298459E-02
     0.809342402E-02
     0.810370207E-02
     0.813453597E-02
     0.817583139E-02
     0.816290386E-02
     0.817583072E-02
     0.819653884E-02
     0.820695185E-02
     0.823819061E-02
     0.828002776E-02
     0.826693071E-02
     0.828002708E-02
     0.830100692E-02
     0.831155640E-02
     0.834320456E-02
     0.838558950E-02
     0.837232102E-02
     0.838558880E-02
     0.840684342E-02
     0.841753089E-02
     0.844959303E-02
     0.849253183E-02
     0.847909004E-02
     0.849253113E-02
     0.851406359E-02
     0.852489060E-02
     0.855737132E-02
     0.860087013E-02
     0.858725310E-02
     0.860086941E-02
     0.862268282E-02
     0.863365091E-02
     0.866655485E-02
     0.871061986E-02
     0.869682566E-02
     0.871061913E-02
     0.873271661E-02
     0.874382733E-02
     0.877715917E-02
     0.882179661E-02
     0.880782329E-02
     0.882179587E-02
     0.884418055E-02
     0.885543548E-02
     0.888919994E-02
     0.893441607E-02
     0.892026168E-02
     0.893441532E-02
     0.895709039E-02
     0.896849111E-02
     0.900269292E-02
     0.904849407E-02
     0.903415662E-02
     0.904849331E-02
     0.907146195E-02
     0.908301005E-02
     0.911765400E-02
     0.916404654E-02
     0.914952405E-02
     0.916404576E-02
     0.918731119E-02
     0.919900827E-02
     0.923409918E-02
     0.928108950E-02
     0.926637997E-02
     0.928108871E-02
     0.930465416E-02
     0.931650185E-02
     0.935204455E-02
     0.939963912E-02
     0.938474054E-02
     0.939963832E-02
     0.942350706E-02
     0.943550698E-02
     0.947150636E-02
     0.951971167E-02
     0.950462200E-02
     0.951971085E-02
     0.954388616E-02
     0.955603995E-02
     0.959250092E-02
     0.964132351E-02
     0.962604072E-02
     0.964132268E-02
     0.966580788E-02
     0.967811718E-02
     0.971504470E-02
     0.976449115E-02
     0.974901318E-02
     0.976449031E-02
     0.978928871E-02
     0.980175520E-02
     0.983915424E-02
     0.988923120E-02
     0.987355597E-02
     0.988923034E-02
     0.991434530E-02
     0.992697064E-02
     0.996484623E-02
     0.100155604E-01
     0.999968579E-02
     0.100155595E-01
     0.100409944E-01
     0.100537803E-01
     0.100921374E-01
     0.101434955E-01
     0.101274195E-01
     0.101434946E-01
     0.101692528E-01
     0.101822009E-01
     0.102210448E-01
     0.102730534E-01
     0.102567739E-01
     0.102730525E-01
     0.102991376E-01
     0.103122496E-01
     0.103515852E-01
     0.104042514E-01
     0.103877662E-01
     0.104042505E-01
     0.104306657E-01
     0.104439434E-01
     0.104837760E-01
     0.105371064E-01
     0.105204134E-01
     0.105371055E-01
     0.105638544E-01
     0.105772995E-01
     0.106176342E-01
     0.106716359E-01
     0.106547329E-01
     0.106716350E-01
     0.106987210E-01
     0.107123352E-01
     0.107531773E-01
     0.108078572E-01
     0.107907420E-01
     0.108078562E-01
     0.108352830E-01
     0.108490681E-01
     0.108904228E-01
     0.109457878E-01
     0.109284583E-01
     0.109457868E-01
     0.109735578E-01
     0.109875155E-01
     0.110293882E-01
     0.110854453E-01
     0.110678994E-01
     0.110854443E-01
     0.111135632E-01
     0.111276953E-01
     0.111700912E-01
     0.112268476E-01
     0.112090829E-01
     0.112268466E-01
     0.112553168E-01
     0.112696252E-01
     0.113125497E-01
     0.113700125E-01
     0.113520269E-01
     0.113700115E-01
     0.113988367E-01
     0.114133231E-01
     0.114567816E-01
     0.115149580E-01
     0.114967492E-01
     0.115149570E-01
     0.115441409E-01
     0.115588071E-01
     0.116028051E-01
     0.116617022E-01
     0.116432680E-01
     0.116617012E-01
     0.116912474E-01
     0.117060953E-01
     0.117506382E-01
     0.118102634E-01
     0.117916015E-01
     0.118102624E-01
     0.118401747E-01
     0.118552060E-01
     0.119002994E-01
     0.119606600E-01
     0.119417681E-01
     0.119606589E-01
     0.119909410E-01
     0.120061577E-01
     0.120518070E-01
     0.121129105E-01
     0.120937862E-01
     0.121129094E-01
     0.121435650E-01
     0.121589689E-01
     0.122051798E-01
     0.122670335E-01
     0.122476746E-01
     0.122670324E-01
     0.122980652E-01
     0.123136582E-01
     0.123604364E-01
     0.124230478E-01
     0.124034520E-01
     0.124230466E-01
     0.124544606E-01
     0.124702446E-01
     0.125175957E-01
     0.125809723E-01
     0.125611372E-01
     0.125809712E-01
     0.126127700E-01
     0.126287469E-01
     0.126766767E-01
     0.127408261E-01
     0.127207493E-01
     0.127408250E-01
     0.127730127E-01
     0.127891843E-01
     0.128376985E-01
     0.129026284E-01
     0.128823076E-01
     0.129026273E-01
     0.129352077E-01
     0.129515761E-01
     0.130006805E-01
     0.130663986E-01
     0.130458313E-01
     0.130663974E-01
     0.130993744E-01
     0.131159415E-01
     0.131656421E-01
     0.132321562E-01
     0.132113400E-01
     0.132321550E-01
     0.132655326E-01
     0.132823003E-01
     0.133326028E-01
     0.133999207E-01
     0.133788532E-01
     0.133999195E-01
     0.134337017E-01
     0.134506721E-01
     0.135015826E-01
     0.135697122E-01
     0.135483908E-01
     0.135697109E-01
     0.136039017E-01
     0.136210768E-01
     0.136726012E-01
     0.137415505E-01
     0.137199729E-01
     0.137415492E-01
     0.137761527E-01
     0.137935344E-01
     0.138456788E-01
     0.139154558E-01
     0.138936194E-01
     0.139154545E-01
     0.139504747E-01
     0.139680652E-01
     0.140208356E-01
     0.140914484E-01
     0.140693507E-01
     0.140914471E-01
     0.141268882E-01
     0.141446894E-01
     0.141980922E-01
     0.142695489E-01
     0.142471873E-01
     0.142695476E-01
     0.143054138E-01
     0.143234278E-01
     0.143774690E-01
     0.144497779E-01
     0.144271499E-01
     0.144497766E-01
     0.144860720E-01
     0.145043010E-01
     0.145589869E-01
     0.146321563E-01
     0.146092593E-01
     0.146321550E-01
     0.146688840E-01
     0.146873300E-01
     0.147426669E-01
     0.148167052E-01
     0.147935366E-01
     0.148167039E-01
     0.148538707E-01
     0.148725358E-01
     0.149285302E-01
     0.150034459E-01
     0.149800030E-01
     0.150034445E-01
     0.150410534E-01
     0.150599399E-01
     0.151165982E-01
     0.151923997E-01
     0.151686799E-01
     0.151923983E-01
     0.152304538E-01
     0.152495637E-01
     0.153068924E-01
     0.153835885E-01
     0.153595890E-01
     0.153835871E-01
     0.154220935E-01
     0.154414290E-01
     0.154994347E-01
     0.155770340E-01
     0.155527522E-01
     0.155770326E-01
     0.156159943E-01
     0.156355578E-01
     0.156942471E-01
     0.157727584E-01
     0.157481916E-01
     0.157727570E-01
     0.158121786E-01
     0.158319722E-01
     0.158913518E-01
     0.159707840E-01
     0.159459293E-01
     0.159707826E-01
     0.160106686E-01
     0.160306946E-01
     0.160907712E-01
     0.161711334E-01
     0.161459880E-01
     0.161711319E-01
     0.162114870E-01
     0.162317476E-01
     0.162925282E-01
     0.163738293E-01
     0.163483905E-01
     0.163738278E-01
     0.164146566E-01
     0.164351542E-01
     0.164966456E-01
     0.165788948E-01
     0.165531596E-01
     0.165788933E-01
     0.166202004E-01
     0.166409373E-01
     0.167031465E-01
     0.167863531E-01
     0.167603187E-01
     0.167863516E-01
     0.168281419E-01
     0.168491203E-01
     0.169120544E-01
     0.169962278E-01
     0.169698913E-01
     0.169962262E-01
     0.170385044E-01
     0.170597269E-01
     0.171233930E-01
     0.172085425E-01
     0.171819010E-01
     0.172085410E-01
     0.172513119E-01
     0.172727808E-01
     0.173371862E-01
     0.174233214E-01
     0.173963718E-01
     0.174233198E-01
     0.174665885E-01
     0.174883062E-01
     0.175534581E-01
     0.176405888E-01
     0.176133281E-01
     0.176405871E-01
     0.176843584E-01
     0.177063275E-01
     0.177722332E-01
     0.178603690E-01
     0.178327942E-01
     0.178603674E-01
     0.179046463E-01
     0.179268691E-01
     0.179935362E-01
     0.180826870E-01
     0.180547950E-01
     0.180826854E-01
     0.181274770E-01
     0.181499561E-01
     0.182173921E-01
     0.183075679E-01
     0.182793556E-01
     0.183075662E-01
     0.183528756E-01
     0.183756136E-01
     0.184438260E-01
     0.185350369E-01
     0.185065012E-01
     0.185350352E-01
     0.185808676E-01
     0.186038669E-01
     0.186728636E-01
     0.187651197E-01
     0.187362574E-01
     0.187651180E-01
     0.188114785E-01
     0.188347419E-01
     0.189045305E-01
     0.189978422E-01
     0.189686500E-01
     0.189978404E-01
     0.190447345E-01
     0.190682644E-01
     0.191388528E-01
     0.192332304E-01
     0.192037052E-01
     0.192332287E-01
     0.192806615E-01
     0.193044608E-01
     0.193758568E-01
     0.194713109E-01
     0.194414494E-01
     0.194713091E-01
     0.195192862E-01
     0.195433573E-01
     0.196155692E-01
     0.197121103E-01
     0.196819091E-01
     0.197121085E-01
     0.197606352E-01
     0.197849810E-01
     0.198580166E-01
     0.199556555E-01
     0.199251114E-01
     0.199556537E-01
     0.200047355E-01
     0.200293586E-01
     0.201032263E-01
     0.202019737E-01
     0.201710832E-01
     0.202019718E-01
     0.202516144E-01
     0.202765176E-01
     0.203512255E-01
     0.204510923E-01
     0.204198522E-01
     0.204510905E-01
     0.205012993E-01
     0.205264854E-01
     0.206020417E-01
     0.207030391E-01
     0.206714458E-01
     0.207030372E-01
     0.207538180E-01
     0.207792896E-01
     0.208557029E-01
     0.209578418E-01
     0.209258919E-01
     0.209578399E-01
     0.210091982E-01
     0.210349584E-01
     0.211122370E-01
     0.212155286E-01
     0.211832186E-01
     0.212155267E-01
     0.212674683E-01
     0.212935197E-01
     0.213716722E-01
     0.214761277E-01
     0.214434541E-01
     0.214761258E-01
     0.215286565E-01
     0.215550020E-01
     0.216340369E-01
     0.217396676E-01
     0.217066269E-01
     0.217396656E-01
     0.217927912E-01
     0.218194337E-01
     0.218993595E-01
     0.220061768E-01
     0.219727655E-01
     0.220061748E-01
     0.220599010E-01
     0.220868434E-01
     0.221676688E-01
     0.222756841E-01
     0.222418985E-01
     0.222756821E-01
     0.223300147E-01
     0.223572598E-01
     0.224389934E-01
     0.225482181E-01
     0.225140548E-01
     0.225482161E-01
     0.226031610E-01
     0.226307118E-01
     0.227133621E-01
     0.228238077E-01
     0.227892631E-01
     0.228238056E-01
     0.228793687E-01
     0.229072280E-01
     0.229908038E-01
     0.231024816E-01
     0.230675522E-01
     0.231024796E-01
     0.231586665E-01
     0.231868372E-01
     0.232713472E-01
     0.233842687E-01
     0.233489508E-01
     0.233842666E-01
     0.234410833E-01
     0.234695682E-01
     0.235550209E-01
     0.236691974E-01
     0.236334875E-01
     0.236691953E-01
     0.237266475E-01
     0.237554495E-01
     0.238418535E-01
     0.239572962E-01
     0.239211909E-01
     0.239572941E-01
     0.240153874E-01
     0.240445094E-01
     0.241318731E-01
     0.242485933E-01
     0.242120890E-01
     0.242485911E-01
     0.243073313E-01
     0.243367759E-01
     0.244251076E-01
     0.245431163E-01
     0.245062096E-01
     0.245431141E-01
     0.246025066E-01
     0.246322767E-01
     0.247215846E-01
     0.248408925E-01
     0.248035802E-01
     0.248408904E-01
     0.249009406E-01
     0.249310388E-01
     0.250213310E-01
     0.251419488E-01
     0.251042274E-01
     0.251419466E-01
     0.252026599E-01
     0.252330888E-01
     0.253243731E-01
     0.254463109E-01
     0.254081773E-01
     0.254463087E-01
     0.255076902E-01
     0.255384523E-01
     0.256307361E-01
     0.257540041E-01
     0.257154552E-01
     0.257540018E-01
     0.258160564E-01
     0.258471540E-01
     0.259404447E-01
     0.260650521E-01
     0.260260850E-01
     0.260650499E-01
     0.261277821E-01
     0.261592176E-01
     0.262535219E-01
     0.263794778E-01
     0.263400896E-01
     0.263794755E-01
     0.264428897E-01
     0.264746652E-01
     0.265699894E-01
     0.266973021E-01
     0.266574904E-01
     0.266972998E-01
     0.267614000E-01
     0.267935174E-01
     0.268898674E-01
     0.270185444E-01
     0.269783067E-01
     0.270185421E-01
     0.270833317E-01
     0.271157928E-01
     0.272131736E-01
     0.273432217E-01
     0.273025559E-01
     0.273432193E-01
     0.274087014E-01
     0.274415075E-01
     0.275399236E-01
     0.276713484E-01
     0.276302528E-01
     0.276713460E-01
     0.277375229E-01
     0.277706753E-01
     0.278701299E-01
     0.280029359E-01
     0.279614092E-01
     0.280029335E-01
     0.280698068E-01
     0.281033062E-01
     0.282038019E-01
     0.283379920E-01
     0.282960332E-01
     0.283379896E-01
     0.284055602E-01
     0.284394069E-01
     0.285409447E-01
     0.286765201E-01
     0.286341289E-01
     0.286765176E-01
     0.287447853E-01
     0.287789793E-01
     0.288815585E-01
     0.290185185E-01
     0.289756951E-01
     0.290185161E-01
     0.290874794E-01
     0.291220198E-01
     0.292256383E-01
     0.293639796E-01
     0.293207251E-01
     0.293639771E-01
     0.294336333E-01
     0.294685186E-01
     0.295731720E-01
     0.297128885E-01
     0.296692048E-01
     0.297128860E-01
     0.297832304E-01
     0.298184583E-01
     0.299241395E-01
     0.300652217E-01
     0.300211118E-01
     0.300652192E-01
     0.301362452E-01
     0.301718124E-01
     0.302785112E-01
     0.304209454E-01
     0.303764137E-01
     0.304209429E-01
     0.304926414E-01
     0.305285432E-01
     0.306362459E-01
     0.307800134E-01
     0.307350656E-01
     0.307800109E-01
     0.308523698E-01
     0.308886000E-01
     0.309972882E-01
     0.311423643E-01
     0.310970082E-01
     0.311423618E-01
     0.312153652E-01
     0.312519159E-01
     0.313615656E-01
     0.315079182E-01
     0.314621639E-01
     0.315079157E-01
     0.315815432E-01
     0.316184042E-01
     0.317289845E-01
     0.318765723E-01
     0.318304327E-01
     0.318765698E-01
     0.319507954E-01
     0.319879535E-01
     0.320994252E-01
     0.322481955E-01
     0.322016871E-01
     0.322481931E-01
     0.323229834E-01
     0.323604220E-01
     0.324727349E-01
     0.326226208E-01
     0.325757645E-01
     0.326226183E-01
     0.326979310E-01
     0.327356287E-01
     0.328487191E-01
     0.329996351E-01
     0.329524577E-01
     0.329996326E-01
     0.330754134E-01
     0.331133430E-01
     0.332271291E-01
     0.333789661E-01
     0.333315017E-01
     0.333789636E-01
     0.334551424E-01
     0.334932688E-01
     0.336076454E-01
     0.337602628E-01
     0.337125554E-01
     0.337602604E-01
     0.338367460E-01
     0.338750236E-01
     0.339898536E-01
     0.341430683E-01
     0.340951752E-01
     0.341430659E-01
     0.342197379E-01
     0.342581062E-01
     0.343732086E-01
     0.345267790E-01
     0.344787756E-01
     0.345267766E-01
     0.346034724E-01
     0.346418502E-01
     0.347569809E-01
     0.349105814E-01
     0.348625696E-01
     0.349105791E-01
     0.349870741E-01
     0.350253489E-01
     0.351401706E-01
     0.352933512E-01
     0.352454716E-01
     0.352933490E-01
     0.353693213E-01
     0.354073320E-01
     0.355213619E-01
     0.356734781E-01
     0.356259321E-01
     0.356734759E-01
     0.357484418E-01
     0.357859464E-01
     0.358984581E-01
     0.360485412E-01
     0.360016317E-01
     0.360485392E-01
     0.361217166E-01
     0.361583240E-01
     0.362681442E-01
     0.364146290E-01
     0.363688452E-01
     0.364146272E-01
     0.364845947E-01
     0.365195938E-01
     0.366245892E-01
     0.367646306E-01
     0.367208617E-01
     0.367646291E-01
     0.368281077E-01
     0.368598583E-01
     0.369551087E-01
     0.370821441E-01
     0.370424411E-01
     0.370821430E-01
     0.371545083E-01
     0.371907039E-01
     0.372992890E-01
     0.374441095E-01
     0.373988480E-01
     0.374441079E-01
     0.375266118E-01
     0.375678784E-01
     0.376916754E-01
     0.378567832E-01
     0.378051812E-01
     0.378567808E-01
     0.379499726E-01
     0.379965839E-01
     0.381364137E-01
     0.383229010E-01
     0.382646175E-01
     0.383228976E-01
     0.384291277E-01
     0.384822580E-01
     0.386416432E-01
     0.388542037E-01
     0.387877722E-01
     0.388541989E-01
     0.389722293E-01
     0.390312568E-01
     0.392083320E-01
     0.394444698E-01
     0.393706714E-01
     0.394444634E-01
     0.395629897E-01
     0.396222583E-01
     0.398000567E-01
     0.400371374E-01
     0.399630470E-01
     0.400371311E-01
     0.401562484E-01
     0.402158056E-01
     0.403944701E-01
     0.406326840E-01
     0.405582421E-01
     0.406326779E-01
     0.407523391E-01
     0.408121615E-01
     0.409916216E-01
     0.412308752E-01
     0.411561110E-01
     0.412308691E-01
     0.413510340E-01
     0.414111014E-01
     0.415912966E-01
     0.418315092E-01
     0.417564479E-01
     0.418315033E-01
     0.419521358E-01
     0.420124303E-01
     0.421933071E-01
     0.424344073E-01
     0.423590712E-01
     0.424344015E-01
     0.425553790E-01
     0.426158393E-01
     0.427972138E-01
     0.430389569E-01
     0.429634225E-01
     0.430389513E-01
     0.431592419E-01
     0.432193528E-01
     0.433996793E-01
     0.436400066E-01
     0.435649170E-01
     0.436400012E-01
     0.437600749E-01
     0.438200714E-01
     0.440000549E-01
     0.442399062E-01
     0.441649676E-01
     0.442399010E-01
     0.443601029E-01
     0.444201575E-01
     0.446003152E-01
     0.448403802E-01
     0.447653771E-01
     0.448403751E-01
     0.449609344E-01
     0.450211615E-01
     0.452018371E-01
     0.454425734E-01
     0.453673629E-01
     0.454425685E-01
     0.455636438E-01
     0.456241226E-01
     0.458055534E-01
     0.460472773E-01
     0.459717606E-01
     0.460472725E-01
     0.461689768E-01
     0.462297637E-01
     0.464121191E-01
     0.466550558E-01
     0.465791625E-01
     0.466550510E-01
     0.467774663E-01
     0.468386023E-01
     0.470220046E-01
     0.472663171E-01
     0.471899964E-01
     0.472663125E-01
     0.473894985E-01
     0.474510132E-01
     0.476355517E-01
     0.478813585E-01
     0.478045734E-01
     0.478813539E-01
     0.480053537E-01
     0.480672685E-01
     0.482530074E-01
     0.485003935E-01
     0.484231175E-01
     0.485003890E-01
     0.486248322E-01
     0.486869623E-01
     0.488733474E-01
     0.491215753E-01
     0.490440386E-01
     0.491215708E-01
     0.492463081E-01
     0.493085791E-01
     0.494953870E-01
     0.497441596E-01
     0.496664551E-01
     0.497441553E-01
     0.498691846E-01
     0.499315955E-01
     0.501188233E-01
     0.503681367E-01
     0.502902655E-01
     0.503681325E-01
     0.504934517E-01
     0.505560015E-01
     0.507436460E-01
     0.509934962E-01
     0.509154596E-01
     0.509934921E-01
     0.511190998E-01
     0.511817878E-01
     0.513698470E-01
     0.516202312E-01
     0.515420300E-01
     0.516202272E-01
     0.517461226E-01
     0.518089484E-01
     0.519974210E-01
     0.522483377E-01
     0.521699725E-01
     0.522483338E-01
     0.523745167E-01
     0.524374800E-01
     0.526263657E-01
     0.528778141E-01
     0.527992850E-01
     0.528778103E-01
     0.530042806E-01
     0.530673816E-01
     0.532566802E-01
     0.535086604E-01
     0.534299675E-01
     0.535086567E-01
     0.536354146E-01
     0.536986534E-01
     0.538883654E-01
     0.541408778E-01
     0.540620209E-01
     0.541408742E-01
     0.542679203E-01
     0.543312970E-01
     0.545214230E-01
     0.547744686E-01
     0.546954474E-01
     0.547744651E-01
     0.549017999E-01
     0.549653149E-01
     0.551558557E-01
     0.554094354E-01
     0.553302496E-01
     0.554094319E-01
     0.555370562E-01
     0.556007097E-01
     0.557916663E-01
     0.560457811E-01
     0.559664305E-01
     0.560457777E-01
     0.561736920E-01
     0.562374844E-01
     0.564288575E-01
     0.566835085E-01
     0.566039927E-01
     0.566835052E-01
     0.568117102E-01
     0.568756416E-01
     0.570674321E-01
     0.573226202E-01
     0.572429389E-01
     0.573226170E-01
     0.574511130E-01
     0.575151837E-01
     0.577073921E-01
     0.579631180E-01
     0.578832710E-01
     0.579631148E-01
     0.580919024E-01
     0.581561124E-01
     0.583487391E-01
     0.586050030E-01
     0.585249904E-01
     0.586050000E-01
     0.587340792E-01
     0.587984287E-01
     0.589914737E-01
     0.592482756E-01
     0.591680973E-01
     0.592482726E-01
     0.593776435E-01
     0.594421323E-01
     0.596355955E-01
     0.598929349E-01
     0.598125910E-01
     0.598929320E-01
     0.600225941E-01
     0.600872221E-01
     0.602811028E-01
     0.605389786E-01
     0.604584696E-01
     0.605389758E-01
     0.606689287E-01
     0.607336954E-01
     0.609279926E-01
     0.611864033E-01
     0.611057297E-01
     0.611864006E-01
     0.613166434E-01
     0.613815485E-01
     0.615762606E-01
     0.618352039E-01
     0.617543664E-01
     0.618352013E-01
     0.619657329E-01
     0.620307756E-01
     0.622259007E-01
     0.624853738E-01
     0.624043733E-01
     0.624853712E-01
     0.626161901E-01
     0.626813696E-01
     0.628769052E-01
     0.631369043E-01
     0.630557421E-01
     0.631369018E-01
     0.632680062E-01
     0.633333214E-01
     0.635292644E-01
     0.637897853E-01
     0.637084626E-01
     0.637897828E-01
     0.639211704E-01
     0.639866201E-01
     0.641829669E-01
     0.644440044E-01
     0.643625229E-01
     0.644440019E-01
     0.645756700E-01
     0.646412529E-01
     0.648379991E-01
     0.650995471E-01
     0.650179088E-01
     0.650995448E-01
     0.652314902E-01
     0.652972046E-01
     0.654943454E-01
     0.657563969E-01
     0.656746041E-01
     0.657563947E-01
     0.658886141E-01
     0.659544580E-01
     0.661519877E-01
     0.664145350E-01
     0.663325900E-01
     0.664145328E-01
     0.665470222E-01
     0.666129936E-01
     0.668109059E-01
     0.670739402E-01
     0.669918458E-01
     0.670739380E-01
     0.672066928E-01
     0.672727894E-01
     0.674710771E-01
     0.677345886E-01
     0.676523480E-01
     0.677345865E-01
     0.678676018E-01
     0.679338209E-01
     0.681324763E-01
     0.683964541E-01
     0.683140707E-01
     0.683964521E-01
     0.685297223E-01
     0.685960610E-01
     0.687950754E-01
     0.690595076E-01
     0.689769852E-01
     0.690595057E-01
     0.691930249E-01
     0.692594801E-01
     0.694588440E-01
     0.697237175E-01
     0.696410603E-01
     0.697237157E-01
     0.698574771E-01
     0.699240454E-01
     0.701237485E-01
     0.703890492E-01
     0.703062615E-01
     0.703890474E-01
     0.705230440E-01
     0.705897215E-01
     0.707897526E-01
     0.710554650E-01
     0.709725518E-01
     0.710554632E-01
     0.711896872E-01
     0.712564699E-01
     0.714568169E-01
     0.717229243E-01
     0.716398909E-01
     0.717229226E-01
     0.718573655E-01
     0.719242491E-01
     0.721248987E-01
     0.723913833E-01
     0.723082352E-01
     0.723913817E-01
     0.725260343E-01
     0.725930141E-01
     0.727939524E-01
     0.730607947E-01
     0.729775382E-01
     0.730607932E-01
     0.731956459E-01
     0.732627168E-01
     0.734639286E-01
     0.737311082E-01
     0.736477496E-01
     0.737311067E-01
     0.738661491E-01
     0.739333057E-01
     0.741347749E-01
     0.744022695E-01
     0.743188159E-01
     0.744022681E-01
     0.745374890E-01
     0.746047256E-01
     0.748064349E-01
     0.750742211E-01
     0.749906799E-01
     0.750742198E-01
     0.752096072E-01
     0.752769177E-01
     0.754788487E-01
     0.757469015E-01
     0.756632806E-01
     0.757469003E-01
     0.758824417E-01
     0.759498195E-01
     0.761519528E-01
     0.764202455E-01
     0.763365532E-01
     0.764202443E-01
     0.765559263E-01
     0.766233646E-01
     0.768256794E-01
     0.770941839E-01
     0.770104292E-01
     0.770941828E-01
     0.772299911E-01
     0.772974826E-01
     0.774999569E-01
     0.777686434E-01
     0.776848356E-01
     0.777686424E-01
     0.779045620E-01
     0.779720989E-01
     0.781747098E-01
     0.784435467E-01
     0.783596958E-01
     0.784435458E-01
     0.785795608E-01
     0.786471350E-01
     0.788498579E-01
     0.791188121E-01
     0.790349285E-01
     0.791188113E-01
     0.792549050E-01
     0.793225079E-01
     0.795253171E-01
     0.797943536E-01
     0.797104483E-01
     0.797943529E-01
     0.799305077E-01
     0.799981302E-01
     0.802009986E-01
     0.804700807E-01
     0.803861652E-01
     0.804700801E-01
     0.806062774E-01
     0.806739102E-01
     0.808768094E-01
     0.811458985E-01
     0.810619850E-01
     0.811458979E-01
     0.812821183E-01
     0.813497514E-01
     0.815526516E-01
     0.818217071E-01
     0.817378084E-01
     0.818217067E-01
     0.819579299E-01
     0.820255528E-01
     0.822284227E-01
     0.824974025E-01
     0.824135318E-01
     0.824974021E-01
     0.826336068E-01
     0.827012087E-01
     0.829040157E-01
     0.831728754E-01
     0.830890466E-01
     0.831728751E-01
     0.833090390E-01
     0.833766085E-01
     0.835793185E-01
     0.838480118E-01
     0.837642396E-01
     0.838480117E-01
     0.839841117E-01
     0.840516368E-01
     0.842542143E-01
     0.845226931E-01
     0.844389926E-01
     0.845226931E-01
     0.846587049E-01
     0.847261735E-01
     0.849285814E-01
     0.851967955E-01
     0.851131824E-01
     0.851967956E-01
     0.853326941E-01
     0.854000932E-01
     0.856022930E-01
     0.858701903E-01
     0.857866810E-01
     0.858701904E-01
     0.860059496E-01
     0.860732659E-01
     0.862752175E-01
     0.865427438E-01
     0.864593554E-01
     0.865427441E-01
     0.866783367E-01
     0.867455564E-01
     0.869472183E-01
     0.872143173E-01
     0.871310675E-01
     0.872143177E-01
     0.873497158E-01
     0.874168245E-01
     0.876181538E-01
     0.878847673E-01
     0.878016743E-01
     0.878847678E-01
     0.880199422E-01
     0.880869250E-01
     0.882878772E-01
     0.885539449E-01
     0.884710277E-01
     0.885539455E-01
     0.886888662E-01
     0.887557079E-01
     0.889562369E-01
     0.892216965E-01
     0.891389747E-01
     0.892216973E-01
     0.893563332E-01
     0.894230180E-01
     0.896230762E-01
     0.898878635E-01
     0.898053573E-01
     0.898878643E-01
     0.900221836E-01
     0.900886949E-01
     0.902882335E-01
     0.905522819E-01
     0.904700122E-01
     0.905522829E-01
     0.906862525E-01
     0.907525737E-01
     0.909515420E-01
     0.912147832E-01
     0.911327715E-01
     0.912147843E-01
     0.913483702E-01
     0.914144839E-01
     0.916128299E-01
     0.918751934E-01
     0.917934619E-01
     0.918751947E-01
     0.920083620E-01
     0.920742502E-01
     0.922719205E-01
     0.925333336E-01
     0.924519050E-01
     0.925333350E-01
     0.926660478E-01
     0.927316922E-01
     0.929286316E-01
     0.931890196E-01
     0.931079176E-01
     0.931890212E-01
     0.933212425E-01
     0.933866243E-01
     0.935827759E-01
     0.938420619E-01
     0.937613106E-01
     0.938420637E-01
     0.939737555E-01
     0.940388551E-01
     0.942341607E-01
     0.944922656E-01
     0.944118899E-01
     0.944922675E-01
     0.946233907E-01
     0.946881881E-01
     0.948825876E-01
     0.951394296E-01
     0.950594552E-01
     0.951394317E-01
     0.952699460E-01
     0.953344206E-01
     0.955278519E-01
     0.957833471E-01
     0.957038004E-01
     0.957833493E-01
     0.959105755E-01
     0.959734192E-01
     0.961619582E-01
     0.964109712E-01
     0.963334452E-01
     0.964109735E-01
     0.965336284E-01
     0.965942159E-01
     0.967759861E-01
     0.970160650E-01
     0.969413198E-01
     0.970160673E-01
     0.971345749E-01
     0.971931141E-01
     0.973687393E-01
     0.976007031E-01
     0.975284843E-01
     0.976007054E-01
     0.977153903E-01
     0.977720406E-01
     0.979419986E-01
     0.981664753E-01
     0.980965877E-01
     0.981664775E-01
     0.982776020E-01
     0.983324921E-01
     0.984971695E-01
     0.987146671E-01
     0.986469529E-01
     0.987146692E-01
     0.988224497E-01
     0.988756859E-01
     0.990354015E-01
     0.992463396E-01
     0.991806684E-01
     0.992463418E-01
     0.993509598E-01
     0.994026315E-01
     0.995576534E-01
     0.997623848E-01
     0.996986469E-01
     0.997623869E-01
     0.998639974E-01
     0.999141808E-01
     0.100064738E+00
     0.100263564E+00
     0.100201665E+00
     0.100263566E+00
     0.100362303E+00
     0.100411064E+00
     0.100557354E+00
     0.100750535E+00
     0.100690395E+00
     0.100750537E+00
     0.100846517E+00
     0.100893914E+00
     0.101036110E+00
     0.101223875E+00
     0.101165422E+00
     0.101223877E+00
     0.101317205E+00
     0.101363288E+00
     0.101501544E+00
     0.101684095E+00
     0.101627267E+00
     0.101684097E+00
     0.101774866E+00
     0.101819681E+00
     0.101954134E+00
     0.102131652E+00
     0.102076392E+00
     0.102131654E+00
     0.102219947E+00
     0.102263536E+00
     0.102394311E+00
     0.102566959E+00
     0.102513217E+00
     0.102566961E+00
     0.102652855E+00
     0.102695256E+00
     0.102822465E+00
     0.102990394E+00
     0.102938122E+00
     0.102990396E+00
     0.103073960E+00
     0.103115207E+00
     0.103238954E+00
     0.103402300E+00
     0.103351456E+00
     0.103402302E+00
     0.103483602E+00
     0.103523727E+00
     0.103644108E+00
     0.103802999E+00
     0.103753544E+00
     0.103803001E+00
     0.103882096E+00
     0.103921129E+00
     0.104038234E+00
     0.104192788E+00
     0.104144684E+00
     0.104192790E+00
     0.104269737E+00
     0.104307706E+00
     0.104421619E+00
     0.104571946E+00
     0.104525159E+00
     0.104571948E+00
     0.104646801E+00
     0.104683732E+00
     0.104794531E+00
     0.104940736E+00
     0.104895234E+00
     0.104940738E+00
     0.105013547E+00
     0.105049466E+00
     0.105157226E+00
     0.105299408E+00
     0.105255160E+00
     0.105299410E+00
     0.105370223E+00
     0.105405152E+00
     0.105509945E+00
     0.105648198E+00
     0.105605174E+00
     0.105648200E+00
     0.105717062E+00
     0.105751025E+00
     0.105852918E+00
     0.105987332E+00
     0.105945504E+00
     0.105987333E+00
     0.106054289E+00
     0.106087307E+00
     0.106186365E+00
     0.106317026E+00
     0.106276368E+00
     0.106317028E+00
     0.106382119E+00
     0.106414213E+00
     0.106510499E+00
     0.106637490E+00
     0.106597975E+00
     0.106637491E+00
     0.106700758E+00
     0.106731948E+00
     0.106825522E+00
     0.106948922E+00
     0.106910527E+00
     0.106948923E+00
     0.107010405E+00
     0.107040710E+00
     0.107131630E+00
     0.107251516E+00
     0.107214216E+00
     0.107251518E+00
     0.107311252E+00
     0.107340691E+00
     0.107429013E+00
     0.107545460E+00
     0.107509231E+00
     0.107545461E+00
     0.107603484E+00
     0.107632076E+00
     0.107717855E+00
     0.107830933E+00
     0.107795754E+00
     0.107830935E+00
     0.107887282E+00
     0.107915043E+00
     0.107998332E+00
     0.108108112E+00
     0.108073961E+00
     0.108108114E+00
     0.108162820E+00
     0.108189768E+00
     0.108270617E+00
     0.108377167E+00
     0.108344023E+00
     0.108377168E+00
     0.108430268E+00
     0.108456419E+00
     0.108534877E+00
     0.108638263E+00
     0.108606105E+00
     0.108638264E+00
     0.108689789E+00
     0.108715159E+00
     0.108791276E+00
     0.108891562E+00
     0.108860370E+00
     0.108891563E+00
     0.108941544E+00
     0.108966149E+00
     0.109039972E+00
     0.109137219E+00
     0.109106974E+00
     0.109137220E+00
     0.109185688E+00
     0.109209544E+00
     0.109281118E+00
     0.109375387E+00
     0.109346070E+00
     0.109375389E+00
     0.109422374E+00
     0.109445495E+00
     0.109514864E+00
     0.109606215E+00
     0.109577808E+00
     0.109606217E+00
     0.109651748E+00
     0.109674149E+00
     0.109741358E+00
     0.109829848E+00
     0.109802332E+00
     0.109829849E+00
     0.109873955E+00
     0.109895650E+00
     0.109960740E+00
     0.110046425E+00
     0.110019783E+00
     0.110046426E+00
     0.110089135E+00
     0.110110138E+00
     0.110173150E+00
     0.110256085E+00
     0.110230300E+00
     0.110256086E+00
     0.110297425E+00
     0.110317749E+00
     0.110378724E+00
     0.110458961E+00
     0.110434017E+00
     0.110458962E+00
     0.110498957E+00
     0.110518615E+00
     0.110577592E+00
     0.110655184E+00
     0.110631065E+00
     0.110655185E+00
     0.110693862E+00
     0.110712867E+00
     0.110769884E+00
     0.110844882E+00
     0.110821571E+00
     0.110844883E+00
     0.110882266E+00
     0.110900630E+00
     0.110955725E+00
     0.111028177E+00
     0.111005659E+00
     0.111028179E+00
     0.111064293E+00
     0.111082028E+00
     0.111135238E+00
     0.111205193E+00
     0.111183453E+00
     0.111205194E+00
     0.111240064E+00
     0.111257182E+00
     0.111308541E+00
     0.111376046E+00
     0.111355069E+00
     0.111376047E+00
     0.111409695E+00
     0.111426208E+00
     0.111475751E+00
     0.111540852E+00
     0.111520625E+00
     0.111540853E+00
     0.111573302E+00
     0.111589221E+00
     0.111636982E+00
     0.111699723E+00
     0.111680231E+00
     0.111699724E+00
     0.111730997E+00
     0.111746333E+00
     0.111792344E+00
     0.111852770E+00
     0.111834000E+00
     0.111852771E+00
     0.111882889E+00
     0.111897652E+00
     0.111941947E+00
     0.112000099E+00
     0.111982038E+00
     0.112000100E+00
     0.112029084E+00
     0.112043286E+00
     0.112085895E+00
     0.112141816E+00
     0.112124449E+00
     0.112141817E+00
     0.112169687E+00
     0.112183337E+00
     0.112224291E+00
     0.112278021E+00
     0.112261337E+00
     0.112278022E+00
     0.112304799E+00
     0.112317907E+00
     0.112357236E+00
     0.112408815E+00
     0.112392801E+00
     0.112408815E+00
     0.112434519E+00
     0.112447095E+00
     0.112484828E+00
     0.112534294E+00
     0.112518939E+00
     0.112534295E+00
     0.112558944E+00
     0.112570998E+00
     0.112607164E+00
     0.112654554E+00
     0.112639846E+00
     0.112654555E+00
     0.112678168E+00
     0.112689709E+00
     0.112724335E+00
     0.112769688E+00
     0.112755615E+00
     0.112769689E+00
     0.112792284E+00
     0.112803321E+00
     0.112836434E+00
     0.112879785E+00
     0.112866336E+00
     0.112879786E+00
     0.112901382E+00
     0.112911923E+00
     0.112943550E+00
     0.112984933E+00
     0.112972097E+00
     0.112984934E+00
     0.113005548E+00
     0.113015602E+00
     0.113045769E+00
     0.113085220E+00
     0.113072986E+00
     0.113085221E+00
     0.113104869E+00
     0.113114445E+00
     0.113143177E+00
     0.113180728E+00
     0.113169086E+00
     0.113180728E+00
     0.113199427E+00
     0.113208533E+00
     0.113235855E+00
     0.113271539E+00
     0.113260479E+00
     0.113271539E+00
     0.113289305E+00
     0.113297949E+00
     0.113323885E+00
     0.113357733E+00
     0.113347245E+00
     0.113357733E+00
     0.113374582E+00
     0.113382772E+00
     0.113407344E+00
     0.113439387E+00
     0.113429461E+00
     0.113439388E+00
     0.113455335E+00
     0.113463077E+00
     0.113486309E+00
     0.113516577E+00
     0.113507205E+00
     0.113516578E+00
     0.113531638E+00
     0.113538941E+00
     0.113560854E+00
     0.113589377E+00
     0.113580549E+00
     0.113589378E+00
     0.113603565E+00
     0.113610436E+00
     0.113631052E+00
     0.113657858E+00
     0.113649564E+00
     0.113657859E+00
     0.113671187E+00
     0.113677633E+00
     0.113696972E+00
     0.113722089E+00
     0.113714322E+00
     0.113722090E+00
     0.113734573E+00
     0.113740599E+00
     0.113758683E+00
     0.113782137E+00
     0.113774888E+00
     0.113782138E+00
     0.113793789E+00
     0.113799403E+00
     0.113816250E+00
     0.113838067E+00
     0.113831328E+00
     0.113838068E+00
     0.113848900E+00
     0.113854108E+00
     0.113869737E+00
     0.113889942E+00
     0.113883705E+00
     0.113889943E+00
     0.113899967E+00
     0.113904776E+00
     0.113919205E+00
     0.113937822E+00
     0.113932080E+00
     0.113937822E+00
     0.113947051E+00
     0.113951466E+00
     0.113964713E+00
     0.113981764E+00
     0.113976510E+00
     0.113981765E+00
     0.113990209E+00
     0.113994235E+00
     0.114006316E+00
     0.114021824E+00
     0.114017051E+00
     0.114021825E+00
     0.114029496E+00
     0.114033138E+00
     0.114044069E+00
     0.114058054E+00
     0.114053756E+00
     0.114058055E+00
     0.114064962E+00
     0.114068226E+00
     0.114078021E+00
     0.114090503E+00
     0.114086673E+00
     0.114090504E+00
     0.114096657E+00
     0.114099547E+00
     0.114108221E+00
     0.114119218E+00
     0.114115850E+00
     0.114119218E+00
     0.114124625E+00
     0.114127146E+00
     0.114134711E+00
     0.114144239E+00
     0.114141329E+00
     0.114144239E+00
     0.114148909E+00
     0.114151063E+00
     0.114157531E+00
     0.114165606E+00
     0.114163149E+00
     0.114165606E+00
     0.114169544E+00
     0.114171336E+00
     0.114176716E+00
     0.114183350E+00
     0.114181343E+00
     0.114183351E+00
     0.114186564E+00
     0.114187996E+00
     0.114192297E+00
     0.114197501E+00
     0.114195939E+00
     0.114197502E+00
     0.114199994E+00
     0.114201069E+00
     0.114204297E+00
     0.114208080E+00
     0.114206961E+00
     0.114208081E+00
     0.114209855E+00
     0.114210574E+00
     0.114212733E+00
     0.114215100E+00
     0.114214423E+00
     0.114215101E+00
     0.114216159E+00
     0.114216522E+00
     0.114217614E+00
     0.114218567E+00
     0.114218330E+00
     0.114218567E+00
     0.114218908E+00
     0.114218914E+00
     0.114218938E+00
     0.114218472E+00
     0.114218678E+00
     0.114218472E+00
     0.114218092E+00
     0.114217740E+00
     0.114216688E+00
     0.114214796E+00
     0.114215447E+00
     0.114214796E+00
     0.114213687E+00
     0.114212973E+00
     0.114210834E+00
     0.114207497E+00
     0.114208599E+00
     0.114207498E+00
     0.114205650E+00
     0.114204568E+00
     0.114201324E+00
     0.114196522E+00
     0.114198081E+00
     0.114196522E+00
     0.114193973E+00
     0.114192547E+00
     0.114188275E+00
     0.114182123E+00
     0.114184101E+00
     0.114182124E+00
     0.114178903E+00
     0.114177149E+00
     0.114171892E+00
     0.114164451E+00
     0.114166829E+00
     0.114164451E+00
     0.114160589E+00
     0.114158522E+00
     0.114152324E+00
     0.114143652E+00
     0.114146412E+00
     0.114143653E+00
     0.114139178E+00
     0.114136812E+00
     0.114129718E+00
     0.114119873E+00
     0.114122997E+00
     0.114119873E+00
     0.114114815E+00
     0.114112165E+00
     0.114104217E+00
     0.114093255E+00
     0.114096725E+00
     0.114093256E+00
     0.114087643E+00
     0.114084722E+00
     0.114075962E+00
     0.114063940E+00
     0.114067738E+00
     0.114063940E+00
     0.114057800E+00
     0.114054622E+00
     0.114045092E+00
     0.114032063E+00
     0.114036173E+00
     0.114032063E+00
     0.114025423E+00
     0.114022001E+00
     0.114011741E+00
     0.113997758E+00
     0.114002164E+00
     0.113997758E+00
     0.113990643E+00
     0.113986992E+00
     0.113976040E+00
     0.113961154E+00
     0.113965840E+00
     0.113961154E+00
     0.113953592E+00
     0.113949722E+00
     0.113938116E+00
     0.113922379E+00
     0.113927328E+00
     0.113922379E+00
     0.113914392E+00
     0.113910317E+00
     0.113898094E+00
     0.113881552E+00
     0.113886751E+00
     0.113881553E+00
     0.113873167E+00
     0.113868898E+00
     0.113856093E+00
     0.113838794E+00
     0.113844227E+00
     0.113838794E+00
     0.113830032E+00
     0.113825580E+00
     0.113812228E+00
     0.113794216E+00
     0.113799870E+00
     0.113794216E+00
     0.113785100E+00
     0.113780476E+00
     0.113766609E+00
     0.113747929E+00
     0.113753790E+00
     0.113747929E+00
     0.113738545E+00
     0.113733795E+00
     0.113719546E+00
     0.113700376E+00
     0.113706388E+00
     0.113700376E+00
     0.113690808E+00
     0.113685972E+00
     0.113671466E+00
     0.113651972E+00
     0.113658082E+00
     0.113651972E+00
     0.113642242E+00
     0.113637331E+00
     0.113622600E+00
     0.113602824E+00
     0.113609020E+00
     0.113602825E+00
     0.113592953E+00
     0.113587977E+00
     0.113573052E+00
     0.113553033E+00
     0.113559303E+00
     0.113553033E+00
     0.113543039E+00
     0.113538007E+00
     0.113522913E+00
     0.113502685E+00
     0.113509018E+00
     0.113502685E+00
     0.113492586E+00
     0.113487506E+00
     0.113472268E+00
     0.113451861E+00
     0.113458249E+00
     0.113451861E+00
     0.113441673E+00
     0.113436552E+00
     0.113421191E+00
     0.113400635E+00
     0.113407068E+00
     0.113400635E+00
     0.113390370E+00
     0.113385216E+00
     0.113369753E+00
     0.113349073E+00
     0.113355543E+00
     0.113349073E+00
     0.113338744E+00
     0.113333562E+00
     0.113318015E+00
     0.113297234E+00
     0.113303734E+00
     0.113297234E+00
     0.113286854E+00
     0.113281649E+00
     0.113266035E+00
     0.113245174E+00
     0.113251698E+00
     0.113245174E+00
     0.113234753E+00
     0.113229530E+00
     0.113213864E+00
     0.113192944E+00
     0.113199485E+00
     0.113192944E+00
     0.113182490E+00
     0.113177255E+00
     0.113161550E+00
     0.113140587E+00
     0.113147140E+00
     0.113140587E+00
     0.113130111E+00
     0.113124867E+00
     0.113109135E+00
     0.113088146E+00
     0.113094707E+00
     0.113088146E+00
     0.113077655E+00
     0.113072406E+00
     0.113056660E+00
     0.113035659E+00
     0.113042222E+00
     0.113035659E+00
     0.113025159E+00
     0.113019909E+00
     0.113004158E+00
     0.112983159E+00
     0.112989720E+00
     0.112983159E+00
     0.112972657E+00
     0.112967408E+00
     0.112951662E+00
     0.112930676E+00
     0.112937233E+00
     0.112930676E+00
     0.112920179E+00
     0.112914934E+00
     0.112899201E+00
     0.112878239E+00
     0.112884787E+00
     0.112878239E+00
     0.112867751E+00
     0.112862513E+00
     0.112846800E+00
     0.112825872E+00
     0.112832409E+00
     0.112825872E+00
     0.112815398E+00
     0.112810169E+00
     0.112794483E+00
     0.112773596E+00
     0.112780120E+00
     0.112773596E+00
     0.112763140E+00
     0.112757922E+00
     0.112742269E+00
     0.112721432E+00
     0.112727939E+00
     0.112721432E+00
     0.112710997E+00
     0.112705792E+00
     0.112690176E+00
     0.112669395E+00
     0.112675884E+00
     0.112669395E+00
     0.112658985E+00
     0.112653794E+00
     0.112638220E+00
     0.112617500E+00
     0.112623969E+00
     0.112617500E+00
     0.112607117E+00
     0.112601941E+00
     0.112586413E+00
     0.112565758E+00
     0.112572206E+00
     0.112565758E+00
     0.112555404E+00
     0.112550244E+00
     0.112534764E+00
     0.112514179E+00
     0.112520605E+00
     0.112514179E+00
     0.112503856E+00
     0.112498712E+00
     0.112483283E+00
     0.112462769E+00
     0.112469172E+00
     0.112462769E+00
     0.112452477E+00
     0.112447351E+00
     0.112431973E+00
     0.112411532E+00
     0.112417912E+00
     0.112411532E+00
     0.112401273E+00
     0.112396164E+00
     0.112380838E+00
     0.112360471E+00
     0.112366827E+00
     0.112360471E+00
     0.112350243E+00
     0.112345151E+00
     0.112329877E+00
     0.112309583E+00
     0.112315916E+00
     0.112309583E+00
     0.112299386E+00
     0.112294311E+00
     0.112279087E+00
     0.112258864E+00
     0.112265175E+00
     0.112258864E+00
     0.112248696E+00
     0.112243637E+00
     0.112228461E+00
     0.112208307E+00
     0.112214595E+00
     0.112208307E+00
     0.112198165E+00
     0.112193121E+00
     0.112177990E+00
     0.112157898E+00
     0.112164167E+00
     0.112157898E+00
     0.112147781E+00
     0.112142750E+00
     0.112127657E+00
     0.112107623E+00
     0.112113873E+00
     0.112107623E+00
     0.112097524E+00
     0.112092504E+00
     0.112077445E+00
     0.112057458E+00
     0.112063693E+00
     0.112057458E+00
     0.112047373E+00
     0.112042361E+00
     0.112027326E+00
     0.112007376E+00
     0.112013599E+00
     0.112007376E+00
     0.111997297E+00
     0.111992290E+00
     0.111977268E+00
     0.111957340E+00
     0.111963555E+00
     0.111957340E+00
     0.111947257E+00
     0.111942249E+00
     0.111927226E+00
     0.111907302E+00
     0.111913515E+00
     0.111907302E+00
     0.111897202E+00
     0.111892187E+00
     0.111877145E+00
     0.111857199E+00
     0.111863418E+00
     0.111857199E+00
     0.111847066E+00
     0.111842037E+00
     0.111826950E+00
     0.111806951E+00
     0.111813186E+00
     0.111806951E+00
     0.111796784E+00
     0.111791739E+00
     0.111776607E+00
     0.111756554E+00
     0.111762805E+00
     0.111756554E+00
     0.111746402E+00
     0.111741367E+00
     0.111726264E+00
     0.111706254E+00
     0.111712491E+00
     0.111706254E+00
     0.111696111E+00
     0.111691082E+00
     0.111675997E+00
     0.111656016E+00
     0.111662244E+00
     0.111656016E+00
     0.111645872E+00
     0.111640845E+00
     0.111625763E+00
     0.111605795E+00
     0.111612018E+00
     0.111605795E+00
     0.111595638E+00
     0.111590606E+00
     0.111575511E+00
     0.111555531E+00
     0.111561757E+00
     0.111555531E+00
     0.111545345E+00
     0.111540302E+00
     0.111525171E+00
     0.111505150E+00
     0.111511388E+00
     0.111505150E+00
     0.111494914E+00
     0.111489848E+00
     0.111474651E+00
     0.111454549E+00
     0.111460811E+00
     0.111454549E+00
     0.111444235E+00
     0.111439132E+00
     0.111423826E+00
     0.111403589E+00
     0.111409892E+00
     0.111403589E+00
     0.111393153E+00
     0.111387994E+00
     0.111372518E+00
     0.111352066E+00
     0.111358435E+00
     0.111352066E+00
     0.111341446E+00
     0.111336199E+00
     0.111320460E+00
     0.111299673E+00
     0.111306145E+00
     0.111299673E+00
     0.111289731E+00
     0.111284819E+00
     0.111270081E+00
     0.111250613E+00
     0.111256675E+00
     0.111250613E+00
     0.111241552E+00
     0.111237072E+00
     0.111223632E+00
     0.111205871E+00
     0.111211402E+00
     0.111205871E+00
     0.111197437E+00
     0.111193267E+00
     0.111180754E+00
     0.111164214E+00
     0.111169365E+00
     0.111164214E+00
     0.111156267E+00
     0.111152336E+00
     0.111140543E+00
     0.111124951E+00
     0.111129807E+00
     0.111124951E+00
     0.111117405E+00
     0.111113672E+00
     0.111102472E+00
     0.111087661E+00
     0.111092274E+00
     0.111087661E+00
     0.111080458E+00
     0.111076894E+00
     0.111066202E+00
     0.111052061E+00
     0.111056466E+00
     0.111052061E+00
     0.111045159E+00
     0.111041743E+00
     0.111031497E+00
     0.111017944E+00
     0.111022166E+00
     0.111017944E+00
     0.111011310E+00
     0.111008027E+00
     0.110998178E+00
     0.110985152E+00
     0.110989210E+00
     0.110985152E+00
     0.110978761E+00
     0.110975598E+00
     0.110966109E+00
     0.110953559E+00
     0.110957468E+00
     0.110953559E+00
     0.110947390E+00
     0.110944337E+00
     0.110935178E+00
     0.110923063E+00
     0.110926837E+00
     0.110923063E+00
     0.110917100E+00
     0.110914148E+00
     0.110905294E+00
     0.110893581E+00
     0.110897229E+00
     0.110893581E+00
     0.110887807E+00
     0.110884950E+00
     0.110876378E+00
     0.110865038E+00
     0.110868571E+00
     0.110865038E+00
     0.110859443E+00
     0.110856674E+00
     0.110848365E+00
     0.110837375E+00
     0.110840798E+00
     0.110837375E+00
     0.110831946E+00
     0.110829259E+00
     0.110821198E+00
     0.110810535E+00
     0.110813857E+00
     0.110810535E+00
     0.110805263E+00
     0.110802654E+00
     0.110794826E+00
     0.110784472E+00
     0.110787698E+00
     0.110784472E+00
     0.110779348E+00
     0.110776813E+00
     0.110769205E+00
     0.110759142E+00
     0.110762277E+00
     0.110759142E+00
     0.110754160E+00
     0.110751694E+00
     0.110744295E+00
     0.110734509E+00
     0.110737557E+00
     0.110734509E+00
     0.110729659E+00
     0.110727260E+00
     0.110720060E+00
     0.110710536E+00
     0.110713503E+00
     0.110710536E+00
     0.110705814E+00
     0.110703477E+00
     0.110696466E+00
     0.110687193E+00
     0.110690082E+00
     0.110687193E+00
     0.110682592E+00
     0.110680316E+00
     0.110673485E+00
     0.110664451E+00
     0.110667265E+00
     0.110664451E+00
     0.110659966E+00
     0.110657747E+00
     0.110651089E+00
     0.110642283E+00
     0.110645026E+00
     0.110642283E+00
     0.110637910E+00
     0.110635746E+00
     0.110629253E+00
     0.110620666E+00
     0.110623341E+00
     0.110620666E+00
     0.110616399E+00
     0.110614287E+00
     0.110607953E+00
     0.110599575E+00
     0.110602185E+00
     0.110599575E+00
     0.110595411E+00
     0.110593350E+00
     0.110587168E+00
     0.110578991E+00
     0.110581538E+00
     0.110578991E+00
     0.110574925E+00
     0.110572913E+00
     0.110566877E+00
     0.110558894E+00
     0.110561381E+00
     0.110558894E+00
     0.110554922E+00
     0.110552957E+00
     0.110547061E+00
     0.110539265E+00
     0.110541693E+00
     0.110539265E+00
     0.110535384E+00
     0.110533464E+00
     0.110527704E+00
     0.110520086E+00
     0.110522459E+00
     0.110520086E+00
     0.110516293E+00
     0.110514416E+00
     0.110508786E+00
     0.110501342E+00
     0.110503661E+00
     0.110501342E+00
     0.110497633E+00
     0.110495798E+00
     0.110490294E+00
     0.110483016E+00
     0.110485283E+00
     0.110483016E+00
     0.110479389E+00
     0.110477595E+00
     0.110472212E+00
     0.110465095E+00
     0.110467311E+00
     0.110465095E+00
     0.110461546E+00
     0.110459791E+00
     0.110454525E+00
     0.110447563E+00
     0.110449731E+00
     0.110447563E+00
     0.110444090E+00
     0.110442373E+00
     0.110437220E+00
     0.110430408E+00
     0.110432529E+00
     0.110430408E+00
     0.110427008E+00
     0.110425327E+00
     0.110420284E+00
     0.110413616E+00
     0.110415693E+00
     0.110413616E+00
     0.110410288E+00
     0.110408642E+00
     0.110403704E+00
     0.110397176E+00
     0.110399209E+00
     0.110397176E+00
     0.110393916E+00
     0.110392304E+00
     0.110387468E+00
     0.110381076E+00
     0.110383067E+00
     0.110381076E+00
     0.110377882E+00
     0.110376303E+00
     0.110371566E+00
     0.110365304E+00
     0.110367254E+00
     0.110365304E+00
     0.110362174E+00
     0.110360627E+00
     0.110355984E+00
     0.110349849E+00
     0.110351760E+00
     0.110349849E+00
     0.110346781E+00
     0.110345264E+00
     0.110340714E+00
     0.110334701E+00
     0.110336574E+00
     0.110334701E+00
     0.110331693E+00
     0.110330206E+00
     0.110325745E+00
     0.110319850E+00
     0.110321685E+00
     0.110319850E+00
     0.110316898E+00
     0.110315440E+00
     0.110311065E+00
     0.110305284E+00
     0.110307084E+00
     0.110305284E+00
     0.110302388E+00
     0.110300957E+00
     0.110296665E+00
     0.110290994E+00
     0.110292760E+00
     0.110290994E+00
     0.110288152E+00
     0.110286748E+00
     0.110282535E+00
     0.110276970E+00
     0.110278703E+00
     0.110276970E+00
     0.110274180E+00
     0.110272801E+00
     0.110268666E+00
     0.110263203E+00
     0.110264904E+00
     0.110263203E+00
     0.110260462E+00
     0.110259108E+00
     0.110255047E+00
     0.110249683E+00
     0.110251353E+00
     0.110249683E+00
     0.110246989E+00
     0.110245659E+00
     0.110241668E+00
     0.110236399E+00
     0.110238039E+00
     0.110236399E+00
     0.110233751E+00
     0.110232443E+00
     0.110228521E+00
     0.110223341E+00
     0.110224954E+00
     0.110223341E+00
     0.110220737E+00
     0.110219451E+00
     0.110215593E+00
     0.110210500E+00
     0.110212086E+00
     0.110210500E+00
     0.110207937E+00
     0.110206671E+00
     0.110202875E+00
     0.110197865E+00
     0.110199424E+00
     0.110197865E+00
     0.110195340E+00
     0.110194094E+00
     0.110190356E+00
     0.110185424E+00
     0.110186959E+00
     0.110185424E+00
     0.110182935E+00
     0.110181708E+00
     0.110178024E+00
     0.110173165E+00
     0.110174677E+00
     0.110173165E+00
     0.110170710E+00
     0.110169499E+00
     0.110165866E+00
     0.110161074E+00
     0.110162566E+00
     0.110161074E+00
     0.110158650E+00
     0.110157455E+00
     0.110153868E+00
     0.110149138E+00
     0.110150610E+00
     0.110149138E+00
     0.110146741E+00
     0.110145559E+00
     0.110142014E+00
     0.110137339E+00
     0.110138793E+00
     0.110137339E+00
     0.110134964E+00
     0.110133794E+00
     0.110130283E+00
     0.110125656E+00
     0.110127095E+00
     0.110125656E+00
     0.110123299E+00
     0.110122138E+00
     0.110118655E+00
     0.110114064E+00
     0.110115492E+00
     0.110114064E+00
     0.110111718E+00
     0.110110563E+00
     0.110107098E+00
     0.110102532E+00
     0.110103952E+00
     0.110102532E+00
     0.110100188E+00
     0.110099034E+00
     0.110095573E+00
     0.110091016E+00
     0.110092433E+00
     0.110091016E+00
     0.110088660E+00
     0.110087502E+00
     0.110084026E+00
     0.110079452E+00
     0.110080874E+00
     0.110079452E+00
     0.110077063E+00
     0.110075889E+00
     0.110072368E+00
     0.110067737E+00
     0.110069176E+00
     0.110067737E+00
     0.110065275E+00
     0.110064067E+00
     0.110060443E+00
     0.110055682E+00
     0.110057161E+00
     0.110055682E+00
     0.110053050E+00
     0.110051762E+00
     0.110047897E+00
     0.110042828E+00
     0.110044402E+00
     0.110042828E+00
     0.110039864E+00
     0.110038420E+00
     0.110034084E+00
     0.110028417E+00
     0.110030174E+00
     0.110028417E+00
     0.110025733E+00
     0.110024423E+00
     0.110020493E+00
     0.110015352E+00
     0.110016947E+00
     0.110026205E+00
     0.110025120E+00
     0.110021868E+00
     0.110017598E+00
     0.110018924E+00
     0.110017598E+00
     0.110015422E+00
     0.110014356E+00
     0.110011158E+00
     0.110006962E+00
     0.110008265E+00
     0.110006962E+00
     0.110005037E+00
     0.110004093E+00
     0.110001260E+00
     0.109997539E+00
     0.109998695E+00
     0.109997539E+00
     0.109995783E+00
     0.109994922E+00
     0.109992337E+00
     0.109988938E+00
     0.109989994E+00
     0.109988938E+00
     0.109987310E+00
     0.109986510E+00
     0.109984110E+00
     0.109980954E+00
     0.109981935E+00
     0.109980954E+00
     0.109979428E+00
     0.109978679E+00
     0.109976429E+00
     0.109973469E+00
     0.109974389E+00
     0.109973469E+00
     0.109972030E+00
     0.109971322E+00
     0.109969199E+00
     0.109966405E+00
     0.109967274E+00
     0.109966405E+00
     0.109965041E+00
     0.109964370E+00
     0.109962358E+00
     0.109959709E+00
     0.109960532E+00
     0.109959709E+00
     0.109958411E+00
     0.109957773E+00
     0.109955858E+00
     0.109953338E+00
     0.109954121E+00
     0.109953338E+00
     0.109952100E+00
     0.109951491E+00
     0.109949664E+00
     0.109947260E+00
     0.109948007E+00
     0.109947260E+00
     0.109946076E+00
     0.109945494E+00
     0.109943748E+00
     0.109941448E+00
     0.109942163E+00
     0.109941448E+00
     0.109940315E+00
     0.109939757E+00
     0.109938084E+00
     0.109935882E+00
     0.109936567E+00
     0.109935882E+00
     0.109934794E+00
     0.109934259E+00
     0.109932655E+00
     0.109930541E+00
     0.109931198E+00
     0.109930541E+00
     0.109929497E+00
     0.109928983E+00
     0.109927442E+00
     0.109925412E+00
     0.109926043E+00
     0.109925412E+00
     0.109924407E+00
     0.109923913E+00
     0.109922431E+00
     0.109920479E+00
     0.109921086E+00
     0.109920479E+00
     0.109919512E+00
     0.109919036E+00
     0.109917609E+00
     0.109915730E+00
     0.109916314E+00
     0.109915730E+00
     0.109914799E+00
     0.109914341E+00
     0.109912966E+00
     0.109911156E+00
     0.109911719E+00
     0.109911156E+00
     0.109910258E+00
     0.109909816E+00
     0.109908491E+00
     0.109906745E+00
     0.109907288E+00
     0.109906745E+00
     0.109905879E+00
     0.109905453E+00
     0.109904174E+00
     0.109902491E+00
     0.109903014E+00
     0.109902491E+00
     0.109901655E+00
     0.109901243E+00
     0.109900009E+00
     0.109898384E+00
     0.109898889E+00
     0.109898384E+00
     0.109897577E+00
     0.109897179E+00
     0.109895987E+00
     0.109894418E+00
     0.109894906E+00
     0.109894418E+00
     0.109893638E+00
     0.109893254E+00
     0.109892103E+00
     0.109890586E+00
     0.109891058E+00
     0.109890586E+00
     0.109889832E+00
     0.109889461E+00
     0.109888348E+00
     0.109886883E+00
     0.109887338E+00
     0.109886883E+00
     0.109886154E+00
     0.109885795E+00
     0.109884719E+00
     0.109883302E+00
     0.109883742E+00
     0.109883302E+00
     0.109882597E+00
     0.109882250E+00
     0.109881209E+00
     0.109879838E+00
     0.109880265E+00
     0.109879838E+00
     0.109879156E+00
     0.109878821E+00
     0.109877814E+00
     0.109876488E+00
     0.109876900E+00
     0.109876488E+00
     0.109875828E+00
     0.109875503E+00
     0.109874529E+00
     0.109873246E+00
     0.109873645E+00
     0.109873246E+00
     0.109872607E+00
     0.109872292E+00
     0.109871349E+00
     0.109870108E+00
     0.109870494E+00
     0.109870108E+00
     0.109869489E+00
     0.109869185E+00
     0.109868272E+00
     0.109867070E+00
     0.109867444E+00
     0.109867070E+00
     0.109866471E+00
     0.109866177E+00
     0.109865293E+00
     0.109864129E+00
     0.109864491E+00
     0.109864129E+00
     0.109863549E+00
     0.109863264E+00
     0.109862408E+00
     0.109861282E+00
     0.109861632E+00
     0.109861282E+00
     0.109860720E+00
     0.109860444E+00
     0.109859615E+00
     0.109858524E+00
     0.109858863E+00
     0.109858524E+00
     0.109857980E+00
     0.109857712E+00
     0.109856910E+00
     0.109855854E+00
     0.109856182E+00
     0.109855854E+00
     0.109855326E+00
     0.109855067E+00
     0.109854290E+00
     0.109853267E+00
     0.109853585E+00
     0.109853267E+00
     0.109852756E+00
     0.109852505E+00
     0.109851753E+00
     0.109850762E+00
     0.109851070E+00
     0.109850762E+00
     0.109850267E+00
     0.109850024E+00
     0.109849295E+00
     0.109848335E+00
     0.109848634E+00
     0.109848335E+00
     0.109847856E+00
     0.109847621E+00
     0.109846914E+00
     0.109845985E+00
     0.109846274E+00
     0.109845985E+00
     0.109845521E+00
     0.109845293E+00
     0.109844609E+00
     0.109843709E+00
     0.109843989E+00
     0.109843709E+00
     0.109843259E+00
     0.109843038E+00
     0.109842376E+00
     0.109841504E+00
     0.109841775E+00
     0.109841504E+00
     0.109841069E+00
     0.109840855E+00
     0.109840213E+00
     0.109839369E+00
     0.109839631E+00
     0.109839369E+00
     0.109838947E+00
     0.109838740E+00
     0.109838118E+00
     0.109837301E+00
     0.109837555E+00
     0.109837301E+00
     0.109836892E+00
     0.109836692E+00
     0.109836090E+00
     0.109835299E+00
     0.109835544E+00
     0.109835299E+00
     0.109834903E+00
     0.109834709E+00
     0.109834126E+00
     0.109833360E+00
     0.109833598E+00
     0.109833360E+00
     0.109832976E+00
     0.109832788E+00
     0.109832224E+00
     0.109831482E+00
     0.109831713E+00
     0.109831482E+00
     0.109831111E+00
     0.109830929E+00
     0.109830383E+00
     0.109829665E+00
     0.109829888E+00
     0.109829665E+00
     0.109829306E+00
     0.109829130E+00
     0.109828601E+00
     0.109827906E+00
     0.109828122E+00
     0.109827906E+00
     0.109827559E+00
     0.109827388E+00
     0.109826876E+00
     0.109826204E+00
     0.109826413E+00
     0.109826204E+00
     0.109825868E+00
     0.109825703E+00
     0.109825208E+00
     0.109824557E+00
     0.109824759E+00
     0.109824557E+00
     0.109824232E+00
     0.109824072E+00
     0.109823593E+00
     0.109822964E+00
     0.109823159E+00
     0.109822964E+00
     0.109822649E+00
     0.109822494E+00
     0.109822031E+00
     0.109821423E+00
     0.109821612E+00
     0.109821423E+00
     0.109821118E+00
     0.109820969E+00
     0.109820520E+00
     0.109819932E+00
     0.109820115E+00
     0.109819932E+00
     0.109819637E+00
     0.109819493E+00
     0.109819060E+00
     0.109818491E+00
     0.109818668E+00
     0.109818491E+00
     0.109818206E+00
     0.109818067E+00
     0.109817648E+00
     0.109817098E+00
     0.109817269E+00
     0.109817098E+00
     0.109816823E+00
     0.109816688E+00
     0.109816283E+00
     0.109815752E+00
     0.109815917E+00
     0.109815752E+00
     0.109815486E+00
     0.109815356E+00
     0.109814965E+00
     0.109814452E+00
     0.109814611E+00
     0.109814452E+00
     0.109814195E+00
     0.109814069E+00
     0.109813691E+00
     0.109813196E+00
     0.109813350E+00
     0.109813196E+00
     0.109812948E+00
     0.109812826E+00
     0.109812462E+00
     0.109811984E+00
     0.109812132E+00
     0.109811984E+00
     0.109811744E+00
     0.109811626E+00
     0.109811275E+00
     0.109810813E+00
     0.109810956E+00
     0.109810813E+00
     0.109810582E+00
     0.109810469E+00
     0.109810129E+00
     0.109809684E+00
     0.109809822E+00
     0.109809684E+00
     0.109809460E+00
     0.109809351E+00
     0.109809024E+00
     0.109808594E+00
     0.109808728E+00
     0.109808594E+00
     0.109808379E+00
     0.109808274E+00
     0.109807958E+00
     0.109807544E+00
     0.109807673E+00
     0.109807544E+00
     0.109807336E+00
     0.109807235E+00
     0.109806931E+00
     0.109806532E+00
     0.109806656E+00
     0.109806532E+00
     0.109806332E+00
     0.109806234E+00
     0.109805941E+00
     0.109805556E+00
     0.109805676E+00
     0.109805556E+00
     0.109805364E+00
     0.109805269E+00
     0.109804987E+00
     0.109804617E+00
     0.109804732E+00
     0.109804617E+00
     0.109804431E+00
     0.109804341E+00
     0.109804069E+00
     0.109803713E+00
     0.109803823E+00
     0.109803713E+00
     0.109803534E+00
     0.109803447E+00
     0.109803185E+00
     0.109802843E+00
     0.109802949E+00
     0.109802843E+00
     0.109802671E+00
     0.109802587E+00
     0.109802336E+00
     0.109802006E+00
     0.109802109E+00
     0.109802006E+00
     0.109801841E+00
     0.109801760E+00
     0.109801519E+00
     0.109801202E+00
     0.109801300E+00
     0.109801202E+00
     0.109801043E+00
     0.109800966E+00
     0.109800734E+00
     0.109800430E+00
     0.109800524E+00
     0.109800430E+00
     0.109800277E+00
     0.109800203E+00
     0.109799980E+00
     0.109799688E+00
     0.109799778E+00
     0.109799688E+00
     0.109799541E+00
     0.109799470E+00
     0.109799256E+00
     0.109798976E+00
     0.109799063E+00
     0.109798976E+00
     0.109798836E+00
     0.109798767E+00
     0.109798562E+00
     0.109798294E+00
     0.109798377E+00
     0.109798294E+00
     0.109798159E+00
     0.109798093E+00
     0.109797896E+00
     0.109797639E+00
     0.109797719E+00
     0.109797639E+00
     0.109797510E+00
     0.109797447E+00
     0.109797259E+00
     0.109797013E+00
     0.109797089E+00
     0.109797013E+00
     0.109796889E+00
     0.109796829E+00
     0.109796649E+00
     0.109796413E+00
     0.109796486E+00
     0.109796413E+00
     0.109796295E+00
     0.109796237E+00
     0.109796065E+00
     0.109795840E+00
     0.109795910E+00
     0.109795840E+00
     0.109795727E+00
     0.109795672E+00
     0.109795507E+00
     0.109795292E+00
     0.109795358E+00
     0.109795292E+00
     0.109795184E+00
     0.109795131E+00
     0.109794974E+00
     0.109794769E+00
     0.109794832E+00
     0.109794769E+00
     0.109794665E+00
     0.109794615E+00
     0.109794465E+00
     0.109794269E+00
     0.109794330E+00
     0.109794269E+00
     0.109794171E+00
     0.109794123E+00
     0.109793980E+00
     0.109793794E+00
     0.109793851E+00
     0.109793794E+00
     0.109793700E+00
     0.109793654E+00
     0.109793518E+00
     0.109793341E+00
     0.109793395E+00
     0.109793341E+00
     0.109793251E+00
     0.109793208E+00
     0.109793078E+00
     0.109792909E+00
     0.109792962E+00
     0.109792909E+00
     0.109792824E+00
     0.109792783E+00
     0.109792660E+00
     0.109792500E+00
     0.109792549E+00
     0.109792500E+00
     0.109792419E+00
     0.109792380E+00
     0.109792263E+00
     0.109792111E+00
     0.109792158E+00
     0.109792111E+00
     0.109792034E+00
     0.109791997E+00
     0.109791886E+00
     0.109791742E+00
     0.109791787E+00
     0.109791742E+00
     0.109791669E+00
     0.109791634E+00
     0.109791529E+00
     0.109791393E+00
     0.109791435E+00
     0.109791393E+00
     0.109791324E+00
     0.109791291E+00
     0.109791191E+00
     0.109791062E+00
     0.109791102E+00
     0.109791062E+00
     0.109790997E+00
     0.109790966E+00
     0.109790872E+00
     0.109790750E+00
     0.109790788E+00
     0.109790750E+00
     0.109790689E+00
     0.109790659E+00
     0.109790571E+00
     0.109790456E+00
     0.109790491E+00
     0.109790456E+00
     0.109790398E+00
     0.109790370E+00
     0.109790287E+00
     0.109790179E+00
     0.109790212E+00
     0.109790179E+00
     0.109790124E+00
     0.109790098E+00
     0.109790020E+00
     0.109789918E+00
     0.109789950E+00
     0.109789918E+00
     0.109789867E+00
     0.109789842E+00
     0.109789769E+00
     0.109789674E+00
     0.109789703E+00
     0.109789674E+00
     0.109789625E+00
     0.109789602E+00
     0.109789533E+00
     0.109789444E+00
     0.109789472E+00
     0.109789444E+00
     0.109789399E+00
     0.109789378E+00
     0.109789313E+00
     0.109789230E+00
     0.109789256E+00
     0.109789230E+00
     0.109789188E+00
     0.109789168E+00
     0.109789107E+00
     0.109789030E+00
     0.109789054E+00
     0.109789030E+00
     0.109788991E+00
     0.109788972E+00
     0.109788916E+00
     0.109788844E+00
     0.109788866E+00
     0.109788844E+00
     0.109788807E+00
     0.109788790E+00
     0.109788737E+00
     0.109788670E+00
     0.109788691E+00
     0.109788670E+00
     0.109788637E+00
     0.109788620E+00
     0.109788572E+00
     0.109788510E+00
     0.109788529E+00
     0.109788510E+00
     0.109788479E+00
     0.109788464E+00
     0.109788419E+00
     0.109788362E+00
     0.109788380E+00
     0.109788362E+00
     0.109788333E+00
     0.109788319E+00
     0.109788278E+00
     0.109788225E+00
     0.109788242E+00
     0.109788225E+00
     0.109788199E+00
     0.109788186E+00
     0.109788148E+00
     0.109788100E+00
     0.109788115E+00
     0.109788100E+00
     0.109788076E+00
     0.109788064E+00
     0.109788029E+00
     0.109787985E+00
     0.109787999E+00
     0.109787985E+00
     0.109787963E+00
     0.109787952E+00
     0.109787921E+00
     0.109787881E+00
     0.109787893E+00
     0.109787881E+00
     0.109787860E+00
     0.109787851E+00
     0.109787822E+00
     0.109787786E+00
     0.109787797E+00
     0.109787786E+00
     0.109787767E+00
     0.109787759E+00
     0.109787733E+00
     0.109787700E+00
     0.109787710E+00
     0.109787700E+00
     0.109787683E+00
     0.109787676E+00
     0.109787652E+00
     0.109787623E+00
     0.109787632E+00
     0.109787623E+00
     0.109787608E+00
     0.109787601E+00
     0.109787580E+00
     0.109787554E+00
     0.109787562E+00
     0.109787554E+00
     0.109787541E+00
     0.109787534E+00
     0.109787516E+00
     0.109787493E+00
     0.109787500E+00
     0.109787493E+00
     0.109787481E+00
     0.109787475E+00
     0.109787459E+00
     0.109787439E+00
     0.109787445E+00
     0.109787439E+00
     0.109787428E+00
     0.109787423E+00
     0.109787409E+00
     0.109787391E+00
     0.109787397E+00
     0.109787391E+00
     0.109787382E+00
     0.109787378E+00
     0.109787366E+00
     0.109787350E+00
     0.109787355E+00
     0.109787350E+00
     0.109787342E+00
     0.109787339E+00
     0.109787328E+00
     0.109787315E+00
     0.109787319E+00
     0.109787315E+00
     0.109787308E+00
     0.109787305E+00
     0.109787296E+00
     0.109787285E+00
     0.109787288E+00
     0.109787285E+00
     0.109787279E+00
     0.109787277E+00
     0.109787269E+00
     0.109787260E+00
     0.109787263E+00
     0.109787260E+00
     0.109787255E+00
     0.109787253E+00
     0.109787247E+00
     0.109787239E+00
     0.109787242E+00
     0.109787239E+00
     0.109787235E+00
     0.109787234E+00
     0.109787229E+00
     0.109787223E+00
     0.109787224E+00
     0.109787223E+00
     0.109787220E+00
     0.109787218E+00
     0.109787215E+00
     0.109787210E+00
     0.109787212E+00
     0.109787210E+00
     0.109787208E+00
     0.109787207E+00
     0.109787204E+00
     0.109787201E+00
     0.109787202E+00
     0.109787201E+00
     0.109787200E+00
     0.109787199E+00
     0.109787197E+00
     0.109787195E+00
     0.109787196E+00
     0.109787195E+00
     0.109787194E+00
     0.109787193E+00
     0.109787192E+00
     0.109787191E+00
     0.109787191E+00
     0.109787191E+00
     0.109787190E+00
     0.109787190E+00
     0.109787189E+00
     0.109787188E+00
     0.109787188E+00
     0.109787188E+00
     0.109787187E+00
     0.109787187E+00
     0.109787187E+00
     0.109787186E+00
     0.109787186E+00
     0.109787186E+00
     0.109787186E+00
     0.109787186E+00
     0.109787185E+00
     0.109787185E+00
     0.109787185E+00
     0.109787185E+00
     0.109787185E+00
     0.109787185E+00
     0.109787185E+00
     0.109787185E+00
     0.109787185E+00
     0.109787185E+00
     0.109787184E+00
     0.109787184E+00
     0.109787184E+00
     0.109787184E+00
     0.109787184E+00
     0.109787184E+00
     0.109787184E+00
     0.109787184E+00
     0.109787184E+00
     0.109787184E+00
     0.109787184E+00
     0.109787184E+00
     0.109787184E+00
     0.109787184E+00
     0.109787184E+00
     0.109787184E+00
     0.109787184E+00
     0.109787184E+00
     0.109787184E+00
     0.109787184E+00
     0.109787184E+00
     0.109787184E+00
     0.109787184E+00
     0.109787184E+00
     0.109787184E+00
     0.109787184E+00
     0.109787184E+00
     0.109787184E+00
     0.109787184E+00
     0.109787184E+00
     0.109787184E+00
     0.109787184E+00
     0.109787184E+00
     0.109787184E+00
     0.109787184E+00
     0.109787184E+00
     0.109787184E+00
     0.109787184E+00
     0.109787184E+00
     0.109787184E+00
     0.109787184E+00
