     0.781000000E+01
     0.771017614E+01
     0.766514971E+01
     0.752937962E+01
     0.736237207E+01
     0.741295136E+01
     0.780001761E+01
     0.779507604E+01
     0.778025051E+01
     0.776063619E+01
     0.776674688E+01
     0.780866466E+01
     0.780799788E+01
     0.780599753E+01
     0.780333316E+01
     0.780416544E+01
     0.780333316E+01
     0.780134765E+01
     0.780035686E+01
     0.779738450E+01
     0.779342747E+01
     0.779466329E+01
     0.780246838E+01
     0.780203636E+01
     0.780074031E+01
     0.779901340E+01
     0.779955292E+01
     0.779901340E+01
     0.779801302E+01
     0.779751333E+01
     0.779601426E+01
     0.779401706E+01
     0.779464099E+01
     0.779401706E+01
     0.779302852E+01
     0.779253475E+01
     0.779105342E+01
     0.778907984E+01
     0.778969639E+01
     0.778907984E+01
     0.778804143E+01
     0.778752276E+01
     0.778596677E+01
     0.778389380E+01
     0.778454139E+01
     0.778389380E+01
     0.778281358E+01
     0.778227405E+01
     0.778065548E+01
     0.777849922E+01
     0.777917283E+01
     0.777849922E+01
     0.777738323E+01
     0.777682586E+01
     0.777515376E+01
     0.777292625E+01
     0.777362211E+01
     0.777292625E+01
     0.777177921E+01
     0.777120636E+01
     0.776948781E+01
     0.776719847E+01
     0.776791363E+01
     0.776719847E+01
     0.776602420E+01
     0.776543777E+01
     0.776367846E+01
     0.776133490E+01
     0.776206700E+01
     0.776133490E+01
     0.776013656E+01
     0.775953812E+01
     0.775774279E+01
     0.775535129E+01
     0.775609836E+01
     0.775535129E+01
     0.775413154E+01
     0.775352242E+01
     0.775169506E+01
     0.774926093E+01
     0.775002131E+01
     0.774926093E+01
     0.774802204E+01
     0.774740338E+01
     0.774554740E+01
     0.774307519E+01
     0.774384746E+01
     0.774307519E+01
     0.774181915E+01
     0.774119194E+01
     0.773931030E+01
     0.773680396E+01
     0.773758688E+01
     0.773680396E+01
     0.773553250E+01
     0.773489760E+01
     0.773299290E+01
     0.773045588E+01
     0.773124838E+01
     0.773045588E+01
     0.772917055E+01
     0.772852873E+01
     0.772660327E+01
     0.772403864E+01
     0.772483976E+01
     0.772403864E+01
     0.772274080E+01
     0.772209274E+01
     0.772014858E+01
     0.771755907E+01
     0.771836796E+01
     0.771755907E+01
     0.771624994E+01
     0.771559627E+01
     0.771363524E+01
     0.771102330E+01
     0.771183919E+01
     0.771102330E+01
     0.770970401E+01
     0.770904526E+01
     0.770706903E+01
     0.770443687E+01
     0.770525908E+01
     0.770443687E+01
     0.770310842E+01
     0.770244511E+01
     0.770045519E+01
     0.769780482E+01
     0.769863271E+01
     0.769780482E+01
     0.769646812E+01
     0.769580071E+01
     0.769379847E+01
     0.769113171E+01
     0.769196472E+01
     0.769113171E+01
     0.768978762E+01
     0.768911651E+01
     0.768710321E+01
     0.768442175E+01
     0.768525934E+01
     0.768442175E+01
     0.768307102E+01
     0.768239662E+01
     0.768037340E+01
     0.767767877E+01
     0.767852047E+01
     0.767767877E+01
     0.767632212E+01
     0.767564477E+01
     0.767361271E+01
     0.767090631E+01
     0.767175169E+01
     0.767090631E+01
     0.766954440E+01
     0.766886443E+01
     0.766682450E+01
     0.766410765E+01
     0.766495629E+01
     0.766410765E+01
     0.766274108E+01
     0.766205879E+01
     0.766001191E+01
     0.765728582E+01
     0.765813734E+01
     0.765728582E+01
     0.765591515E+01
     0.765523082E+01
     0.765317782E+01
     0.765044361E+01
     0.765129767E+01
     0.765044361E+01
     0.764906937E+01
     0.764838326E+01
     0.764632494E+01
     0.764358364E+01
     0.764443991E+01
     0.764358364E+01
     0.764220631E+01
     0.764151867E+01
     0.763945574E+01
     0.763670833E+01
     0.763756651E+01
     0.763670833E+01
     0.763532838E+01
     0.763463943E+01
     0.763257258E+01
     0.762981996E+01
     0.763067976E+01
     0.762981996E+01
     0.762843781E+01
     0.762774776E+01
     0.762567762E+01
     0.762292064E+01
     0.762378180E+01
     0.762292064E+01
     0.762153668E+01
     0.762084574E+01
     0.761877290E+01
     0.761601236E+01
     0.761687463E+01
     0.761601236E+01
     0.761462696E+01
     0.761393530E+01
     0.761186034E+01
     0.760909696E+01
     0.760996012E+01
     0.760909696E+01
     0.760771047E+01
     0.760701828E+01
     0.760494170E+01
     0.760217619E+01
     0.760304001E+01
     0.760217619E+01
     0.760078895E+01
     0.760009638E+01
     0.759801868E+01
     0.759525168E+01
     0.759611597E+01
     0.759525168E+01
     0.759386399E+01
     0.759317120E+01
     0.759109284E+01
     0.758832498E+01
     0.758918953E+01
     0.758832497E+01
     0.758693712E+01
     0.758624426E+01
     0.758416566E+01
     0.758139751E+01
     0.758226215E+01
     0.758139751E+01
     0.758000977E+01
     0.757931696E+01
     0.757723855E+01
     0.757447065E+01
     0.757533521E+01
     0.757447065E+01
     0.757308328E+01
     0.757239066E+01
     0.757031281E+01
     0.756754567E+01
     0.756840999E+01
     0.756754567E+01
     0.756615891E+01
     0.756546660E+01
     0.756338968E+01
     0.756062379E+01
     0.756148772E+01
     0.756062379E+01
     0.755923786E+01
     0.755854598E+01
     0.755647033E+01
     0.755370613E+01
     0.755456953E+01
     0.755370613E+01
     0.755232127E+01
     0.755162991E+01
     0.754955585E+01
     0.754679379E+01
     0.754765652E+01
     0.754679379E+01
     0.754541018E+01
     0.754471946E+01
     0.754264729E+01
     0.753988776E+01
     0.754074970E+01
     0.753988776E+01
     0.753850560E+01
     0.753781561E+01
     0.753574563E+01
     0.753298902E+01
     0.753385005E+01
     0.753298902E+01
     0.753160849E+01
     0.753091932E+01
     0.752885179E+01
     0.752609846E+01
     0.752695847E+01
     0.752609847E+01
     0.752471975E+01
     0.752403147E+01
     0.752196666E+01
     0.751921696E+01
     0.752007582E+01
     0.751921696E+01
     0.751784020E+01
     0.751715292E+01
     0.751509106E+01
     0.751234530E+01
     0.751320294E+01
     0.751234530E+01
     0.751097067E+01
     0.751028445E+01
     0.750822578E+01
     0.750548428E+01
     0.750634058E+01
     0.750548428E+01
     0.750411191E+01
     0.750342683E+01
     0.750137156E+01
     0.749863460E+01
     0.749948948E+01
     0.749863460E+01
     0.749726464E+01
     0.749658076E+01
     0.749452910E+01
     0.749179696E+01
     0.749265033E+01
     0.749179696E+01
     0.749042953E+01
     0.748974692E+01
     0.748769907E+01
     0.748497200E+01
     0.748582379E+01
     0.748497200E+01
     0.748360724E+01
     0.748292595E+01
     0.748088209E+01
     0.747816035E+01
     0.747901048E+01
     0.747816035E+01
     0.747679836E+01
     0.747611846E+01
     0.747407877E+01
     0.747136258E+01
     0.747221097E+01
     0.747136258E+01
     0.747000348E+01
     0.746932502E+01
     0.746728966E+01
     0.746457925E+01
     0.746542583E+01
     0.746457925E+01
     0.746322314E+01
     0.746254618E+01
     0.746051530E+01
     0.745781087E+01
     0.745865559E+01
     0.745781087E+01
     0.745645785E+01
     0.745578244E+01
     0.745375620E+01
     0.745105795E+01
     0.745190073E+01
     0.745105795E+01
     0.744970811E+01
     0.744903429E+01
     0.744701282E+01
     0.744432095E+01
     0.744516174E+01
     0.744432095E+01
     0.744297438E+01
     0.744230219E+01
     0.744028564E+01
     0.743760030E+01
     0.743843905E+01
     0.743760030E+01
     0.743625709E+01
     0.743558658E+01
     0.743357506E+01
     0.743089644E+01
     0.743173309E+01
     0.743089644E+01
     0.742955666E+01
     0.742888787E+01
     0.742688150E+01
     0.742420975E+01
     0.742504425E+01
     0.742420975E+01
     0.742287348E+01
     0.742220644E+01
     0.742020534E+01
     0.741754060E+01
     0.741837291E+01
     0.741754060E+01
     0.741620792E+01
     0.741554267E+01
     0.741354693E+01
     0.741088936E+01
     0.741171943E+01
     0.741088936E+01
     0.740956032E+01
     0.740889690E+01
     0.740690663E+01
     0.740425635E+01
     0.740508414E+01
     0.740425635E+01
     0.740293102E+01
     0.740226945E+01
     0.740028475E+01
     0.739764189E+01
     0.739846736E+01
     0.739764189E+01
     0.739632033E+01
     0.739566065E+01
     0.739368160E+01
     0.739104627E+01
     0.739186939E+01
     0.739104627E+01
     0.738972854E+01
     0.738907077E+01
     0.738709746E+01
     0.738446978E+01
     0.738529051E+01
     0.738446978E+01
     0.738315592E+01
     0.738250009E+01
     0.738053260E+01
     0.737791267E+01
     0.737873098E+01
     0.737791267E+01
     0.737660274E+01
     0.737594888E+01
     0.737398727E+01
     0.737137520E+01
     0.737219105E+01
     0.737137520E+01
     0.737006925E+01
     0.736941736E+01
     0.736746172E+01
     0.736485759E+01
     0.736567096E+01
     0.736485759E+01
     0.736355566E+01
     0.736290578E+01
     0.736095616E+01
     0.735836007E+01
     0.735917093E+01
     0.735836007E+01
     0.735706220E+01
     0.735641435E+01
     0.735447082E+01
     0.735188283E+01
     0.735269116E+01
     0.735188284E+01
     0.735058906E+01
     0.734994326E+01
     0.734800587E+01
     0.734542608E+01
     0.734623185E+01
     0.734542608E+01
     0.734413644E+01
     0.734349271E+01
     0.734156152E+01
     0.733898999E+01
     0.733979318E+01
     0.733898999E+01
     0.733770451E+01
     0.733706287E+01
     0.733513792E+01
     0.733257472E+01
     0.733337531E+01
     0.733257472E+01
     0.733129344E+01
     0.733065389E+01
     0.732873524E+01
     0.732618043E+01
     0.732697840E+01
     0.732618043E+01
     0.732490338E+01
     0.732426594E+01
     0.732235363E+01
     0.731980727E+01
     0.732060259E+01
     0.731980727E+01
     0.731853447E+01
     0.731789916E+01
     0.731599323E+01
     0.731345536E+01
     0.731424803E+01
     0.731345537E+01
     0.731218685E+01
     0.731155367E+01
     0.730965415E+01
     0.730712484E+01
     0.730791484E+01
     0.730712484E+01
     0.730586062E+01
     0.730522960E+01
     0.730333653E+01
     0.730081581E+01
     0.730160312E+01
     0.730081581E+01
     0.729955592E+01
     0.729892705E+01
     0.729704046E+01
     0.729452838E+01
     0.729531299E+01
     0.729452838E+01
     0.729327283E+01
     0.729264613E+01
     0.729076605E+01
     0.728826264E+01
     0.728904455E+01
     0.728826265E+01
     0.728701145E+01
     0.728638693E+01
     0.728451338E+01
     0.728201869E+01
     0.728279787E+01
     0.728201869E+01
     0.728077186E+01
     0.728014953E+01
     0.727828254E+01
     0.727579658E+01
     0.727657303E+01
     0.727579659E+01
     0.727455415E+01
     0.727393401E+01
     0.727207360E+01
     0.726959641E+01
     0.727037012E+01
     0.726959641E+01
     0.726835837E+01
     0.726774043E+01
     0.726588661E+01
     0.726341822E+01
     0.726418918E+01
     0.726341822E+01
     0.726218459E+01
     0.726156886E+01
     0.725972165E+01
     0.725726207E+01
     0.725803028E+01
     0.725726208E+01
     0.725603286E+01
     0.725541934E+01
     0.725357876E+01
     0.725112802E+01
     0.725189346E+01
     0.725112802E+01
     0.724990323E+01
     0.724929192E+01
     0.724745798E+01
     0.724501609E+01
     0.724577877E+01
     0.724501609E+01
     0.724379573E+01
     0.724318664E+01
     0.724135935E+01
     0.723892632E+01
     0.723968623E+01
     0.723892632E+01
     0.723771040E+01
     0.723710352E+01
     0.723528289E+01
     0.723285873E+01
     0.723361587E+01
     0.723285874E+01
     0.723164717E+01
     0.723104247E+01
     0.722922836E+01
     0.722681289E+01
     0.722756731E+01
     0.722681290E+01
     0.722560566E+01
     0.722500313E+01
     0.722319552E+01
     0.722078872E+01
     0.722154043E+01
     0.722078872E+01
     0.721958583E+01
     0.721898546E+01
     0.721718435E+01
     0.721478623E+01
     0.721553523E+01
     0.721478623E+01
     0.721358768E+01
     0.721298948E+01
     0.721119488E+01
     0.720880544E+01
     0.720955173E+01
     0.720880544E+01
     0.720761123E+01
     0.720701520E+01
     0.720522711E+01
     0.720284635E+01
     0.720358993E+01
     0.720284635E+01
     0.720165648E+01
     0.720106263E+01
     0.719928105E+01
     0.719690897E+01
     0.719764984E+01
     0.719690898E+01
     0.719572345E+01
     0.719513176E+01
     0.719335670E+01
     0.719099330E+01
     0.719173145E+01
     0.719099330E+01
     0.718981211E+01
     0.718922260E+01
     0.718745405E+01
     0.718509933E+01
     0.718583477E+01
     0.718509933E+01
     0.718392247E+01
     0.718333513E+01
     0.718157308E+01
     0.717922703E+01
     0.717995976E+01
     0.717922703E+01
     0.717805451E+01
     0.717746933E+01
     0.717571378E+01
     0.717337640E+01
     0.717410642E+01
     0.717337640E+01
     0.717220821E+01
     0.717162519E+01
     0.716987613E+01
     0.716754741E+01
     0.716827472E+01
     0.716754741E+01
     0.716638354E+01
     0.716580268E+01
     0.716406010E+01
     0.716174002E+01
     0.716246464E+01
     0.716174002E+01
     0.716058047E+01
     0.716000177E+01
     0.715826566E+01
     0.715595421E+01
     0.715667613E+01
     0.715595421E+01
     0.715479896E+01
     0.715422242E+01
     0.715249278E+01
     0.715018994E+01
     0.715090916E+01
     0.715018994E+01
     0.714903899E+01
     0.714846459E+01
     0.714674140E+01
     0.714444716E+01
     0.714516370E+01
     0.714444716E+01
     0.714330049E+01
     0.714272824E+01
     0.714101148E+01
     0.713872582E+01
     0.713943968E+01
     0.713872582E+01
     0.713758344E+01
     0.713701332E+01
     0.713530298E+01
     0.713302588E+01
     0.713373706E+01
     0.713302588E+01
     0.713188776E+01
     0.713131978E+01
     0.712961584E+01
     0.712734727E+01
     0.712805579E+01
     0.712734728E+01
     0.712621341E+01
     0.712564756E+01
     0.712395000E+01
     0.712168995E+01
     0.712239580E+01
     0.712168995E+01
     0.712056033E+01
     0.711999659E+01
     0.711830540E+01
     0.711605383E+01
     0.711675704E+01
     0.711605384E+01
     0.711492844E+01
     0.711436682E+01
     0.711268197E+01
     0.711043886E+01
     0.711113942E+01
     0.711043887E+01
     0.710931768E+01
     0.710875817E+01
     0.710707965E+01
     0.710484497E+01
     0.710554289E+01
     0.710484497E+01
     0.710372798E+01
     0.710317057E+01
     0.710149835E+01
     0.709927207E+01
     0.709996737E+01
     0.709927207E+01
     0.709815927E+01
     0.709760395E+01
     0.709593799E+01
     0.709372009E+01
     0.709441277E+01
     0.709372009E+01
     0.709261145E+01
     0.709205822E+01
     0.709039851E+01
     0.708818894E+01
     0.708887902E+01
     0.708818894E+01
     0.708708445E+01
     0.708653329E+01
     0.708487981E+01
     0.708267854E+01
     0.708336602E+01
     0.708267854E+01
     0.708157818E+01
     0.708102909E+01
     0.707938181E+01
     0.707718880E+01
     0.707787370E+01
     0.707718880E+01
     0.707609255E+01
     0.707554551E+01
     0.707390440E+01
     0.707171962E+01
     0.707240195E+01
     0.707171963E+01
     0.707062747E+01
     0.707008248E+01
     0.706844750E+01
     0.706627091E+01
     0.706695069E+01
     0.706627092E+01
     0.706518283E+01
     0.706463988E+01
     0.706301101E+01
     0.706084257E+01
     0.706151980E+01
     0.706084258E+01
     0.705975854E+01
     0.705921761E+01
     0.705759483E+01
     0.705543450E+01
     0.705610919E+01
     0.705543450E+01
     0.705435449E+01
     0.705381558E+01
     0.705219884E+01
     0.705004658E+01
     0.705071874E+01
     0.705004658E+01
     0.704897058E+01
     0.704843367E+01
     0.704682294E+01
     0.704467870E+01
     0.704534836E+01
     0.704467871E+01
     0.704360669E+01
     0.704307177E+01
     0.704146703E+01
     0.703933076E+01
     0.703999793E+01
     0.703933077E+01
     0.703826271E+01
     0.703772977E+01
     0.703613098E+01
     0.703400264E+01
     0.703466733E+01
     0.703400265E+01
     0.703293852E+01
     0.703240756E+01
     0.703081467E+01
     0.702869422E+01
     0.702935644E+01
     0.702869423E+01
     0.702763401E+01
     0.702710501E+01
     0.702551799E+01
     0.702340537E+01
     0.702406515E+01
     0.702340538E+01
     0.702234905E+01
     0.702182199E+01
     0.702024081E+01
     0.701813598E+01
     0.701879332E+01
     0.701813598E+01
     0.701708352E+01
     0.701655839E+01
     0.701498300E+01
     0.701288591E+01
     0.701354083E+01
     0.701288591E+01
     0.701183728E+01
     0.701131407E+01
     0.700974444E+01
     0.700765503E+01
     0.700830755E+01
     0.700765503E+01
     0.700661021E+01
     0.700608891E+01
     0.700452499E+01
     0.700244321E+01
     0.700309335E+01
     0.700244321E+01
     0.700140217E+01
     0.700088276E+01
     0.699932452E+01
     0.699725031E+01
     0.699789808E+01
     0.699725031E+01
     0.699621302E+01
     0.699569549E+01
     0.699414288E+01
     0.699207619E+01
     0.699272161E+01
     0.699207620E+01
     0.699104263E+01
     0.699052696E+01
     0.698897995E+01
     0.698692072E+01
     0.698756380E+01
     0.698692072E+01
     0.698589085E+01
     0.698537702E+01
     0.698383556E+01
     0.698178373E+01
     0.698242450E+01
     0.698178374E+01
     0.698075753E+01
     0.698024554E+01
     0.697870958E+01
     0.697666510E+01
     0.697730357E+01
     0.697666510E+01
     0.697564253E+01
     0.697513236E+01
     0.697360185E+01
     0.697156466E+01
     0.697220086E+01
     0.697156466E+01
     0.697054569E+01
     0.697003733E+01
     0.696851223E+01
     0.696648226E+01
     0.696711620E+01
     0.696648227E+01
     0.696546687E+01
     0.696496029E+01
     0.696344057E+01
     0.696141776E+01
     0.696204946E+01
     0.696141776E+01
     0.696040590E+01
     0.695990110E+01
     0.695838669E+01
     0.695637098E+01
     0.695700046E+01
     0.695637098E+01
     0.695536263E+01
     0.695485958E+01
     0.695335044E+01
     0.695134177E+01
     0.695196905E+01
     0.695134177E+01
     0.695033689E+01
     0.694983559E+01
     0.694833167E+01
     0.694632997E+01
     0.694695507E+01
     0.694632997E+01
     0.694532853E+01
     0.694482895E+01
     0.694333020E+01
     0.694133540E+01
     0.694195835E+01
     0.694133541E+01
     0.694033738E+01
     0.693983950E+01
     0.693834588E+01
     0.693635791E+01
     0.693697872E+01
     0.693635792E+01
     0.693536326E+01
     0.693486707E+01
     0.693337852E+01
     0.693139732E+01
     0.693201601E+01
     0.693139733E+01
     0.693040601E+01
     0.692991149E+01
     0.692842796E+01
     0.692645346E+01
     0.692707005E+01
     0.692645347E+01
     0.692546545E+01
     0.692497259E+01
     0.692349402E+01
     0.692152615E+01
     0.692214067E+01
     0.692152616E+01
     0.692054141E+01
     0.692005019E+01
     0.691857652E+01
     0.691661522E+01
     0.691722769E+01
     0.691661523E+01
     0.691563371E+01
     0.691514410E+01
     0.691367530E+01
     0.691172048E+01
     0.691233092E+01
     0.691172049E+01
     0.691074216E+01
     0.691025416E+01
     0.690879016E+01
     0.690684176E+01
     0.690745020E+01
     0.690684177E+01
     0.690586660E+01
     0.690538018E+01
     0.690392093E+01
     0.690197887E+01
     0.690258532E+01
     0.690197888E+01
     0.690100683E+01
     0.690052197E+01
     0.689906741E+01
     0.689713162E+01
     0.689773611E+01
     0.689713163E+01
     0.689616266E+01
     0.689567935E+01
     0.689422943E+01
     0.689229983E+01
     0.689290239E+01
     0.689229984E+01
     0.689133392E+01
     0.689085213E+01
     0.688940679E+01
     0.688748331E+01
     0.688808395E+01
     0.688748331E+01
     0.688652040E+01
     0.688604012E+01
     0.688459930E+01
     0.688268186E+01
     0.688328061E+01
     0.688268187E+01
     0.688172192E+01
     0.688124313E+01
     0.687980677E+01
     0.687789529E+01
     0.687849218E+01
     0.687789530E+01
     0.687693828E+01
     0.687646096E+01
     0.687502900E+01
     0.687312341E+01
     0.687371846E+01
     0.687312342E+01
     0.687216928E+01
     0.687169341E+01
     0.687026580E+01
     0.686836602E+01
     0.686895925E+01
     0.686836603E+01
     0.686741474E+01
     0.686694030E+01
     0.686551697E+01
     0.686362292E+01
     0.686421436E+01
     0.686362293E+01
     0.686267445E+01
     0.686220141E+01
     0.686078231E+01
     0.685889392E+01
     0.685948358E+01
     0.685889392E+01
     0.685794821E+01
     0.685747656E+01
     0.685606163E+01
     0.685417880E+01
     0.685476672E+01
     0.685417880E+01
     0.685323582E+01
     0.685276554E+01
     0.685135471E+01
     0.684947737E+01
     0.685006358E+01
     0.684947738E+01
     0.684853707E+01
     0.684806814E+01
     0.684666135E+01
     0.684478943E+01
     0.684537394E+01
     0.684478943E+01
     0.684385177E+01
     0.684338417E+01
     0.684198136E+01
     0.684011476E+01
     0.684069761E+01
     0.684011477E+01
     0.683917971E+01
     0.683871341E+01
     0.683731453E+01
     0.683545317E+01
     0.683603438E+01
     0.683545318E+01
     0.683452068E+01
     0.683405567E+01
     0.683266065E+01
     0.683080445E+01
     0.683138404E+01
     0.683080446E+01
     0.682987448E+01
     0.682941074E+01
     0.682801951E+01
     0.682616839E+01
     0.682674639E+01
     0.682616840E+01
     0.682524090E+01
     0.682477840E+01
     0.682339090E+01
     0.682154479E+01
     0.682212123E+01
     0.682154479E+01
     0.682061973E+01
     0.682015846E+01
     0.681877463E+01
     0.681693343E+01
     0.681750833E+01
     0.681693344E+01
     0.681601077E+01
     0.681555070E+01
     0.681417048E+01
     0.681233412E+01
     0.681290750E+01
     0.681233412E+01
     0.681141380E+01
     0.681095491E+01
     0.680957825E+01
     0.680774663E+01
     0.680831853E+01
     0.680774664E+01
     0.680682863E+01
     0.680637090E+01
     0.680499772E+01
     0.680317077E+01
     0.680374121E+01
     0.680317078E+01
     0.680225503E+01
     0.680179845E+01
     0.680042869E+01
     0.679860633E+01
     0.679917533E+01
     0.679860633E+01
     0.679769282E+01
     0.679723735E+01
     0.679587096E+01
     0.679405310E+01
     0.679462069E+01
     0.679405310E+01
     0.679314177E+01
     0.679268741E+01
     0.679132431E+01
     0.678951087E+01
     0.679007708E+01
     0.678951088E+01
     0.678860169E+01
     0.678814841E+01
     0.678678855E+01
     0.678497945E+01
     0.678554430E+01
     0.678497946E+01
     0.678407238E+01
     0.678362015E+01
     0.678226347E+01
     0.678045863E+01
     0.678102214E+01
     0.678045864E+01
     0.677955362E+01
     0.677910243E+01
     0.677774886E+01
     0.677594821E+01
     0.677651041E+01
     0.677594821E+01
     0.677504522E+01
     0.677459505E+01
     0.677324454E+01
     0.677144799E+01
     0.677200891E+01
     0.677144799E+01
     0.677054698E+01
     0.677009781E+01
     0.676875030E+01
     0.676695777E+01
     0.676751743E+01
     0.676695778E+01
     0.676605871E+01
     0.676561052E+01
     0.676426595E+01
     0.676247737E+01
     0.676303579E+01
     0.676247737E+01
     0.676158021E+01
     0.676113298E+01
     0.675979130E+01
     0.675800658E+01
     0.675856379E+01
     0.675800659E+01
     0.675711129E+01
     0.675666501E+01
     0.675532615E+01
     0.675354524E+01
     0.675410125E+01
     0.675354524E+01
     0.675265177E+01
     0.675220641E+01
     0.675087033E+01
     0.674909314E+01
     0.674964799E+01
     0.674909315E+01
     0.674820147E+01
     0.674775702E+01
     0.674642366E+01
     0.674465012E+01
     0.674520383E+01
     0.674465013E+01
     0.674376022E+01
     0.674331665E+01
     0.674198596E+01
     0.674021601E+01
     0.674076859E+01
     0.674021602E+01
     0.673932783E+01
     0.673888514E+01
     0.673755706E+01
     0.673579064E+01
     0.673634211E+01
     0.673579064E+01
     0.673490415E+01
     0.673446232E+01
     0.673313681E+01
     0.673137385E+01
     0.673192424E+01
     0.673137385E+01
     0.673048902E+01
     0.673004803E+01
     0.672872505E+01
     0.672696548E+01
     0.672751481E+01
     0.672696549E+01
     0.672608230E+01
     0.672564213E+01
     0.672432164E+01
     0.672256541E+01
     0.672311369E+01
     0.672256541E+01
     0.672168383E+01
     0.672124448E+01
     0.671992643E+01
     0.671817349E+01
     0.671872073E+01
     0.671817349E+01
     0.671729349E+01
     0.671685494E+01
     0.671553930E+01
     0.671378960E+01
     0.671433583E+01
     0.671378960E+01
     0.671291117E+01
     0.671247341E+01
     0.671116014E+01
     0.670941364E+01
     0.670995886E+01
     0.670941364E+01
     0.670853674E+01
     0.670809977E+01
     0.670678884E+01
     0.670504550E+01
     0.670558973E+01
     0.670504550E+01
     0.670417013E+01
     0.670373393E+01
     0.670242532E+01
     0.670068510E+01
     0.670122836E+01
     0.670068511E+01
     0.669981125E+01
     0.669937581E+01
     0.669806950E+01
     0.669633239E+01
     0.669687467E+01
     0.669633240E+01
     0.669546004E+01
     0.669502536E+01
     0.669372134E+01
     0.669198731E+01
     0.669252863E+01
     0.669198732E+01
     0.669111646E+01
     0.669068254E+01
     0.668938080E+01
     0.668764985E+01
     0.668819019E+01
     0.668764985E+01
     0.668678049E+01
     0.668634733E+01
     0.668504787E+01
     0.668331999E+01
     0.668385937E+01
     0.668332000E+01
     0.668245213E+01
     0.668201974E+01
     0.668072257E+01
     0.667899778E+01
     0.667953619E+01
     0.667899778E+01
     0.667813143E+01
     0.667769981E+01
     0.667640494E+01
     0.667468325E+01
     0.667522069E+01
     0.667468326E+01
     0.667381844E+01
     0.667338760E+01
     0.667209506E+01
     0.667037652E+01
     0.667091297E+01
     0.667037653E+01
     0.666951327E+01
     0.666908322E+01
     0.666779305E+01
     0.666607772E+01
     0.666661316E+01
     0.666607772E+01
     0.666521606E+01
     0.666478681E+01
     0.666349908E+01
     0.666178702E+01
     0.666232144E+01
     0.666178702E+01
     0.666092700E+01
     0.666049859E+01
     0.665921335E+01
     0.665750466E+01
     0.665803802E+01
     0.665750466E+01
     0.665664634E+01
     0.665621879E+01
     0.665493614E+01
     0.665323093E+01
     0.665376320E+01
     0.665323093E+01
     0.665237439E+01
     0.665194774E+01
     0.665066779E+01
     0.664896621E+01
     0.664949733E+01
     0.664896621E+01
     0.664811153E+01
     0.664768582E+01
     0.664640870E+01
     0.664471094E+01
     0.664524087E+01
     0.664471094E+01
     0.664385824E+01
     0.664343353E+01
     0.664215941E+01
     0.664046567E+01
     0.664099434E+01
     0.664046568E+01
     0.663961509E+01
     0.663919145E+01
     0.663792052E+01
     0.663623109E+01
     0.663675841E+01
     0.663623109E+01
     0.663538278E+01
     0.663496028E+01
     0.663369280E+01
     0.663200799E+01
     0.663253386E+01
     0.663200799E+01
     0.663116215E+01
     0.663074091E+01
     0.662947717E+01
     0.662779737E+01
     0.662832167E+01
     0.662779737E+01
     0.662695425E+01
     0.662653437E+01
     0.662527473E+01
     0.662360042E+01
     0.662412300E+01
     0.662360042E+01
     0.662276031E+01
     0.662234194E+01
     0.662108684E+01
     0.661941860E+01
     0.661993929E+01
     0.661941861E+01
     0.661858186E+01
     0.661816519E+01
     0.661691515E+01
     0.661525370E+01
     0.661577226E+01
     0.661525370E+01
     0.661442077E+01
     0.661400601E+01
     0.661276171E+01
     0.661110791E+01
     0.661162408E+01
     0.661110791E+01
     0.661027935E+01
     0.660986678E+01
     0.660862904E+01
     0.660698399E+01
     0.660749742E+01
     0.660698399E+01
     0.660616049E+01
     0.660575045E+01
     0.660452030E+01
     0.660288537E+01
     0.660339564E+01
     0.660288537E+01
     0.660206784E+01
     0.660166076E+01
     0.660043954E+01
     0.659881649E+01
     0.659932305E+01
     0.659881649E+01
     0.659800607E+01
     0.659760255E+01
     0.659639197E+01
     0.659478309E+01
     0.659528522E+01
     0.659478309E+01
     0.659398133E+01
     0.659358213E+01
     0.659238450E+01
     0.659079283E+01
     0.659128959E+01
     0.659079283E+01
     0.659000186E+01
     0.658960802E+01
     0.658842650E+01
     0.658685622E+01
     0.658734631E+01
     0.658685622E+01
     0.658607907E+01
     0.658569210E+01
     0.658453117E+01
     0.658298824E+01
     0.658346980E+01
     0.658298824E+01
     0.658222944E+01
     0.658185159E+01
     0.658071802E+01
     0.657921138E+01
     0.657968161E+01
     0.657921138E+01
     0.657847826E+01
     0.657811317E+01
     0.657701787E+01
     0.657556199E+01
     0.657601640E+01
     0.657556199E+01
     0.657486796E+01
     0.657452227E+01
     0.657348519E+01
     0.657210651E+01
     0.657253685E+01
     0.657210651E+01
     0.657148274E+01
     0.657117193E+01
     0.657023950E+01
     0.656899960E+01
     0.656938666E+01
     0.656899960E+01
     0.656829448E+01
     0.656794331E+01
     0.656688979E+01
     0.656548941E+01
     0.656592650E+01
     0.656548941E+01
     0.656469312E+01
     0.656429676E+01
     0.656310769E+01
     0.656152782E+01
     0.656202085E+01
     0.656152782E+01
     0.656063797E+01
     0.656019532E+01
     0.655886734E+01
     0.655710371E+01
     0.655765398E+01
     0.655710371E+01
     0.655610145E+01
     0.655560323E+01
     0.655410856E+01
     0.655212467E+01
     0.655274353E+01
     0.655212467E+01
     0.655102597E+01
     0.655048017E+01
     0.654884276E+01
     0.654667052E+01
     0.654734800E+01
     0.654667052E+01
     0.654558334E+01
     0.654504329E+01
     0.654342312E+01
     0.654127382E+01
     0.654194413E+01
     0.654127381E+01
     0.654019702E+01
     0.653966215E+01
     0.653805751E+01
     0.653592891E+01
     0.653659276E+01
     0.653592891E+01
     0.653486268E+01
     0.653433308E+01
     0.653274427E+01
     0.653063672E+01
     0.653129400E+01
     0.653063672E+01
     0.652958117E+01
     0.652905690E+01
     0.652748407E+01
     0.652539781E+01
     0.652604844E+01
     0.652539781E+01
     0.652435301E+01
     0.652383410E+01
     0.652227736E+01
     0.652021251E+01
     0.652085645E+01
     0.652021250E+01
     0.651917925E+01
     0.651866611E+01
     0.651712664E+01
     0.651508477E+01
     0.651572153E+01
     0.651508476E+01
     0.651407148E+01
     0.651356825E+01
     0.651205851E+01
     0.651005604E+01
     0.651068052E+01
     0.651005603E+01
     0.650905821E+01
     0.650856265E+01
     0.650707595E+01
     0.650510405E+01
     0.650571900E+01
     0.650510405E+01
     0.650411842E+01
     0.650362893E+01
     0.650216045E+01
     0.650021276E+01
     0.650082015E+01
     0.650021275E+01
     0.649923717E+01
     0.649875269E+01
     0.649729924E+01
     0.649537156E+01
     0.649597270E+01
     0.649537155E+01
     0.649440454E+01
     0.649392434E+01
     0.649248374E+01
     0.649057317E+01
     0.649116897E+01
     0.649057316E+01
     0.648961368E+01
     0.648913725E+01
     0.648770795E+01
     0.648581247E+01
     0.648640355E+01
     0.648581246E+01
     0.648485976E+01
     0.648438673E+01
     0.648296762E+01
     0.648108577E+01
     0.648167259E+01
     0.648108576E+01
     0.648013930E+01
     0.647966940E+01
     0.647825970E+01
     0.647639043E+01
     0.647697331E+01
     0.647639041E+01
     0.647544981E+01
     0.647498286E+01
     0.647358199E+01
     0.647172455E+01
     0.647230373E+01
     0.647172454E+01
     0.647079252E+01
     0.647032987E+01
     0.646894187E+01
     0.646710159E+01
     0.646767541E+01
     0.646710158E+01
     0.646617912E+01
     0.646572123E+01
     0.646434754E+01
     0.646252629E+01
     0.646309416E+01
     0.646252628E+01
     0.646161321E+01
     0.646116001E+01
     0.645980038E+01
     0.645799785E+01
     0.645855988E+01
     0.645799784E+01
     0.645709401E+01
     0.645664542E+01
     0.645529962E+01
     0.645351552E+01
     0.645407179E+01
     0.645351550E+01
     0.645262076E+01
     0.645217671E+01
     0.645084452E+01
     0.644907854E+01
     0.644962915E+01
     0.644907852E+01
     0.644819272E+01
     0.644775313E+01
     0.644643434E+01
     0.644468619E+01
     0.644523123E+01
     0.644468617E+01
     0.644380917E+01
     0.644337397E+01
     0.644206835E+01
     0.644033775E+01
     0.644087731E+01
     0.644033774E+01
     0.643946939E+01
     0.643903852E+01
     0.643774587E+01
     0.643603256E+01
     0.643656672E+01
     0.643603254E+01
     0.643517272E+01
     0.643474610E+01
     0.643346623E+01
     0.643176993E+01
     0.643229877E+01
     0.643176991E+01
     0.643091848E+01
     0.643049606E+01
     0.642922877E+01
     0.642754924E+01
     0.642807284E+01
     0.642754922E+01
     0.642670606E+01
     0.642628778E+01
     0.642503288E+01
     0.642336988E+01
     0.642388832E+01
     0.642336986E+01
     0.642253486E+01
     0.642212065E+01
     0.642087798E+01
     0.641923127E+01
     0.641974462E+01
     0.641923126E+01
     0.641840430E+01
     0.641799411E+01
     0.641676351E+01
     0.641513288E+01
     0.641564120E+01
     0.641513286E+01
     0.641431384E+01
     0.641390762E+01
     0.641268893E+01
     0.641107419E+01
     0.641157754E+01
     0.641107417E+01
     0.641026299E+01
     0.640986069E+01
     0.640865376E+01
     0.640705471E+01
     0.640755317E+01
     0.640705469E+01
     0.640625126E+01
     0.640585284E+01
     0.640465755E+01
     0.640307401E+01
     0.640356761E+01
     0.640307399E+01
     0.640227822E+01
     0.640188364E+01
     0.640069985E+01
     0.639913166E+01
     0.639962046E+01
     0.639913164E+01
     0.639834346E+01
     0.639795267E+01
     0.639678027E+01
     0.639522728E+01
     0.639571133E+01
     0.639522726E+01
     0.639444660E+01
     0.639405957E+01
     0.639289845E+01
     0.639136052E+01
     0.639183987E+01
     0.639136050E+01
     0.639058729E+01
     0.639020399E+01
     0.638905407E+01
     0.638753107E+01
     0.638800575E+01
     0.638753105E+01
     0.638676523E+01
     0.638638563E+01
     0.638524681E+01
     0.638373864E+01
     0.638420869E+01
     0.638373863E+01
     0.638298014E+01
     0.638260422E+01
     0.638147643E+01
     0.637998298E+01
     0.638044842E+01
     0.637998297E+01
     0.637923177E+01
     0.637885951E+01
     0.637774268E+01
     0.637626387E+01
     0.637672474E+01
     0.637626386E+01
     0.637551991E+01
     0.637515129E+01
     0.637404536E+01
     0.637258113E+01
     0.637303743E+01
     0.637258111E+01
     0.637184439E+01
     0.637147938E+01
     0.637038431E+01
     0.636893459E+01
     0.636938636E+01
     0.636893457E+01
     0.636820504E+01
     0.636784364E+01
     0.636675940E+01
     0.636532413E+01
     0.636577138E+01
     0.636532411E+01
     0.636460176E+01
     0.636424396E+01
     0.636317051E+01
     0.636174968E+01
     0.636219241E+01
     0.636174965E+01
     0.636103446E+01
     0.636068025E+01
     0.635961758E+01
     0.635821115E+01
     0.635864938E+01
     0.635821113E+01
     0.635750309E+01
     0.635715247E+01
     0.635610057E+01
     0.635470854E+01
     0.635514226E+01
     0.635470852E+01
     0.635400763E+01
     0.635366060E+01
     0.635261947E+01
     0.635124184E+01
     0.635167106E+01
     0.635124182E+01
     0.635054810E+01
     0.635020466E+01
     0.634917431E+01
     0.634781110E+01
     0.634823580E+01
     0.634781108E+01
     0.634712453E+01
     0.634678469E+01
     0.634576514E+01
     0.634441639E+01
     0.634483657E+01
     0.634441636E+01
     0.634373700E+01
     0.634340077E+01
     0.634239206E+01
     0.634105780E+01
     0.634147344E+01
     0.634105777E+01
     0.634038562E+01
     0.634005302E+01
     0.633905518E+01
     0.633773547E+01
     0.633814656E+01
     0.633773544E+01
     0.633707054E+01
     0.633674159E+01
     0.633575467E+01
     0.633444957E+01
     0.633485609E+01
     0.633444955E+01
     0.633379193E+01
     0.633346664E+01
     0.633249070E+01
     0.633120031E+01
     0.633160222E+01
     0.633120028E+01
     0.633055000E+01
     0.633022839E+01
     0.632926351E+01
     0.632798791E+01
     0.632838520E+01
     0.632798789E+01
     0.632734499E+01
     0.632702709E+01
     0.632607334E+01
     0.632481265E+01
     0.632520527E+01
     0.632481263E+01
     0.632417717E+01
     0.632386301E+01
     0.632292049E+01
     0.632167483E+01
     0.632206275E+01
     0.632167481E+01
     0.632104686E+01
     0.632073648E+01
     0.631980528E+01
     0.631857479E+01
     0.631895796E+01
     0.631857476E+01
     0.631795439E+01
     0.631764783E+01
     0.631672807E+01
     0.631551290E+01
     0.631589127E+01
     0.631551287E+01
     0.631490016E+01
     0.631459745E+01
     0.631368925E+01
     0.631248957E+01
     0.631286309E+01
     0.631248954E+01
     0.631188458E+01
     0.631158576E+01
     0.631068925E+01
     0.630950524E+01
     0.630987385E+01
     0.630950521E+01
     0.630890809E+01
     0.630861322E+01
     0.630772855E+01
     0.630656039E+01
     0.630692404E+01
     0.630656036E+01
     0.630597119E+01
     0.630568031E+01
     0.630480764E+01
     0.630365556E+01
     0.630401417E+01
     0.630365553E+01
     0.630307440E+01
     0.630278758E+01
     0.630192707E+01
     0.630079128E+01
     0.630114480E+01
     0.630079125E+01
     0.630021830E+01
     0.629993560E+01
     0.629908742E+01
     0.629796817E+01
     0.629831651E+01
     0.629796814E+01
     0.629740349E+01
     0.629712496E+01
     0.629628932E+01
     0.629518686E+01
     0.629552994E+01
     0.629518683E+01
     0.629463060E+01
     0.629435632E+01
     0.629353341E+01
     0.629244802E+01
     0.629278576E+01
     0.629244799E+01
     0.629190034E+01
     0.629163037E+01
     0.629082041E+01
     0.628975239E+01
     0.629008468E+01
     0.628975236E+01
     0.628921343E+01
     0.628894785E+01
     0.628815107E+01
     0.628710071E+01
     0.628742748E+01
     0.628710068E+01
     0.628657063E+01
     0.628630953E+01
     0.628552617E+01
     0.628449381E+01
     0.628481493E+01
     0.628449377E+01
     0.628397278E+01
     0.628371624E+01
     0.628294655E+01
     0.628193252E+01
     0.628224791E+01
     0.628193249E+01
     0.628142072E+01
     0.628116883E+01
     0.628041309E+01
     0.627941776E+01
     0.627972729E+01
     0.627941772E+01
     0.627891537E+01
     0.627866823E+01
     0.627792672E+01
     0.627695046E+01
     0.627725402E+01
     0.627695043E+01
     0.627645769E+01
     0.627621539E+01
     0.627548840E+01
     0.627453163E+01
     0.627482909E+01
     0.627453160E+01
     0.627404868E+01
     0.627381132E+01
     0.627309918E+01
     0.627216232E+01
     0.627245353E+01
     0.627216228E+01
     0.627168940E+01
     0.627145710E+01
     0.627076013E+01
     0.626984361E+01
     0.627012846E+01
     0.626984357E+01
     0.626938096E+01
     0.626915383E+01
     0.626847238E+01
     0.626757668E+01
     0.626785500E+01
     0.626757664E+01
     0.626712453E+01
     0.626690270E+01
     0.626623713E+01
     0.626536272E+01
     0.626563437E+01
     0.626536268E+01
     0.626492133E+01
     0.626470492E+01
     0.626405561E+01
     0.626320301E+01
     0.626346784E+01
     0.626320297E+01
     0.626277265E+01
     0.626256179E+01
     0.626192914E+01
     0.626109889E+01
     0.626135672E+01
     0.626109885E+01
     0.626067982E+01
     0.626047466E+01
     0.625985909E+01
     0.625905175E+01
     0.625930240E+01
     0.625905171E+01
     0.625864427E+01
     0.625844495E+01
     0.625784690E+01
     0.625706306E+01
     0.625730635E+01
     0.625706302E+01
     0.625666747E+01
     0.625647415E+01
     0.625589408E+01
     0.625513436E+01
     0.625537009E+01
     0.625513432E+01
     0.625475098E+01
     0.625456381E+01
     0.625400221E+01
     0.625326726E+01
     0.625349523E+01
     0.625326721E+01
     0.625289643E+01
     0.625271558E+01
     0.625217295E+01
     0.625146345E+01
     0.625168345E+01
     0.625146340E+01
     0.625110552E+01
     0.625093117E+01
     0.625040805E+01
     0.624972472E+01
     0.624993652E+01
     0.624972467E+01
     0.624938006E+01
     0.624921240E+01
     0.624870935E+01
     0.624805294E+01
     0.624825631E+01
     0.624805289E+01
     0.624772194E+01
     0.624756117E+01
     0.624707878E+01
     0.624645008E+01
     0.624664477E+01
     0.624645003E+01
     0.624613316E+01
     0.624597948E+01
     0.624551837E+01
     0.624491822E+01
     0.624510397E+01
     0.624491818E+01
     0.624461581E+01
     0.624446945E+01
     0.624403028E+01
     0.624345956E+01
     0.624363609E+01
     0.624345951E+01
     0.624317795E+01
     0.624304186E+01
     0.624263350E+01
     0.624210345E+01
     0.624226732E+01
     0.624210340E+01
     0.624184490E+01
     0.624172011E+01
     0.624134566E+01
     0.624086014E+01
     0.624101018E+01
     0.624086009E+01
     0.624062295E+01
     0.624050864E+01
     0.624016563E+01
     0.623972142E+01
     0.623985863E+01
     0.623972138E+01
     0.623950423E+01
     0.623939974E+01
     0.623908621E+01
     0.623868076E+01
     0.623880592E+01
     0.623868072E+01
     0.623848243E+01
     0.623838723E+01
     0.623810153E+01
     0.623773271E+01
     0.623784648E+01
     0.623773268E+01
     0.623755230E+01
     0.623746591E+01
     0.623720666E+01
     0.623687268E+01
     0.623697562E+01
     0.623687265E+01
     0.623670936E+01
     0.623663139E+01
     0.623639740E+01
     0.623609669E+01
     0.623618928E+01
     0.623609666E+01
     0.623594975E+01
     0.623587985E+01
     0.623567007E+01
     0.623540127E+01
     0.623548393E+01
     0.623540124E+01
     0.623527008E+01
     0.623520794E+01
     0.623502144E+01
     0.623478336E+01
     0.623485646E+01
     0.623478333E+01
     0.623466735E+01
     0.623461269E+01
     0.623444865E+01
     0.623424019E+01
     0.623430408E+01
     0.623424016E+01
     0.623413885E+01
     0.623409142E+01
     0.623394909E+01
     0.623376928E+01
     0.623382425E+01
     0.623376925E+01
     0.623368213E+01
     0.623364172E+01
     0.623352042E+01
     0.623336835E+01
     0.623341468E+01
     0.623336832E+01
     0.623329498E+01
     0.623326136E+01
     0.623316045E+01
     0.623303531E+01
     0.623307326E+01
     0.623303528E+01
     0.623297531E+01
     0.623294830E+01
     0.623286720E+01
     0.623276822E+01
     0.623279803E+01
     0.623276820E+01
     0.623272124E+01
     0.623270064E+01
     0.623263882E+01
     0.623256529E+01
     0.623258718E+01
     0.623256527E+01
     0.623253097E+01
     0.623251663E+01
     0.623247358E+01
     0.623242483E+01
     0.623243900E+01
     0.623242481E+01
     0.623240284E+01
     0.623239460E+01
     0.623236983E+01
     0.623234524E+01
     0.623235189E+01
     0.623234522E+01
     0.623233529E+01
     0.623233299E+01
     0.623232606E+01
     0.623232504E+01
     0.623232435E+01
     0.623232502E+01
     0.623232682E+01
     0.623233033E+01
     0.623234081E+01
     0.623236279E+01
     0.623235494E+01
     0.623236277E+01
     0.623237604E+01
     0.623238521E+01
     0.623241269E+01
     0.623245715E+01
     0.623244230E+01
     0.623245713E+01
     0.623248160E+01
     0.623249632E+01
     0.623254041E+01
     0.623260683E+01
     0.623258514E+01
     0.623260681E+01
     0.623264224E+01
     0.623266237E+01
     0.623272271E+01
     0.623281060E+01
     0.623278223E+01
     0.623281059E+01
     0.623285673E+01
     0.623288216E+01
     0.623295840E+01
     0.623306730E+01
     0.623303238E+01
     0.623306728E+01
     0.623312391E+01
     0.623315452E+01
     0.623324632E+01
     0.623337578E+01
     0.623333446E+01
     0.623337577E+01
     0.623344266E+01
     0.623347835E+01
     0.623358538E+01
     0.623373498E+01
     0.623368739E+01
     0.623373497E+01
     0.623381192E+01
     0.623385258E+01
     0.623397454E+01
     0.623414386E+01
     0.623409012E+01
     0.623414385E+01
     0.623423065E+01
     0.623427619E+01
     0.623441276E+01
     0.623460142E+01
     0.623454166E+01
     0.623460141E+01
     0.623469787E+01
     0.623474818E+01
     0.623489909E+01
     0.623510670E+01
     0.623504104E+01
     0.623510669E+01
     0.623521262E+01
     0.623526762E+01
     0.623543259E+01
     0.623565879E+01
     0.623558734E+01
     0.623565878E+01
     0.623577400E+01
     0.623583360E+01
     0.623601235E+01
     0.623625678E+01
     0.623617965E+01
     0.623625677E+01
     0.623638112E+01
     0.623644522E+01
     0.623663752E+01
     0.623689984E+01
     0.623681714E+01
     0.623689983E+01
     0.623703313E+01
     0.623710166E+01
     0.623730724E+01
     0.623758714E+01
     0.623749896E+01
     0.623758713E+01
     0.623772922E+01
     0.623780210E+01
     0.623802073E+01
     0.623831788E+01
     0.623822433E+01
     0.623831787E+01
     0.623846859E+01
     0.623854575E+01
     0.623877720E+01
     0.623909130E+01
     0.623899247E+01
     0.623909130E+01
     0.623925051E+01
     0.623933186E+01
     0.623957591E+01
     0.623990667E+01
     0.623980265E+01
     0.623990667E+01
     0.624007422E+01
     0.624015971E+01
     0.624041614E+01
     0.624076328E+01
     0.624065416E+01
     0.624076328E+01
     0.624093904E+01
     0.624102858E+01
     0.624129720E+01
     0.624166045E+01
     0.624154631E+01
     0.624166044E+01
     0.624184428E+01
     0.624193782E+01
     0.624221841E+01
     0.624259752E+01
     0.624247844E+01
     0.624259751E+01
     0.624278929E+01
     0.624288676E+01
     0.624317915E+01
     0.624357385E+01
     0.624344991E+01
     0.624357384E+01
     0.624377344E+01
     0.624387478E+01
     0.624417878E+01
     0.624458884E+01
     0.624446012E+01
     0.624458883E+01
     0.624479613E+01
     0.624490129E+01
     0.624521672E+01
     0.624564190E+01
     0.624550847E+01
     0.624564189E+01
     0.624585678E+01
     0.624596569E+01
     0.624629239E+01
     0.624673247E+01
     0.624659440E+01
     0.624673246E+01
     0.624695483E+01
     0.624706744E+01
     0.624740524E+01
     0.624786000E+01
     0.624771736E+01
     0.624786000E+01
     0.624808974E+01
     0.624820600E+01
     0.624855475E+01
     0.624902398E+01
     0.624887683E+01
     0.624902398E+01
     0.624926099E+01
     0.624938085E+01
     0.624974040E+01
     0.625022391E+01
     0.625007231E+01
     0.625022390E+01
     0.625046810E+01
     0.625059150E+01
     0.625096170E+01
     0.625145930E+01
     0.625130331E+01
     0.625145929E+01
     0.625171057E+01
     0.625183748E+01
     0.625221819E+01
     0.625272969E+01
     0.625256937E+01
     0.625272969E+01
     0.625298796E+01
     0.625311833E+01
     0.625350942E+01
     0.625403465E+01
     0.625387006E+01
     0.625403465E+01
     0.625429983E+01
     0.625443362E+01
     0.625483497E+01
     0.625537376E+01
     0.625520494E+01
     0.625537376E+01
     0.625564576E+01
     0.625578293E+01
     0.625619441E+01
     0.625674661E+01
     0.625657361E+01
     0.625674661E+01
     0.625702536E+01
     0.625716587E+01
     0.625758737E+01
     0.625815282E+01
     0.625797570E+01
     0.625815282E+01
     0.625843825E+01
     0.625858207E+01
     0.625901348E+01
     0.625959203E+01
     0.625941083E+01
     0.625959203E+01
     0.625988407E+01
     0.626003116E+01
     0.626047238E+01
     0.626106390E+01
     0.626087866E+01
     0.626106390E+01
     0.626136249E+01
     0.626151281E+01
     0.626196375E+01
     0.626256811E+01
     0.626237887E+01
     0.626256810E+01
     0.626287318E+01
     0.626302671E+01
     0.626348727E+01
     0.626410435E+01
     0.626391114E+01
     0.626410435E+01
     0.626441585E+01
     0.626457255E+01
     0.626504265E+01
     0.626567234E+01
     0.626547521E+01
     0.626567234E+01
     0.626599022E+01
     0.626615008E+01
     0.626662963E+01
     0.626727183E+01
     0.626707080E+01
     0.626727183E+01
     0.626759604E+01
     0.626775902E+01
     0.626824797E+01
     0.626890257E+01
     0.626869768E+01
     0.626890257E+01
     0.626923307E+01
     0.626939916E+01
     0.626989743E+01
     0.627056436E+01
     0.627035564E+01
     0.627056436E+01
     0.627090110E+01
     0.627107029E+01
     0.627157783E+01
     0.627225701E+01
     0.627204447E+01
     0.627225701E+01
     0.627259997E+01
     0.627277223E+01
     0.627328899E+01
     0.627398035E+01
     0.627376401E+01
     0.627398035E+01
     0.627432950E+01
     0.627450482E+01
     0.627503076E+01
     0.627573425E+01
     0.627551414E+01
     0.627573425E+01
     0.627608957E+01
     0.627626794E+01
     0.627680303E+01
     0.627751861E+01
     0.627729473E+01
     0.627751861E+01
     0.627788008E+01
     0.627806150E+01
     0.627860571E+01
     0.627933336E+01
     0.627910572E+01
     0.627933336E+01
     0.627970098E+01
     0.627988543E+01
     0.628043877E+01
     0.628117845E+01
     0.628094707E+01
     0.628117845E+01
     0.628155223E+01
     0.628173972E+01
     0.628230218E+01
     0.628305391E+01
     0.628281878E+01
     0.628305391E+01
     0.628343385E+01
     0.628362438E+01
     0.628419597E+01
     0.628495977E+01
     0.628472088E+01
     0.628495977E+01
     0.628534589E+01
     0.628553948E+01
     0.628612023E+01
     0.628689614E+01
     0.628665348E+01
     0.628689614E+01
     0.628728847E+01
     0.628748513E+01
     0.628807509E+01
     0.628886315E+01
     0.628861671E+01
     0.628886315E+01
     0.628926174E+01
     0.628946149E+01
     0.629006072E+01
     0.629086103E+01
     0.629061077E+01
     0.629086103E+01
     0.629126593E+01
     0.629146880E+01
     0.629207739E+01
     0.629289005E+01
     0.629263595E+01
     0.629289005E+01
     0.629330134E+01
     0.629350737E+01
     0.629412542E+01
     0.629495058E+01
     0.629469259E+01
     0.629495058E+01
     0.629536835E+01
     0.629557757E+01
     0.629620522E+01
     0.629704306E+01
     0.629678112E+01
     0.629704306E+01
     0.629746742E+01
     0.629767990E+01
     0.629831732E+01
     0.629916805E+01
     0.629890210E+01
     0.629916805E+01
     0.629959915E+01
     0.629981495E+01
     0.630046234E+01
     0.630132623E+01
     0.630105618E+01
     0.630132623E+01
     0.630176423E+01
     0.630198344E+01
     0.630264104E+01
     0.630351843E+01
     0.630324418E+01
     0.630351843E+01
     0.630396353E+01
     0.630418624E+01
     0.630485437E+01
     0.630574565E+01
     0.630546707E+01
     0.630574565E+01
     0.630619809E+01
     0.630642444E+01
     0.630710345E+01
     0.630800909E+01
     0.630772604E+01
     0.630800909E+01
     0.630846918E+01
     0.630869930E+01
     0.630938964E+01
     0.631031023E+01
     0.631002253E+01
     0.631031023E+01
     0.631077833E+01
     0.631101240E+01
     0.631171460E+01
     0.631265085E+01
     0.631235828E+01
     0.631265085E+01
     0.631312740E+01
     0.631336564E+01
     0.631408036E+01
     0.631503314E+01
     0.631473542E+01
     0.631503314E+01
     0.631551868E+01
     0.631576137E+01
     0.631648941E+01
     0.631745978E+01
     0.631715659E+01
     0.631745978E+01
     0.631795500E+01
     0.631820247E+01
     0.631894485E+01
     0.631993414E+01
     0.631962506E+01
     0.631993414E+01
     0.632043990E+01
     0.632069257E+01
     0.632145056E+01
     0.632246047E+01
     0.632214497E+01
     0.632246047E+01
     0.632297749E+01
     0.632323572E+01
     0.632401039E+01
     0.632504232E+01
     0.632471996E+01
     0.632504232E+01
     0.632556085E+01
     0.632581978E+01
     0.632659655E+01
     0.632763109E+01
     0.632730794E+01
     0.632763109E+01
     0.632815087E+01
     0.632841036E+01
     0.632918882E+01
     0.633022542E+01
     0.632990165E+01
     0.633022542E+01
     0.633074615E+01
     0.633100606E+01
     0.633178577E+01
     0.633282385E+01
     0.633249964E+01
     0.633282385E+01
     0.633334526E+01
     0.633360545E+01
     0.633438598E+01
     0.633542500E+01
     0.633510052E+01
     0.633542500E+01
     0.633594681E+01
     0.633620713E+01
     0.633698809E+01
     0.633802750E+01
     0.633770292E+01
     0.633802750E+01
     0.633854944E+01
     0.633880978E+01
     0.633959078E+01
     0.634063005E+01
     0.634030553E+01
     0.634063005E+01
     0.634115188E+01
     0.634141211E+01
     0.634219276E+01
     0.634323142E+01
     0.634290711E+01
     0.634323142E+01
     0.634375289E+01
     0.634401288E+01
     0.634479285E+01
     0.634583041E+01
     0.634550647E+01
     0.634583041E+01
     0.634635130E+01
     0.634661095E+01
     0.634738988E+01
     0.634842590E+01
     0.634810246E+01
     0.634842590E+01
     0.634894600E+01
     0.634920520E+01
     0.634998277E+01
     0.635101683E+01
     0.635069403E+01
     0.635101683E+01
     0.635153593E+01
     0.635179458E+01
     0.635257051E+01
     0.635360222E+01
     0.635328016E+01
     0.635360222E+01
     0.635412013E+01
     0.635437814E+01
     0.635515214E+01
     0.635618112E+01
     0.635585994E+01
     0.635618112E+01
     0.635669768E+01
     0.635695496E+01
     0.635772678E+01
     0.635875269E+01
     0.635843248E+01
     0.635875269E+01
     0.635926773E+01
     0.635952420E+01
     0.636029360E+01
     0.636131613E+01
     0.636099700E+01
     0.636131613E+01
     0.636182591E+01
     0.636207971E+01
     0.636284111E+01
     0.636385289E+01
     0.636353713E+01
     0.636385289E+01
     0.636435441E+01
     0.636460407E+01
     0.636535304E+01
     0.636634819E+01
     0.636603764E+01
     0.636634819E+01
     0.636684176E+01
     0.636708743E+01
     0.636782443E+01
     0.636880356E+01
     0.636849802E+01
     0.636880356E+01
     0.636928947E+01
     0.636953129E+01
     0.637025674E+01
     0.637122044E+01
     0.637091972E+01
     0.637122044E+01
     0.637169894E+01
     0.637193704E+01
     0.637265134E+01
     0.637360014E+01
     0.637330408E+01
     0.637360014E+01
     0.637407147E+01
     0.637430598E+01
     0.637500949E+01
     0.637594387E+01
     0.637565233E+01
     0.637594387E+01
     0.637640826E+01
     0.637663928E+01
     0.637733234E+01
     0.637825276E+01
     0.637796558E+01
     0.637825276E+01
     0.637871041E+01
     0.637893805E+01
     0.637962098E+01
     0.638052784E+01
     0.638024490E+01
     0.638052784E+01
     0.638097895E+01
     0.638120331E+01
     0.638187639E+01
     0.638277010E+01
     0.638249128E+01
     0.638277010E+01
     0.638321485E+01
     0.638343602E+01
     0.638409953E+01
     0.638498045E+01
     0.638470563E+01
     0.638498045E+01
     0.638541901E+01
     0.638563708E+01
     0.638629128E+01
     0.638715977E+01
     0.638688883E+01
     0.638715977E+01
     0.638759230E+01
     0.638780735E+01
     0.638845249E+01
     0.638930888E+01
     0.638904173E+01
     0.638930888E+01
     0.638973555E+01
     0.638994765E+01
     0.639058398E+01
     0.639142857E+01
     0.639116511E+01
     0.639142857E+01
     0.639184953E+01
     0.639205877E+01
     0.639268650E+01
     0.639351961E+01
     0.639325974E+01
     0.639351961E+01
     0.639393500E+01
     0.639414145E+01
     0.639476081E+01
     0.639558274E+01
     0.639532636E+01
     0.639558274E+01
     0.639599270E+01
     0.639619643E+01
     0.639680763E+01
     0.639761866E+01
     0.639736569E+01
     0.639761866E+01
     0.639802334E+01
     0.639822442E+01
     0.639882767E+01
     0.639962808E+01
     0.639937843E+01
     0.639962808E+01
     0.640002761E+01
     0.640022611E+01
     0.640082162E+01
     0.640161168E+01
     0.640136527E+01
     0.640161168E+01
     0.640200620E+01
     0.640220219E+01
     0.640279015E+01
     0.640357014E+01
     0.640332688E+01
     0.640357014E+01
     0.640395978E+01
     0.640415332E+01
     0.640473394E+01
     0.640550412E+01
     0.640526393E+01
     0.640550412E+01
     0.640588902E+01
     0.640608018E+01
     0.640665366E+01
     0.640741430E+01
     0.640717710E+01
     0.640741430E+01
     0.640779459E+01
     0.640798344E+01
     0.640854999E+01
     0.640930135E+01
     0.640906705E+01
     0.640930135E+01
     0.640967717E+01
     0.640986377E+01
     0.641042358E+01
     0.641116595E+01
     0.641093446E+01
     0.641116595E+01
     0.641153743E+01
     0.641172186E+01
     0.641227515E+01
     0.641300879E+01
     0.641278003E+01
     0.641300879E+01
     0.641337608E+01
     0.641355840E+01
     0.641410538E+01
     0.641483057E+01
     0.641460445E+01
     0.641483057E+01
     0.641519382E+01
     0.641537412E+01
     0.641591500E+01
     0.641663204E+01
     0.641640847E+01
     0.641663204E+01
     0.641699141E+01
     0.641716974E+01
     0.641770476E+01
     0.641841396E+01
     0.641819285E+01
     0.641841396E+01
     0.641876960E+01
     0.641894606E+01
     0.641947546E+01
     0.642017713E+01
     0.641995837E+01
     0.642017713E+01
     0.642052922E+01
     0.642070390E+01
     0.642122793E+01
     0.642192241E+01
     0.642170591E+01
     0.642192241E+01
     0.642227114E+01
     0.642244412E+01
     0.642296307E+01
     0.642365073E+01
     0.642343636E+01
     0.642365072E+01
     0.642399630E+01
     0.642416768E+01
     0.642468185E+01
     0.642536308E+01
     0.642515073E+01
     0.642536308E+01
     0.642570572E+01
     0.642587563E+01
     0.642638535E+01
     0.642706059E+01
     0.642685011E+01
     0.642706059E+01
     0.642740055E+01
     0.642756910E+01
     0.642807474E+01
     0.642874449E+01
     0.642853574E+01
     0.642874449E+01
     0.642908207E+01
     0.642924940E+01
     0.642975139E+01
     0.643041620E+01
     0.643020900E+01
     0.643041620E+01
     0.643075173E+01
     0.643091801E+01
     0.643141686E+01
     0.643207738E+01
     0.643187153E+01
     0.643207738E+01
     0.643241126E+01
     0.643257669E+01
     0.643307296E+01
     0.643372998E+01
     0.643352523E+01
     0.643372997E+01
     0.643406270E+01
     0.643422750E+01
     0.643472193E+01
     0.643537636E+01
     0.643517244E+01
     0.643537636E+01
     0.643570852E+01
     0.643587301E+01
     0.643636648E+01
     0.643701949E+01
     0.643681603E+01
     0.643701949E+01
     0.643735118E+01
     0.643751538E+01
     0.643800800E+01
     0.643865973E+01
     0.643845669E+01
     0.643865973E+01
     0.643898936E+01
     0.643915250E+01
     0.643964193E+01
     0.644028931E+01
     0.644008764E+01
     0.644028931E+01
     0.644061720E+01
     0.644077942E+01
     0.644126612E+01
     0.644190974E+01
     0.644170925E+01
     0.644190974E+01
     0.644223624E+01
     0.644239773E+01
     0.644288221E+01
     0.644352276E+01
     0.644332325E+01
     0.644352276E+01
     0.644384831E+01
     0.644400928E+01
     0.644449219E+01
     0.644513048E+01
     0.644493170E+01
     0.644513048E+01
     0.644545564E+01
     0.644561634E+01
     0.644609848E+01
     0.644673556E+01
     0.644653718E+01
     0.644673556E+01
     0.644706103E+01
     0.644722182E+01
     0.644770421E+01
     0.644834142E+01
     0.644814302E+01
     0.644834142E+01
     0.644866814E+01
     0.644882948E+01
     0.644931350E+01
     0.644995262E+01
     0.644975366E+01
     0.644995262E+01
     0.645028195E+01
     0.645044448E+01
     0.645093207E+01
     0.645157562E+01
     0.645137532E+01
     0.645157562E+01
     0.645190957E+01
     0.645207427E+01
     0.645256836E+01
     0.645322012E+01
     0.645301731E+01
     0.645322012E+01
     0.645353164E+01
     0.645368532E+01
     0.645414640E+01
     0.645475481E+01
     0.645456546E+01
     0.645475480E+01
     0.645503781E+01
     0.645517754E+01
     0.645559674E+01
     0.645615020E+01
     0.645597791E+01
     0.645615020E+01
     0.645641284E+01
     0.645654257E+01
     0.645693178E+01
     0.645744585E+01
     0.645728580E+01
     0.645744585E+01
     0.645769269E+01
     0.645781466E+01
     0.645818059E+01
     0.645866403E+01
     0.645851350E+01
     0.645866403E+01
     0.645889787E+01
     0.645901345E+01
     0.645936018E+01
     0.645981835E+01
     0.645967568E+01
     0.645981835E+01
     0.646004108E+01
     0.646015119E+01
     0.646048151E+01
     0.646091806E+01
     0.646078211E+01
     0.646091805E+01
     0.646113106E+01
     0.646123637E+01
     0.646155230E+01
     0.646196989E+01
     0.646183984E+01
     0.646196989E+01
     0.646217422E+01
     0.646227525E+01
     0.646257836E+01
     0.646297902E+01
     0.646285424E+01
     0.646297902E+01
     0.646317551E+01
     0.646327268E+01
     0.646356419E+01
     0.646394956E+01
     0.646382954E+01
     0.646394956E+01
     0.646413889E+01
     0.646423253E+01
     0.646451346E+01
     0.646488484E+01
     0.646476917E+01
     0.646488484E+01
     0.646506760E+01
     0.646515799E+01
     0.646542916E+01
     0.646578768E+01
     0.646567602E+01
     0.646578768E+01
     0.646596434E+01
     0.646605172E+01
     0.646631385E+01
     0.646666044E+01
     0.646655249E+01
     0.646666044E+01
     0.646683142E+01
     0.646691599E+01
     0.646716970E+01
     0.646750517E+01
     0.646740068E+01
     0.646750517E+01
     0.646767083E+01
     0.646775277E+01
     0.646799860E+01
     0.646832365E+01
     0.646822241E+01
     0.646832365E+01
     0.646848431E+01
     0.646856378E+01
     0.646880221E+01
     0.646911746E+01
     0.646901927E+01
     0.646911746E+01
     0.646927341E+01
     0.646935055E+01
     0.646958199E+01
     0.646988800E+01
     0.646979269E+01
     0.646988800E+01
     0.647003950E+01
     0.647011444E+01
     0.647033926E+01
     0.647063653E+01
     0.647054394E+01
     0.647063653E+01
     0.647078380E+01
     0.647085665E+01
     0.647107520E+01
     0.647136418E+01
     0.647127417E+01
     0.647136418E+01
     0.647150743E+01
     0.647157830E+01
     0.647179089E+01
     0.647207199E+01
     0.647198443E+01
     0.647207199E+01
     0.647221141E+01
     0.647228038E+01
     0.647248729E+01
     0.647276088E+01
     0.647267567E+01
     0.647276088E+01
     0.647289666E+01
     0.647296383E+01
     0.647316532E+01
     0.647343174E+01
     0.647334876E+01
     0.647343174E+01
     0.647356404E+01
     0.647362947E+01
     0.647382579E+01
     0.647408536E+01
     0.647400451E+01
     0.647408536E+01
     0.647421432E+01
     0.647427810E+01
     0.647446947E+01
     0.647472248E+01
     0.647464368E+01
     0.647472248E+01
     0.647484824E+01
     0.647491044E+01
     0.647509706E+01
     0.647534379E+01
     0.647526694E+01
     0.647534379E+01
     0.647546648E+01
     0.647552716E+01
     0.647570922E+01
     0.647594992E+01
     0.647587495E+01
     0.647594992E+01
     0.647606967E+01
     0.647612889E+01
     0.647630657E+01
     0.647654148E+01
     0.647646832E+01
     0.647654148E+01
     0.647665840E+01
     0.647671622E+01
     0.647688970E+01
     0.647711904E+01
     0.647704761E+01
     0.647711904E+01
     0.647723323E+01
     0.647728971E+01
     0.647745913E+01
     0.647768311E+01
     0.647761335E+01
     0.647768311E+01
     0.647779469E+01
     0.647784986E+01
     0.647801539E+01
     0.647823422E+01
     0.647816606E+01
     0.647823422E+01
     0.647834327E+01
     0.647839719E+01
     0.647855897E+01
     0.647877282E+01
     0.647870622E+01
     0.647877282E+01
     0.647887944E+01
     0.647893215E+01
     0.647909031E+01
     0.647929937E+01
     0.647923426E+01
     0.647929937E+01
     0.647940364E+01
     0.647945520E+01
     0.647960986E+01
     0.647981430E+01
     0.647975063E+01
     0.647981430E+01
     0.647991631E+01
     0.647996674E+01
     0.648011804E+01
     0.648031802E+01
     0.648025574E+01
     0.648031802E+01
     0.648041784E+01
     0.648046719E+01
     0.648061525E+01
     0.648081092E+01
     0.648074998E+01
     0.648081092E+01
     0.648090863E+01
     0.648095694E+01
     0.648110185E+01
     0.648129337E+01
     0.648123373E+01
     0.648129337E+01
     0.648138905E+01
     0.648143635E+01
     0.648157824E+01
     0.648176574E+01
     0.648170735E+01
     0.648176574E+01
     0.648185946E+01
     0.648190578E+01
     0.648204475E+01
     0.648222837E+01
     0.648217119E+01
     0.648222837E+01
     0.648232020E+01
     0.648236558E+01
     0.648250172E+01
     0.648268161E+01
     0.648262560E+01
     0.648268161E+01
     0.648277161E+01
     0.648281608E+01
     0.648294950E+01
     0.648312578E+01
     0.648307089E+01
     0.648312578E+01
     0.648321401E+01
     0.648325761E+01
     0.648338840E+01
     0.648356119E+01
     0.648350739E+01
     0.648356119E+01
     0.648364773E+01
     0.648369048E+01
     0.648381875E+01
     0.648398817E+01
     0.648393542E+01
     0.648398817E+01
     0.648407308E+01
     0.648411501E+01
     0.648424084E+01
     0.648440702E+01
     0.648435528E+01
     0.648440702E+01
     0.648449035E+01
     0.648453151E+01
     0.648465498E+01
     0.648481805E+01
     0.648476729E+01
     0.648481805E+01
     0.648489987E+01
     0.648494028E+01
     0.648506149E+01
     0.648522157E+01
     0.648517173E+01
     0.648522157E+01
     0.648530194E+01
     0.648534162E+01
     0.648546067E+01
     0.648561787E+01
     0.648556893E+01
     0.648561787E+01
     0.648569685E+01
     0.648573584E+01
     0.648585282E+01
     0.648600726E+01
     0.648595919E+01
     0.648600726E+01
     0.648608493E+01
     0.648612326E+01
     0.648623826E+01
     0.648639007E+01
     0.648634282E+01
     0.648639007E+01
     0.648646648E+01
     0.648650419E+01
     0.648661732E+01
     0.648676663E+01
     0.648672016E+01
     0.648676663E+01
     0.648684186E+01
     0.648687897E+01
     0.648699033E+01
     0.648713727E+01
     0.648709154E+01
     0.648713727E+01
     0.648721139E+01
     0.648724796E+01
     0.648735765E+01
     0.648750237E+01
     0.648745733E+01
     0.648750237E+01
     0.648757547E+01
     0.648761152E+01
     0.648771967E+01
     0.648786234E+01
     0.648781794E+01
     0.648786234E+01
     0.648793451E+01
     0.648797009E+01
     0.648807683E+01
     0.648821761E+01
     0.648817381E+01
     0.648821761E+01
     0.648828896E+01
     0.648832412E+01
     0.648842962E+01
     0.648856871E+01
     0.648852544E+01
     0.648856871E+01
     0.648863936E+01
     0.648867417E+01
     0.648877860E+01
     0.648891625E+01
     0.648887343E+01
     0.648891625E+01
     0.648898636E+01
     0.648902088E+01
     0.648912447E+01
     0.648926097E+01
     0.648921851E+01
     0.648926097E+01
     0.648933073E+01
     0.648936507E+01
     0.648946811E+01
     0.648960383E+01
     0.648956162E+01
     0.648960383E+01
     0.648967352E+01
     0.648970781E+01
     0.648981068E+01
     0.648994613E+01
     0.648990401E+01
     0.648994613E+01
     0.649001616E+01
     0.649005058E+01
     0.649015386E+01
     0.649028978E+01
     0.649024752E+01
     0.649028978E+01
     0.649036077E+01
     0.649039564E+01
     0.649050024E+01
     0.649063780E+01
     0.649059505E+01
     0.649063780E+01
     0.649071095E+01
     0.649074682E+01
     0.649085446E+01
     0.649099585E+01
     0.649095193E+01
     0.649099585E+01
     0.649107402E+01
     0.649111227E+01
     0.649122704E+01
     0.649137754E+01
     0.649133082E+01
     0.649137754E+01
     0.649146553E+01
     0.649150842E+01
     0.649163712E+01
     0.649180536E+01
     0.649175319E+01
     0.649180535E+01
     0.649188502E+01
     0.649192389E+01
     0.649204051E+01
     0.649219310E+01
     0.649214577E+01
     0.649187101E+01
     0.649190319E+01
     0.649199972E+01
     0.649212644E+01
     0.649208709E+01
     0.649212644E+01
     0.649219102E+01
     0.649222265E+01
     0.649231754E+01
     0.649244204E+01
     0.649240338E+01
     0.649244204E+01
     0.649249915E+01
     0.649252716E+01
     0.649261120E+01
     0.649272160E+01
     0.649268730E+01
     0.649272160E+01
     0.649277367E+01
     0.649279923E+01
     0.649287591E+01
     0.649297671E+01
     0.649294538E+01
     0.649297671E+01
     0.649302500E+01
     0.649304873E+01
     0.649311990E+01
     0.649321350E+01
     0.649318441E+01
     0.649321350E+01
     0.649325875E+01
     0.649328099E+01
     0.649334770E+01
     0.649343547E+01
     0.649340819E+01
     0.649343547E+01
     0.649347815E+01
     0.649349913E+01
     0.649356208E+01
     0.649364491E+01
     0.649361916E+01
     0.649364491E+01
     0.649368536E+01
     0.649370525E+01
     0.649376491E+01
     0.649384344E+01
     0.649381903E+01
     0.649384344E+01
     0.649388192E+01
     0.649390084E+01
     0.649395760E+01
     0.649403231E+01
     0.649400908E+01
     0.649403231E+01
     0.649406900E+01
     0.649408705E+01
     0.649414120E+01
     0.649421247E+01
     0.649419031E+01
     0.649421247E+01
     0.649424755E+01
     0.649426480E+01
     0.649431657E+01
     0.649438472E+01
     0.649436353E+01
     0.649438472E+01
     0.649441831E+01
     0.649443483E+01
     0.649448441E+01
     0.649454969E+01
     0.649452939E+01
     0.649454969E+01
     0.649458191E+01
     0.649459776E+01
     0.649464532E+01
     0.649470795E+01
     0.649468847E+01
     0.649470795E+01
     0.649473889E+01
     0.649475412E+01
     0.649479980E+01
     0.649485995E+01
     0.649484125E+01
     0.649485995E+01
     0.649488971E+01
     0.649490435E+01
     0.649494827E+01
     0.649500612E+01
     0.649498813E+01
     0.649500612E+01
     0.649503476E+01
     0.649504885E+01
     0.649509113E+01
     0.649514680E+01
     0.649512949E+01
     0.649514680E+01
     0.649517439E+01
     0.649518797E+01
     0.649522869E+01
     0.649528233E+01
     0.649526565E+01
     0.649528233E+01
     0.649530892E+01
     0.649532201E+01
     0.649536127E+01
     0.649541298E+01
     0.649539690E+01
     0.649541298E+01
     0.649543863E+01
     0.649545126E+01
     0.649548913E+01
     0.649553901E+01
     0.649552350E+01
     0.649553901E+01
     0.649556377E+01
     0.649557596E+01
     0.649561251E+01
     0.649566065E+01
     0.649564568E+01
     0.649566065E+01
     0.649568457E+01
     0.649569634E+01
     0.649573164E+01
     0.649577812E+01
     0.649576367E+01
     0.649577812E+01
     0.649580123E+01
     0.649581260E+01
     0.649584671E+01
     0.649589162E+01
     0.649587765E+01
     0.649589161E+01
     0.649591395E+01
     0.649592494E+01
     0.649595790E+01
     0.649600130E+01
     0.649598781E+01
     0.649600130E+01
     0.649602290E+01
     0.649603352E+01
     0.649606539E+01
     0.649610735E+01
     0.649609431E+01
     0.649610735E+01
     0.649612824E+01
     0.649613851E+01
     0.649616934E+01
     0.649620992E+01
     0.649619730E+01
     0.649620992E+01
     0.649623013E+01
     0.649624006E+01
     0.649626988E+01
     0.649630914E+01
     0.649629693E+01
     0.649630914E+01
     0.649632869E+01
     0.649633831E+01
     0.649636716E+01
     0.649640515E+01
     0.649639334E+01
     0.649640515E+01
     0.649642407E+01
     0.649643338E+01
     0.649646131E+01
     0.649649807E+01
     0.649648664E+01
     0.649649807E+01
     0.649651639E+01
     0.649652540E+01
     0.649655243E+01
     0.649658801E+01
     0.649657695E+01
     0.649658801E+01
     0.649660575E+01
     0.649661447E+01
     0.649664065E+01
     0.649667509E+01
     0.649666438E+01
     0.649667509E+01
     0.649669227E+01
     0.649670072E+01
     0.649672606E+01
     0.649675941E+01
     0.649674904E+01
     0.649675941E+01
     0.649677604E+01
     0.649678422E+01
     0.649680876E+01
     0.649684105E+01
     0.649683101E+01
     0.649684105E+01
     0.649685717E+01
     0.649686509E+01
     0.649688885E+01
     0.649692012E+01
     0.649691040E+01
     0.649692012E+01
     0.649693573E+01
     0.649694340E+01
     0.649696642E+01
     0.649699670E+01
     0.649698729E+01
     0.649699670E+01
     0.649701182E+01
     0.649701925E+01
     0.649704154E+01
     0.649707087E+01
     0.649706175E+01
     0.649707087E+01
     0.649708552E+01
     0.649709271E+01
     0.649711430E+01
     0.649714271E+01
     0.649713388E+01
     0.649714271E+01
     0.649715690E+01
     0.649716387E+01
     0.649718478E+01
     0.649721229E+01
     0.649720374E+01
     0.649721229E+01
     0.649722603E+01
     0.649723278E+01
     0.649725304E+01
     0.649727968E+01
     0.649727140E+01
     0.649727968E+01
     0.649729299E+01
     0.649729953E+01
     0.649731915E+01
     0.649734495E+01
     0.649733693E+01
     0.649734495E+01
     0.649735784E+01
     0.649736417E+01
     0.649738317E+01
     0.649740816E+01
     0.649740039E+01
     0.649740816E+01
     0.649742065E+01
     0.649742678E+01
     0.649744518E+01
     0.649746937E+01
     0.649746185E+01
     0.649746937E+01
     0.649748147E+01
     0.649748741E+01
     0.649750523E+01
     0.649752865E+01
     0.649752137E+01
     0.649752865E+01
     0.649754037E+01
     0.649754612E+01
     0.649756337E+01
     0.649758605E+01
     0.649757900E+01
     0.649758605E+01
     0.649759739E+01
     0.649760296E+01
     0.649761966E+01
     0.649764161E+01
     0.649763479E+01
     0.649764161E+01
     0.649765260E+01
     0.649765799E+01
     0.649767416E+01
     0.649769541E+01
     0.649768880E+01
     0.649769541E+01
     0.649770604E+01
     0.649771126E+01
     0.649772691E+01
     0.649774747E+01
     0.649774108E+01
     0.649774747E+01
     0.649775776E+01
     0.649776281E+01
     0.649777796E+01
     0.649779786E+01
     0.649779167E+01
     0.649779786E+01
     0.649780782E+01
     0.649781270E+01
     0.649782736E+01
     0.649784661E+01
     0.649784063E+01
     0.649784661E+01
     0.649785625E+01
     0.649786097E+01
     0.649787515E+01
     0.649789378E+01
     0.649788799E+01
     0.649789378E+01
     0.649790310E+01
     0.649790767E+01
     0.649792139E+01
     0.649793940E+01
     0.649793380E+01
     0.649793940E+01
     0.649794842E+01
     0.649795284E+01
     0.649796610E+01
     0.649798351E+01
     0.649797810E+01
     0.649798351E+01
     0.649799223E+01
     0.649799651E+01
     0.649800933E+01
     0.649802617E+01
     0.649802094E+01
     0.649802617E+01
     0.649803460E+01
     0.649803873E+01
     0.649805112E+01
     0.649806739E+01
     0.649806234E+01
     0.649806739E+01
     0.649807554E+01
     0.649807954E+01
     0.649809152E+01
     0.649810723E+01
     0.649810235E+01
     0.649810723E+01
     0.649811511E+01
     0.649811897E+01
     0.649813054E+01
     0.649814572E+01
     0.649814101E+01
     0.649814572E+01
     0.649815333E+01
     0.649815706E+01
     0.649816823E+01
     0.649818290E+01
     0.649817834E+01
     0.649818290E+01
     0.649819025E+01
     0.649819384E+01
     0.649820463E+01
     0.649821879E+01
     0.649821439E+01
     0.649821879E+01
     0.649822588E+01
     0.649822936E+01
     0.649823977E+01
     0.649825343E+01
     0.649824919E+01
     0.649825343E+01
     0.649826028E+01
     0.649826363E+01
     0.649827368E+01
     0.649828686E+01
     0.649828277E+01
     0.649828686E+01
     0.649829347E+01
     0.649829670E+01
     0.649830639E+01
     0.649831910E+01
     0.649831516E+01
     0.649831910E+01
     0.649832547E+01
     0.649832859E+01
     0.649833794E+01
     0.649835019E+01
     0.649834639E+01
     0.649835019E+01
     0.649835633E+01
     0.649835934E+01
     0.649836835E+01
     0.649838015E+01
     0.649837649E+01
     0.649838015E+01
     0.649838608E+01
     0.649838897E+01
     0.649839765E+01
     0.649840902E+01
     0.649840549E+01
     0.649840902E+01
     0.649841473E+01
     0.649841751E+01
     0.649842587E+01
     0.649843682E+01
     0.649843342E+01
     0.649843682E+01
     0.649844232E+01
     0.649844500E+01
     0.649845305E+01
     0.649846358E+01
     0.649846031E+01
     0.649846358E+01
     0.649846887E+01
     0.649847145E+01
     0.649847920E+01
     0.649848933E+01
     0.649848619E+01
     0.649848933E+01
     0.649849442E+01
     0.649849690E+01
     0.649850435E+01
     0.649851409E+01
     0.649851107E+01
     0.649851409E+01
     0.649851899E+01
     0.649852137E+01
     0.649852853E+01
     0.649853789E+01
     0.649853499E+01
     0.649853789E+01
     0.649854260E+01
     0.649854489E+01
     0.649855177E+01
     0.649856076E+01
     0.649855797E+01
     0.649856076E+01
     0.649856528E+01
     0.649856748E+01
     0.649857408E+01
     0.649858271E+01
     0.649858004E+01
     0.649858271E+01
     0.649858705E+01
     0.649858916E+01
     0.649859550E+01
     0.649860378E+01
     0.649860121E+01
     0.649860378E+01
     0.649860794E+01
     0.649860997E+01
     0.649861605E+01
     0.649862398E+01
     0.649862152E+01
     0.649862398E+01
     0.649862797E+01
     0.649862992E+01
     0.649863574E+01
     0.649864335E+01
     0.649864099E+01
     0.649864335E+01
     0.649864717E+01
     0.649864903E+01
     0.649865461E+01
     0.649866189E+01
     0.649865963E+01
     0.649866189E+01
     0.649866555E+01
     0.649866733E+01
     0.649867267E+01
     0.649867964E+01
     0.649867748E+01
     0.649867964E+01
     0.649868314E+01
     0.649868484E+01
     0.649868995E+01
     0.649869661E+01
     0.649869455E+01
     0.649869661E+01
     0.649869996E+01
     0.649870159E+01
     0.649870647E+01
     0.649871283E+01
     0.649871086E+01
     0.649871283E+01
     0.649871603E+01
     0.649871758E+01
     0.649872224E+01
     0.649872832E+01
     0.649872644E+01
     0.649872832E+01
     0.649873137E+01
     0.649873285E+01
     0.649873730E+01
     0.649874309E+01
     0.649874130E+01
     0.649874309E+01
     0.649874601E+01
     0.649874742E+01
     0.649875166E+01
     0.649875717E+01
     0.649875547E+01
     0.649875717E+01
     0.649875995E+01
     0.649876130E+01
     0.649876534E+01
     0.649877059E+01
     0.649876896E+01
     0.649877059E+01
     0.649877323E+01
     0.649877451E+01
     0.649877835E+01
     0.649878334E+01
     0.649878180E+01
     0.649878334E+01
     0.649878586E+01
     0.649878708E+01
     0.649879073E+01
     0.649879547E+01
     0.649879400E+01
     0.649879547E+01
     0.649879786E+01
     0.649879902E+01
     0.649880248E+01
     0.649880698E+01
     0.649880559E+01
     0.649880698E+01
     0.649880925E+01
     0.649881035E+01
     0.649881363E+01
     0.649881790E+01
     0.649881658E+01
     0.649881790E+01
     0.649882005E+01
     0.649882108E+01
     0.649882420E+01
     0.649882823E+01
     0.649882699E+01
     0.649882823E+01
     0.649883027E+01
     0.649883125E+01
     0.649883420E+01
     0.649883801E+01
     0.649883683E+01
     0.649883801E+01
     0.649883994E+01
     0.649884086E+01
     0.649884365E+01
     0.649884725E+01
     0.649884614E+01
     0.649884725E+01
     0.649884907E+01
     0.649884994E+01
     0.649885256E+01
     0.649885596E+01
     0.649885491E+01
     0.649885596E+01
     0.649885767E+01
     0.649885850E+01
     0.649886097E+01
     0.649886416E+01
     0.649886318E+01
     0.649886416E+01
     0.649886578E+01
     0.649886655E+01
     0.649886888E+01
     0.649887188E+01
     0.649887095E+01
     0.649887188E+01
     0.649887340E+01
     0.649887412E+01
     0.649887631E+01
     0.649887912E+01
     0.649887825E+01
     0.649887912E+01
     0.649888055E+01
     0.649888123E+01
     0.649888327E+01
     0.649888591E+01
     0.649888509E+01
     0.649888591E+01
     0.649888724E+01
     0.649888788E+01
     0.649888979E+01
     0.649889225E+01
     0.649889149E+01
     0.649889225E+01
     0.649889350E+01
     0.649889409E+01
     0.649889588E+01
     0.649889817E+01
     0.649889747E+01
     0.649889817E+01
     0.649889934E+01
     0.649889989E+01
     0.649890155E+01
     0.649890369E+01
     0.649890303E+01
     0.649890369E+01
     0.649890477E+01
     0.649890528E+01
     0.649890683E+01
     0.649890881E+01
     0.649890820E+01
     0.649890881E+01
     0.649890982E+01
     0.649891029E+01
     0.649891172E+01
     0.649891356E+01
     0.649891299E+01
     0.649891356E+01
     0.649891449E+01
     0.649891493E+01
     0.649891625E+01
     0.649891794E+01
     0.649891742E+01
     0.649891794E+01
     0.649891880E+01
     0.649891921E+01
     0.649892043E+01
     0.649892198E+01
     0.649892150E+01
     0.649892198E+01
     0.649892277E+01
     0.649892315E+01
     0.649892427E+01
     0.649892569E+01
     0.649892525E+01
     0.649892569E+01
     0.649892642E+01
     0.649892676E+01
     0.649892778E+01
     0.649892909E+01
     0.649892869E+01
     0.649892909E+01
     0.649892975E+01
     0.649893006E+01
     0.649893100E+01
     0.649893218E+01
     0.649893182E+01
     0.649893218E+01
     0.649893279E+01
     0.649893307E+01
     0.649893392E+01
     0.649893499E+01
     0.649893466E+01
     0.649893499E+01
     0.649893554E+01
     0.649893580E+01
     0.649893656E+01
     0.649893753E+01
     0.649893724E+01
     0.649893753E+01
     0.649893803E+01
     0.649893826E+01
     0.649893895E+01
     0.649893981E+01
     0.649893955E+01
     0.649893981E+01
     0.649894026E+01
     0.649894046E+01
     0.649894108E+01
     0.649894186E+01
     0.649894162E+01
     0.649894186E+01
     0.649894225E+01
     0.649894244E+01
     0.649894298E+01
     0.649894367E+01
     0.649894346E+01
     0.649894367E+01
     0.649894402E+01
     0.649894418E+01
     0.649894467E+01
     0.649894527E+01
     0.649894509E+01
     0.649894527E+01
     0.649894558E+01
     0.649894572E+01
     0.649894615E+01
     0.649894667E+01
     0.649894651E+01
     0.649894667E+01
     0.649894694E+01
     0.649894706E+01
     0.649894743E+01
     0.649894789E+01
     0.649894775E+01
     0.649894789E+01
     0.649894812E+01
     0.649894823E+01
     0.649894854E+01
     0.649894893E+01
     0.649894881E+01
     0.649894893E+01
     0.649894913E+01
     0.649894922E+01
     0.649894949E+01
     0.649894982E+01
     0.649894972E+01
     0.649894982E+01
     0.649894999E+01
     0.649895006E+01
     0.649895029E+01
     0.649895056E+01
     0.649895048E+01
     0.649895056E+01
     0.649895070E+01
     0.649895076E+01
     0.649895095E+01
     0.649895117E+01
     0.649895110E+01
     0.649895117E+01
     0.649895129E+01
     0.649895134E+01
     0.649895149E+01
     0.649895166E+01
     0.649895161E+01
     0.649895166E+01
     0.649895175E+01
     0.649895179E+01
     0.649895190E+01
     0.649895203E+01
     0.649895199E+01
     0.649895203E+01
     0.649895210E+01
     0.649895212E+01
     0.649895220E+01
     0.649895230E+01
     0.649895227E+01
     0.649895230E+01
     0.649895234E+01
     0.649895236E+01
     0.649895242E+01
     0.649895248E+01
     0.649895246E+01
     0.649895248E+01
     0.649895252E+01
     0.649895253E+01
     0.649895257E+01
     0.649895261E+01
     0.649895260E+01
     0.649895261E+01
     0.649895263E+01
     0.649895264E+01
     0.649895266E+01
     0.649895269E+01
     0.649895268E+01
     0.649895269E+01
     0.649895271E+01
     0.649895271E+01
     0.649895273E+01
     0.649895274E+01
     0.649895274E+01
     0.649895274E+01
     0.649895275E+01
     0.649895275E+01
     0.649895276E+01
     0.649895277E+01
     0.649895277E+01
     0.649895277E+01
     0.649895278E+01
     0.649895278E+01
     0.649895278E+01
     0.649895279E+01
     0.649895279E+01
     0.649895279E+01
     0.649895279E+01
     0.649895279E+01
     0.649895280E+01
     0.649895280E+01
     0.649895280E+01
     0.649895280E+01
     0.649895280E+01
     0.649895280E+01
     0.649895280E+01
     0.649895280E+01
     0.649895280E+01
     0.649895280E+01
     0.649895280E+01
     0.649895280E+01
     0.649895280E+01
     0.649895280E+01
     0.649895280E+01
     0.649895280E+01
     0.649895280E+01
     0.649895280E+01
     0.649895280E+01
     0.649895280E+01
     0.649895280E+01
     0.649895280E+01
     0.649895280E+01
     0.649895280E+01
     0.649895280E+01
     0.649895280E+01
     0.649895280E+01
     0.649895280E+01
     0.649895280E+01
     0.649895280E+01
     0.649895280E+01
     0.649895280E+01
     0.649895280E+01
     0.649895280E+01
     0.649895280E+01
     0.649895280E+01
     0.649895280E+01
     0.649895280E+01
     0.649895280E+01
