 0.10220940270015E-01
 0.10274011121661E-01
 0.10329344350135E-01
 0.10386977448508E-01
 0.10446952077880E-01
 0.10509314731345E-01
 0.10574117452508E-01
 0.10641418621203E-01
 0.10711283821254E-01
 0.10783786807777E-01
 0.10859010594927E-01
 0.10937048689096E-01
 0.11018006497871E-01
 0.11102002951639E-01
 0.11189172383166E-01
 0.11279666721265E-01
 0.11373658068553E-01
 0.11471341751377E-01
 0.11572939953675E-01
 0.11678706077825E-01
 0.11788930017351E-01
 0.11903944582728E-01
 0.12024133398469E-01
 0.12149940695877E-01
 0.12281883574529E-01
 0.12420567516450E-01
 0.12566706241132E-01
 0.12721147435377E-01
 0.12884906558150E-01
 0.13059211936301E-01
 0.13245565951628E-01
 0.13445829655363E-01
 0.13662342321093E-01
 0.13898094548111E-01
 0.14156986062672E-01
 0.14444222473489E-01
 0.14766950079002E-01
 0.15135320387878E-01
 0.15564382246904E-01
 0.16077705458441E-01
 0.16715046213947E-01
 0.17550985274161E-01
 0.18750762357067E-01
 0.20809783035218E-01
 0.27248941044088E-01
 0.62058034196675E+01
 0.12638756623224E+02
 0.18449413070831E+02
 0.23969156171190E+02
 0.29328378863397E+02
 0.34602682927060E+02
 0.39846864853346E+02
 0.45105196437470E+02
 0.50412358954727E+02
 0.55789687874806E+02
 0.61240095908244E+02
 0.66744187726110E+02
 0.72257918502752E+02
 0.77708895097198E+02
 0.82980027622000E+02
 0.87765504979089E+02
 0.92211993667022E+02
 0.96612425662052E+02
 0.10096451689588E+03
 0.10526663172227E+03
 0.10951767102957E+03
 0.11371696811539E+03
 0.11786419647796E+03
 0.12195929106837E+03
 0.12600238291006E+03
