  0.223872356796301970081532979961218243      
   3.36255693728639969242452342101465859      
   3.48506031747391634161393802790606908      
   3.61201786895220686565347528988011949      
   3.74359721591618714179400799598061090      
   3.87997188429351616948850203469216804      
   4.02132144795249669027684333702260603      
   4.16783178006499861757385285744831905      
   4.31969528557041649129772279029019261      
   4.47711118033876502004408634479868230      
   4.64028571364797579489954573472609273      
   4.80943245035796483486457524126117667      
   4.98477254730747304058102862799657264      
   5.16653503446891663783683049057948652      
   5.35495710246627076620181930916792745      
   5.55028442200693609307400845494952073      
   5.75277144679636648950465479544446212      
   5.96268173145638599062646843555075268      
   6.18028827598593331047006908695810092      
   6.40587387590405943383237955060115501      
   6.63973146184760057425665700436429405      
   6.88216448474342271662489147701339113      
   7.13348729030895885689229594687923484      
   7.39402550482861170705282680205187144      
   7.66411645553658373036932862368212801      
   7.94410957166095253025890036990366193      
   8.23436682996895022277103309908264923      
   8.53526318878296715740259287053379745      
   8.84718705476269423863825007947328211      
   9.17054075123412387386718008437274921      
   9.50574100472301359322204075146886317      
   9.85321944403307634891597292691523603      
   10.2134231243638826673114176604395522      
   10.5868150438432342618449492991972458      
   10.9738747033632288710778685105636083      
   11.3750986565713866944447544261436697      
   11.7910010898271818434675738047877236      
   12.2221144090915858615342907674082801      
   12.6689898460776164243384549307289969      
   13.1321980756324750016474725426476387      
   13.6123298503892454386289131631362156      
   14.1099966473933909725192130549419940      
   14.6258313251223064033800686555561032      
   15.1604887966757040020774818636223434      
   15.7146467130388679943371651946532171      
   16.2890061548019560509280812559543425      
   16.8842923370057530759025315531131269      
   17.5012553147313616847658543476177970      
   18.1406707000629150810090012229754238      
   18.8033403781315069389064423733171317      
   19.4900932263157331716431342072192436      
   20.2017858298536364373271805421276266      
   20.9393031908607351485072137135325563      
   21.7035594283270357258469550442254804      
   22.4954984631242530003162869642323331      
   23.3160946850149480920176718030992076      
   24.1663535922085575163849184944773884      
   25.0473123983286819983563044892060355      
   25.9600406040563743468246722324324656      
   26.9056405139937328513302628910996049      
   27.8852477018576628790665904368620482      
   28.9000314061735743848179397056361903      
   29.9511948424655636921053993052504961      
   31.0399754284496966151116830585942313      
   32.1676448962414301932425661147357454      
   33.3355092852896772592203993960455373      
   34.5449087891779071048271797963960645      
   35.7972174445205294462457756040415014      
   37.0938426352943441524599911376439661      
   38.4362243891092190099666803710858068      
   39.8258344402537825603301062939538635      
   41.2641750288717351479799446139224648      
   42.7527774081541171106506379008507300      
   44.2932000236180730530722266571885620      
   45.8870263347791099726836913757736189      
   47.5358622480554589460145012149982051      
   49.2413331363247602764992129293875846      
   51.0050804308550980462623687160071203      
   52.8287577894010193707279609074034337      
   54.7140268711641557227546652511682832      
   56.6625527811578144521066055444417532      
   58.6759992912752559579841842619871326      
   60.7560239934839405747327625807996211      
   62.9042735783582221215296923532678519      
   65.1223794606254220423940240130677503      
   67.4119539589404540584487077217068214      
   69.7745871729274192255435734341971366      
   72.2118445460679155721289564515380242      
   74.7252648753685413603127649599071234      
   77.3163581965702118096968379007669738      
   79.9866025920494391874407484054191429      
   82.7374385829805714923554979191260044      
   85.5702594735767425435798025180414446      
   88.4863959510900103740448285380981358      
   91.4870935569229142204321924322257338      
   94.5734824980816830160556336182662274      
   97.7465407639032099027053550443312325      
   101.007053601901640017547157372755909      
   104.355574751120186202539636780876600      
   107.792396699786604220829798142882955      
