 0.11002007701882E-02
 0.28286681472886E-03
 0.27810829955036E-03
 0.27343637831082E-03
 0.26884881236519E-03
 0.26434347876278E-03
 0.25991836362657E-03
 0.25557155269361E-03
 0.25130122353846E-03
 0.24710563742219E-03
 0.24298313363893E-03
 0.23893212296991E-03
 0.23495108213575E-03
 0.23103854884450E-03
 0.22719311733201E-03
 0.22341343386063E-03
 0.21969819316929E-03
 0.21604613512251E-03
 0.21245604138720E-03
 0.20892673252935E-03
 0.20545706570501E-03
 0.20204593203874E-03
 0.19869225458602E-03
 0.19539498647308E-03
 0.19215310892727E-03
 0.18896562988097E-03
 0.18583158232636E-03
 0.18275002309916E-03
 0.17972003156368E-03
 0.17674070854153E-03
 0.17381117528913E-03
 0.17093057257663E-03
 0.16809805975985E-03
 0.16531281410575E-03
 0.16257402995184E-03
 0.15988091811816E-03
 0.15723270525466E-03
 0.15462863329185E-03
 0.15206795890181E-03
 0.14954995301701E-03
 0.14707390036451E-03
 0.14463909904128E-03
 0.14224486012900E-03
 0.13989050731314E-03
 0.13757537653160E-03
 0.13529881565049E-03
 0.13306018414031E-03
 0.13085885279429E-03
 0.12869420343713E-03
 0.12656562866214E-03
 0.12447253157040E-03
 0.12241432552463E-03
 0.12039043391380E-03
 0.11840028992306E-03
 0.11644333631211E-03
 0.11451902519575E-03
 0.11262681783455E-03
 0.11076618443013E-03
 0.10893660391426E-03
 0.10713756375456E-03
 0.10536855974874E-03
 0.10362909582255E-03
 0.10191868383274E-03
 0.10023684335716E-03
 0.98583101490780E-04
 0.96956992629706E-04
 0.95358058256193E-04
 0.93785846711167E-04
 0.92239912960569E-04
 0.90719818353194E-04
 0.89225130367356E-04
 0.87755422347364E-04
 0.86310273224976E-04
 0.84889267226982E-04
 0.83491993561058E-04
 0.82118046072864E-04
 0.80767022861472E-04
 0.79438525833755E-04
 0.78132160169178E-04
 0.76847533655368E-04
 0.75584255846289E-04
 0.74341936983635E-04
 0.73120186616328E-04
 0.71918611859994E-04
 0.70736815253031E-04
 0.69574392203584E-04
 0.68430928075591E-04
 0.67305995042980E-04
 0.66199148925322E-04
 0.65109926312265E-04
 0.64037842352300E-04
 0.62982389607507E-04
 0.61943038332565E-04
 0.60919238396053E-04
 0.59910422813269E-04
 0.58916012497321E-04
 0.57935421388981E-04
 0.56968060670242E-04
 0.56013340440595E-04
 0.55070667234325E-04
