   66.0965613665607596531683013361337592      
   65.7826329432377988184977806070097715      
   65.4571035969758759306972930156156180      
   65.1194824347346909906120978060150690      
   64.7692460469022535472846023046351505      
   64.4058342165369819402169073765162036      
   64.0286452378450934237923441337262237      
   63.6370308228630161702264885382766726      
   63.2302905602985138867312197696875767      
   62.8076658737176858667337227295779507      
   62.3683334073112374297306937209566330      
   61.9113977456862981251487192457179935      
   61.4358833486348488207664674507575011      
   60.9407255514497288606515515919473271      
   60.4247604445307844115865703749085476      
   59.8867134006635834885962924406641783      
   59.3251859616848925419649646057122332      
   58.7386407245263319272484608830768362      
   58.1253837747659730242301482935740496      
   57.4835440968263764830748527676815490      
   56.8110492341176500177876758390466071      
   56.1055962660344514261260925775043726      
   55.3646168922077446243966473803276843      
   54.5852350393599770919440382950796766      
   53.7642148905536346536873807352195440      
   52.8978965174057599795489260819701969      
   51.9821152759114271924248818011949722      
   51.0120996531547566802338715658538538      
   49.9823400790381271713233210314063005      
   48.8864179341940619318176797348908147      
   47.7167788903349806369520659500166592      
   46.4644265644489969115597816410984210      
   45.1184989534947785609961586235849399      
   43.6656668247337392114072549916541813      
   42.0892512944700454388558239618720482      
   40.3678784726805092246563502967468867      
   38.4733301194378568368372704638809600      
   36.3669084888482900999600410472129369      
   33.9928370385657904261404443133063187      
   31.2651297788341797646311661380355119      
   28.0379253682677594907473368157948590      
   24.0240500912780342128723555418120451      
   18.4766458011937143325428513530167890      
   6.00748276364190179527648044620574887      
   1.80465016106587077677824817014906971E-0004
   1.03504109289678121744211123786858316E-0004
   8.69546879943605602042352760293133670E-0005
   7.81650824258638097202118821484165004E-0005
   7.88590137005389337201768859766689618E-0005
   8.26066720823866373387834445263833905E-0005
   8.15118939601923152020331105258909489E-0005
   7.99235603771126187307054369519133759E-0005
   7.82874727705009641878615266615084803E-0005
   7.62245339151514982758856315516466257E-0005
   7.39193952396561129676178334008870401E-0005
   7.35505776108170899788464121194893459E-0005
   7.30231908971031012229925810647132877E-0005
   7.10334617000593334359181714369441112E-0005
   6.72767101599448392213285427323794122E-0005
   5.80433465103696906765499839330109304E-0005
   1.02743729793004873574957150081349957E-0005
   1.02519206073829822122128512057415881E-0005
   1.02338820336465790123832220448212831E-0005
   1.02192130502761677917817207016259411E-0005
   1.02071532141194111830322734538232834E-0005
   1.01971398253081286435144526114420737E-0005
   1.01887504162382159533643551496430212E-0005
   1.01816635694089684420880280287443820E-0005
   1.01756317573805106292699549595837449E-0005
   1.01704622148653359525909826878505869E-0005
   1.01660032690813021708377794252813098E-0005
   1.01621344379011518913679190286458362E-0005
   1.01587591669176965420747933569019755E-0005
   1.01557994398438918133898209532633175E-0005
   1.01531917355460354326231783385916582E-0005
   1.01508839644744677820436523892517392E-0005
   1.01488331252249697281102964176912463E-0005
   1.01470034960387770758687929275251572E-0005
   1.01453652275033432612319022062569370E-0005
   1.01438932388754807090797841555324462E-0005
   1.01425663461389373983713804968886379E-0005
