   4.33132403243944857470858348453749753      
   4.27266411880520022959850724397655079      
   4.21495226914061061130612111984840086      
   4.15810765809088184065929798204449636      
   4.10205234219752760959045975020754309      
   4.04671073735027027535218648365612243      
   3.99200911627193044079308789815217261      
   3.93787512121099161666143392233235259      
   3.88423728674973884067483083747356273      
   3.83102456724545750711606982442984912      
   3.77816586289184633952366213997461971      
   3.72558953769571189113549362133247045      
   3.67322292176880596131208505374152403      
   3.62099178918715310138938226572394809      
   3.56881980119627835245285656577210407      
   3.51662790264475936868239702137294865      
   3.46433365707830280630576118941089439      
   3.41185050274384352836709669868376869      
   3.35908690759327368486152641202019132      
   3.30594539589992949290447977119043848      
   3.25232141183380391239909321089596725      
   3.19810197560766125990414770054680026      
   3.14316407463817116806646736999164393      
   3.08737271414335828766566498729008772      
   3.03057852661265688574818510736388017      
   2.97261480444521911370224697572311431      
   2.91329376981722272042335417815036884      
   2.85240182269252172371739558919079046      
   2.78969339915793686198877616467135129      
   2.72488290673094919008847346472511932      
   2.65763394448243185668228586917894219      
   2.58754459858784047233871997067129566      
   2.51412690766643282673539278624773712      
   2.43677738406598493888967128080229328      
   2.35473328591747817215695436922679961      
   2.26700515515132428197477673803856522      
   2.17226768426703059659700327330600512      
   2.06867263327300417597162093035108680      
   1.95350401403032543542583047600726980      
   1.82247964882889079533159116324848128      
   1.66813798417366624540975844536328039      
   1.47528075599418165247497564595590693      
   1.20239953547095282771424573943376683      
  0.504467281914974520726124221307827204      
   8.17816297319041664887780263395064334      
   14.4960142783752701775397201998953028      
   20.0700810211531108072755020746059209      
   25.1954994910033875911680404910473947      
   30.0010184823592274305107405602760435      
   34.5587166539427548967304277062115315      
   38.9145147302607261191874327507838556      
   43.1000911244487778007383219205667008      
   47.1384747856835674457716277646550766      
   51.0469959183119401134382190384655543      
   54.8389696121845058665086979033079770      
   58.5247029890343558864205020875145154      
   62.1120990809560999638855641661986301      
   65.6069727725597513409848088469150512      
   69.0130595995442153871640955768141950      
   72.3313186566473680614635746357409405      
   75.5541174658009125779559533000070032      
   78.6911876847731216648813294099147283      
   81.7552965503301544143435313854139477      
   84.7502493570814765538598949768940175      
   87.6795020087671150083017118976826542      
   90.5462039515911874897121157803258557      
   93.3532344817283105317070125079692830      
   96.1032337512769098755311166740512849      
   98.7986294543671293671134726832782483      
   101.441659939578517268344154361730479      
   104.034394328991759070987925077314869      
   106.578750104605517491188528301134507      
   109.076508534499950761033252398909127      
   111.529328244323932371565066007603969      
   113.938757188050667594301300912966703      
   116.306243231238387117541292033050007      
   118.633143527369609858980091401992721      
   120.920732841228360406313348630832197      
   123.170210951314762397718995919366433      
   125.382709244977048260914911415344184      
   127.559296604526627681672412481784379      
