   72.4479686713211523636435429302469931      
   72.4427898225568931458862647503594020      
   72.4341425365726917311253079085307282      
   72.4220180478594774550574558401662135      
   72.4064090238219370347701688282560182      
   72.3873103895388529702140623942526445      
   72.3647200133415745602475299324186577      
   72.3386392328176625534736060039115138      
   72.3090732094241895914570093434358055      
   72.2760311139890298633212203441027727      
   72.2395261561672921285488410483084834      
   72.1995754731041192310030990076313517      
   72.1561998829888694217644237073451315      
   72.1094234867150832761113291277486132      
   72.0592730671558679860259093000905623      
   72.0057771993456423812649139621512423      
   71.9489649653286482028058425547589207      
   71.8888641876574879640887467361365444      
   71.8254991666458490848424593391528419      
   71.7588880160891583382056869704701223      
   71.6890398075601242789172938796060119      
   71.6159518170671140223328796575780743      
   71.5396071940768288067848084262195367      
   71.4599733360278766809532314004042671      
   71.3770011643911743012215125383862498      
   71.2906253845625925879919940080966908      
   71.2007656964272958886479285604470513      
   71.1073288251878703372844441257173810      
   71.0102111746514429758979847807589964      
   70.9093018710833383516280439272851536      
   70.8044859621118784294707283010510375      
   70.6956475553985211451652893418105232      
   70.5826727178249115788790513389986982      
   70.4654520000449459088157868321703868      
   70.3438824969739528205546737701694404      
   70.2178693974493911153058716965998137      
   70.0873270129659331830753076888338622      
   69.9521793046108554526315931698907575      
   69.8123599488238227849064224562608413      
   69.6678119968585275649170356342446410      
   69.5184871907882344279433946427330830      
   69.3643450017305474208353329784354946      
   69.2053514548635041516000505014061755      
   69.0414778018662135317192940582336624      
   68.8726990956064865701814897803010691      
   68.6989927149978779520646805640643920      
   68.5203368805788065624242537754426610      
   68.3367091939779649841994753738798533      
   68.1480852273550010819135694989197054      
   67.9544371823482503766241834529689949      
   67.7557326321585864233991054298343282      
   67.5519333552030487681852584856350645      
   67.3429942643068313223080099261761212      
   67.1288624316386407655771644460332978      
   66.9094762064987058991447678176396915      
   66.6847644205751349388858521955294736      
   66.4546456733314092659003697231289984      
   66.2190276887078236998739518192417834      
   65.9778067332349441748557723450361949      
   65.7308670849089614653580635995896879      
   65.4780805416935513182458262981523464      
   65.2193059582353199106941174931586611      
   64.9543887992483407941426837412770386      
   64.6831606979940909783258612355198456      
   64.4054390082975749388578416813731593      
   64.1210263385694380776855967451868402      
   63.8297100562960402743575456534848078      
   63.5312617513864200829152954912158087      
   63.2254366465901932792267392458318668      
   62.9119729428891074506141134731721055      
   62.5905910872853852447632464743949737      
   62.2609929497271034499358261702718916      
   61.9228608949855149761436270860062707      
   61.5758567340896333656577494190933815      
   61.2196205383795652534202689363779913      
   60.8537692973024161713805539841708535      
   60.4778953986733836738938977442639549      
   60.0915649071708644927844370623572636      
   59.6943156132207833717842887593711980      
   59.2856548200176406191659671682569204      
   58.8650568310574858793406456321499080      
   58.4319600940093978568503555933980336      
   57.9857639487527291144563145928655174      
   57.5258249176146289190729489691285749      
   57.0514524638063894079644273794301122      
   56.5619041292053006273951151489072823      
   56.0563799442087095794822990857849126      
   55.5340159794179555699136052483829942      
   54.9938768800920439143677774710203397      
   54.4349471879183400189345720281066197      
   53.8561212083599019921597929587044945      
   53.2561911225125630609664823783745568      
   52.6338329657404673259657121148621435      
   51.9875899954058901368447392849931772      
   51.3158528384548659847427658037417321      
   50.6168356346794620773258108351458501      
   49.8885471562647929025493820706228325      
   49.1287555641454734042650187307186331      
   48.3349450204042660477079849047356372      
   47.5042617587830914178193163468986739      
   46.6334463386130313702565536497245394      
   45.7187475401185372394921094297293996      
   44.7558114914707322803599382776325586      
   43.7395368058885472860332316883154349      
   42.6638821686907057705997941622703299      
   41.5216059337650288087773116538738311      
   40.3039060268881174401019297297479032      
   38.9999093355805304335976452201605241      
   37.5959259079797834303469439099845406      
   36.0743202678933239813439538425879968      
   34.4117277505366989077894422260433630      
   32.5760801240250247221238108044108194      
   30.5212950582749933142275418746875503      
   28.1769076425370257566341093315961067      
   25.4251850063717861210847153231585784      
   22.0405224160182423583698678765625088      
   17.4696256862562793959427264482135659      
   8.98179060191125116178994937136983431      
   1.07800191526230311153318802532953624E-0004
   1.03702437456238254077531750316994018E-0004
