   58.7357976801309534487082837829919061      
   57.4633075626397321371197524344880623      
   56.1470737270822629003953247813712175      
   54.7837711784173583034629719976747579      
   53.3691943293585994377945533298887760      
   51.8979953551370002719807890871572653      
   50.3633153273283673448199651368698271      
   48.7562499561575904470801987527766706      
   47.0650517880478013571703791441084925      
   45.2738970215143612468807726039098876      
   43.3609044081890768692736402076794941      
   41.2948174257900041247602463115639992      
   39.0292155760440305820288525430075556      
   36.4920939386146179995393143675312860      
   33.5668329904399659139544216335965167      
   30.0541155461382565662441697391214930      
   25.5490308075794326489013027964143273      
   18.7785539197898524438788441351280075      
   5.17504332224164487063701700627843447E-0004
   1.17772715622234166776800977729659207E-0004
   9.64908774174407616928328487229227880E-0005
   8.24511442415150208888195498014568729E-0005
   7.02320887719474662876154601737805743E-0005
   6.33208770555716446593221964004368066E-0005
   7.51921406427436083964520510262052264E-0005
   7.94976468515520260938509500588677583E-0005
   8.01390472591025705032076956790351760E-0005
   8.13198578997715625303498287977471246E-0005
   8.97211541425935335895161744301051750E-0005
   8.10804929242330864314506486057368315E-0005
   6.89416434388713620384419509911662797E-0005
   6.00597420885377702956215220925695746E-0005
   5.21278378575990145084444044955691091E-0005
   3.77403548558628209698901888856360965E-0005
   1.55301384301853774381564410854420481E-0005
   1.55286488124227905920321258571063207E-0005
   1.55273230850170345017308967052973285E-0005
   1.55261435902014780898773603837608372E-0005
   1.55250940044167562038594022483035330E-0005
   1.55241594379191901275702316692124909E-0005
   1.55233264574752889916751114225729697E-0005
   1.55225830515407170217663060468039626E-0005
   1.55219185558407207772211899086139139E-0005
   1.55213235544745681141630141890861896E-0005
   1.55207897684312806535788216372313963E-0005
   1.55203099402855774022005661757556999E-0005
   1.55198777211377621114772604758642066E-0005
   1.55194875636825337823453692195113636E-0005
   1.55191346236374589780663582701307591E-0005
   1.55188146705704416155516281750921408E-0005
   1.55185240083515257738282823733179305E-0005
   1.55182594049305944011318356429763324E-0005
   1.55180180308318992004812573366816191E-0005
   1.55177974055952051760021793069647725E-0005
   1.55175953513329249302820463595236101E-0005
   1.55174099525766088672816880969568287E-0005
   1.55172395216287801220090081966614478E-0005
   1.55170825686996481700057007552738901E-0005
   1.55169377761809200122450544282512252E-0005
   1.55168039764833127212613194915927675E-0005
   1.55166801329359427962241911586547118E-0005
   1.55165653233120590615416942152601371E-0005
   1.55164587256054167721785074494497805E-0005
   1.55163596057346469606381413377366748E-0005
   1.55162673068993838659522734760395602E-0005
   1.55161812403521909708001270570495012E-0005
   1.55161008773849489052100642242070920E-0005
   1.55160257423580752311810651931187322E-0005
   1.55159554066262701952216084992771840E-0005
   1.55158894832360619187251054397527768E-0005
