   3.77972799387015606963536269222968585      
   3.68561407529775156856088707609953292      
   3.59116885130035343782490126704981172      
   3.49614208869340449881625925679882552      
   3.40024123510830406001988955081632432      
   3.30311734099093053132264900956508969      
   3.20434523864610028765954908291021349      
   3.10339480109315468174092353698316693      
   2.99958788875521849978252643623144896      
   2.89203147111060941806349823612772266      
   2.77950943527361436508598575462324419      
   2.66029960741321052373297228737818712      
   2.53184982478587715020872590281358415      
   2.39018092699277979402175188468946817      
   2.22875137573300698022461496967123892      
   2.03605928390083674695209547482686926      
   1.78784388291389665544455438157044918      
   1.40417362602653256318860600018769523      
   4.51186631343433970847713103545519280      
   16.3876074618448719042151373788073178      
   25.7873803266533192547448470722429091      
   34.2104089611375664549454446231308376      
   42.1320804302686036376113675697210862      
   49.8395177169547414925016823967263860      
   57.5764922098672630277313377354093975      
   65.5926772019656811148003861731434714      
   74.1208512298414169339125482347015640      
   83.2920566482705853107747322557547385      
   93.0645039463617286123510370407470043      
   103.219416385487327306010770793454903      
   113.394867606151848021803640409780204      
   123.114502131929408349310487548281661      
   131.781006680576549433782111314819209      
   138.491215612390872528641461515040050      
   141.950171521885245428825250633689170      
   145.177235377180240595111396281814848      
   148.419231437134833297786755574316143      
   151.666730246550927888757563346338225      
   154.911370936127282832159396921497246      
   158.145880062321630239176218660457090      
   161.364040682988441338886610451649532      
   164.560626238521271610445735825623877      
   167.731312424084920330474648533243551      
   170.872577980244638013569292758761295      
   173.981602767031128992897720372106306      
   177.056169026005079858102914794355621      
   180.094569612333965316121209692828802      
   183.095525293490571992402695723539076      
   186.058111965879992558691158216573299      
   188.981697785251079283805832131433687      
   191.865889663267784561343971974247765      
   194.710488281171167667094937321085352      
   197.515450632389708419859589530897096      
   200.280859082854249441337248931644420      
   203.006895982008385864943558456199482      
   205.693822940602774218652178664848038      
   208.341963992147488754680876854673439      
   210.951691959529637677049920966287943      
   213.523417449270843482277186681712071      
   216.057579988090466772943612522745625      
   218.554640898277151542854812317536875      
   221.015077579168911065006431165736655      
   223.439378922406362476414758823121659      
   225.828041638932374201818724787676305      
   228.181567318443609867294199320227397      
   230.500460075314071524376040791910892      
   232.785224664939123461143870181364939      
   235.036364976251269836897261830848480      
   237.254382825570933319259127642122624      
   239.439776991293017960086252931825402      
