   211.368945707203172439029963006986247      
   209.900954974986836194867987019650560      
   208.365957824859285018050850159574044      
   206.761375536327756698204434199343363      
   205.084425766128707032877059709874829      
   203.332090974218770716863775239352552      
   201.501082086343735614243008558753758      
   199.587796432280328763959384699955803      
   197.588268736976654528258053652863608      
   195.498113603525761059361493345305858      
   193.312457484736255756646979330419202      
   191.025857555334798089811899426410207      
   188.632204113971932655963140169396714      
   186.124602082904967599183220745093365      
   183.495225715211276809786880179731918      
   180.735138588436807103158562648531652      
   177.834068092038314733518536615569682      
   174.780119491191097782413313141838532      
   171.559408621284059628907284950737148      
   168.155583291733459072602113465247553      
   164.549189837811210718218660259674287      
   160.716820059712026565940754507004587      
   156.629940008240476779432041027183353      
   152.253246719595533285370617740958618      
   147.542305320065446198206881380712049      
   142.440054240883900001707897355880144      
   136.871462878827444009842049267643168      
   130.735031761217924956209420508966706      
   123.888559750727879035797393100592723      
   116.123580005155112237997341299995180      
   107.114493814123545899030346831418037      
   96.3008211064742815583104749661058526      
   82.5472811446968485356005299915290037      
   62.7143715784979003688179001799488775      
   3.41416239854094307971224536124110075E-0002
   5.38789136064051101604131021250571307E-0004
   3.71480325294137215348300810439970477E-0004
   3.13214429845905525585571442377940240E-0004
   2.64832129262715805578779596335373588E-0004
   2.28275291032559900842576233417686923E-0004
   2.44066623363921153013952881022444356E-0004
   2.91235389516584545959116781097688005E-0004
   3.12297550671584322926816758294821362E-0004
   3.52312494790121340016843342565819478E-0004
   3.58748359024792644969968656982144633E-0004
   2.92409860892065178279759042984964213E-0004
   2.56141368710407893683118060058044117E-0004
   2.35189345801766738876646863260267649E-0004
   2.12677270649864957130739420167668278E-0004
   1.66147917144569089705582912891269154E-0004
   6.93009569805861743987442646688323318E-0005
   6.93477118426887899146680002913120608E-0005
   6.93984574458283172384490879320030716E-0005
   6.94518575990504719727982806399074269E-0005
   6.95068992939821767343097613733955840E-0005
   6.95628063676301961659327053785464193E-0005
   6.96189782819391015013270345562363706E-0005
   6.96749462167753281576372054237340260E-0005
   6.97303412416547772792213245704441597E-0005
   6.97848710075946089768976846534537993E-0005
   6.98383025106565130449926205683572335E-0005
   6.98904492240145007312968941130310403E-0005
   6.99411614018251674784628643447275310E-0005
   6.99903187059790549677928845835532203E-0005
   7.00378245484361658142852062694410196E-0005
   7.00836017104220672530869815301336028E-0005
   7.01275889202299303430341620429275553E-0005
   7.01697381553579780499003347420711482E-0005
   7.02100124967010021560995349737446724E-0005
   7.02483844063068555743150720082709325E-0005
