   4.20339457046050821610859015403387122      
   4.12891315348468438127534767838852913      
   4.05517013433463812886709920619623592      
   3.98210188962000777311077904613375282      
   3.90964513179989465188170681931213157      
   3.83773622493735338633779180738400812      
   3.76631048145970538264067702396015166      
   3.69530142348620411843099153492934301      
   3.62463998948867988051779679268526201      
   3.55425366319517625440755467093703728      
   3.48406549637753006466721281051882195      
   3.41399298997709383992191127635533704      
   3.34394678818171264316556795621081425      
   3.27382912650263233123953447091817063      
   3.20353195601709093487361256133542944      
   3.13293463935949222383719392313986501      
   3.06190107609985004118863389038777574      
   2.99027606018388898821879503384716528      
   2.91788059110621737238179427882426865      
   2.84450573888050679882778799759792686      
   2.76990447648424083684750727690594674      
   2.69378060109378000998243597113076184      
   2.61577339491189781956715626236822292      
   2.53543589676976017169396951138429372      
   2.45220331982342290974861146975926759      
   2.36534576917123546270737332236439902      
   2.27389495569274964164799242401800473      
   2.17652571945362233666295153046326094      
   2.07135392338901676737493405864626450      
   1.95556554266552959281229267552933800      
   1.82466049150311302367657119326368299      
   1.67065467494649121693257993018336233      
   1.47672052187403219365518637232776579      
   1.19350146176785529657153581317530439      
  0.985420018680554993520393273173878947      
   9.86258977398030947797714285050762250      
   16.8115288953152696819383126862546740      
   23.1781450900047280538730261573906715      
   29.2391118808991502119525484844344393      
   35.1321385590404171341467758383606433      
   40.9515557596535630919658364216314827      
   46.7729100448741591412836812059819163      
   52.6561579389220714204137130579645468      
   58.6390913809137498184346877104004270      
   64.7286687644448392726465890572603516      
   70.8959590868361787256067378589541083      
   77.0756266722512178493037947176297206      
   83.1659667678653090398429044156132245      
   89.0200137641289216384751238739396526      
   94.3831683678082852235036348669652043      
   98.7846365663813600161096921167986254      
   103.053499852338793516825584600640635      
   107.282665527610649213265475573534057      
   111.468723752181232434234254569749731      
   115.608999686042531429405104976792641      
   119.701463031249247602284904652819161      
   123.744633275847212408934204319577927      
   127.737488107464059743798091558776858      
   131.679379465942376899180566377486731      
   135.569959477665082549871043206066193      
   139.409116978871294365320895766803704      
   143.196924357200864560394034419895051      
   146.933593878443187951800892959654446      
   150.619442392842286884089355547179754      
   154.254863233209600589667443120897778      
   157.840304148696820930125352737600110      
   161.376250216904814506286962723952270      
   164.863210799659691486656313250081105      
   168.301709743081805962686392828092687      
   171.692278149693481628258728915928253      
