   58.9288956608045416504937377291613138      
   57.9931153344026904529936461965436159      
   56.9492695989094469742516736619334706      
   55.7723642441338389663910153861320604      
   54.4274123031512547741441326666634688      
   52.8637793156743981396343571138980955      
   51.0079272433441477887818998628991660      
   48.7673287688946938363781591279021972      
   46.0708337281119779734621313992702870      
   42.8003314603652590496035620777828662      
   38.5951189822825052426942611901708066      
   32.6384207566345924992813124813788573      
   22.3372609072972519923571943596710973      
   1.67778730399841666504595987654225001E-0004
   1.10821252269313466305846401325406970E-0004
   1.42415628592827567781521006236624234E-0004
   1.48784253981141971427631648420224903E-0004
   1.52496567645064776543944079120872738E-0004
   1.51158130185973088344875152551297351E-0004
   1.38329664886855559228416268650045525E-0004
   1.29312170986749271080017878359771633E-0004
   1.25090126416307448823719046103424581E-0004
   1.23352884061003141114922208586479871E-0004
   1.25886409239804533138042987537414349E-0004
   1.25679781173678188064552472478428382E-0004
   1.23902171721126980904450428217119465E-0004
   1.22517072566831538482855974296500679E-0004
   1.24289982852107350056078162554053498E-0004
   1.36364130816085244992469487808018417E-0004
   1.05470437041975957309836927915830064E-0004
   1.00974471379616314255006767176105827E-0004
   1.01803547590066628012956221126263114E-0005
   1.01746324368605493676467091840555161E-0005
   1.01697230714206868471649914619926177E-0005
   1.01654836023184173432121600524474760E-0005
   1.01618004126813906077600623110499319E-0005
   1.01585824854098735823086915215593004E-0005
   1.01557563108689739788789299216137354E-0005
   1.01532620647832873087354291702645452E-0005
   1.01510507112759177997086630062297723E-0005
   1.01490817868435491947653798453748472E-0005
   1.01473216904994050557314218373362290E-0005
   1.01457423536888822768800373473022905E-0005
   1.01443201976558708080288805287711302E-0005
   1.01430353101905739392699530885964013E-0005
   1.01418707911250332785202401143121691E-0005
   1.01408122285946807818725616206616246E-0005
   1.01398472773479888502423309437645323E-0005
   1.01389653172263239169761063785309283E-0005
   1.01381571750273162106709571154854134E-0005
   1.01374148967835342877033435300902288E-0005
   1.01367315603730041633582500457028260E-0005
   1.01361011205725643715665797347007405E-0005
   1.01355182803453958576436513813165304E-0005
   1.01349783834488994795756872320471394E-0005
   1.01344773244528374674861291806237207E-0005
   1.01340114730402624114390992860103808E-0005
   1.01335776100773177777107143968814945E-0005
   1.01331728734215453903951395634111846E-0005
   1.01327947118214057388077256891273463E-0005
   1.01324408455646241651952375968208532E-0005
   1.01321092327768401843835329934856616E-0005
   1.01317980404679338070065690326931794E-0005
   1.01315056195814868309257453205755326E-0005
   1.01312304834308935544393029624584306E-0005
