   71.0923293283531682640393304667360524      
   70.4424574931343979802487298396589082      
   69.7733490658452372822483984988988905      
   69.0851576724162643387734863757643358      
   68.3780050603176066655992332200328392      
   67.6519751050431496645933131186303519      
   66.9071075836319479033531846902008420      
   66.1433916249254350184537924395434276      
   65.3607587278985709539438215707715534      
   64.5590752169474979453969068222224397      
   63.7381339752054496157573044003617917      
   62.8976452621060198494797267146921241      
   62.0372263772683465568626549036468143      
   61.1563898762618182375151159925372191      
   60.2545299707201361082491341331968107      
   59.3309066497945290932172866741569594      
   58.3846269339035001278691212806291334      
   57.4146225036152922069257134850948241      
   56.4196227197044781057717977400266134      
   55.3981217408512626673625853514383307      
   54.3483380175005600604208080506932198      
   53.2681638407073644350248504946413631      
   52.1551017719124443045269624013283246      
   51.0061835470128027315734754573223028      
   49.8178652350801040839982751562061238      
   48.5858897133360303482132487397094297      
   47.3051033544075729399530874276022368      
   45.9692072844876769529803397714471894      
   44.5704130289070612209317714281043036      
   43.0989548209579701621356405566993614      
   41.5423805709760815234001616879800754      
   39.8844888475962784049506829773944655      
   38.1036749828462228349934701875944508      
   36.1702359514769106161823182992263731      
   34.0417045691048662650003004643879367      
   31.6540748937334160523835445570936359      
   28.9032558311341324749521799253103205      
   25.5987199969434035797622412736637912      
   21.3136325761552332829145551202174955      
   14.5576058905468736046907875513460678      
   4.78209851504038383516859283608917518E-0004
   1.22117631722649436690460818468424026E-0004
   9.39820866321621434910739842842162278E-0005
   7.97567742150717463080009159302677124E-0005
   6.73836393909948221298663830121214930E-0005
   5.74343140391292088039008900445552830E-0005
   6.01088792026566609554470687982158561E-0005
   7.25698896486651109295905162893258636E-0005
   7.95192613672851744593982070022977791E-0005
   9.52078058379863243166331591766193912E-0005
   7.30796938592156448723119925556656287E-0005
   6.22496974874134821088707177070383139E-0005
   5.59974185186930514319703434708635202E-0005
   5.08122488137162077676149365763411653E-0005
   4.50957531572409556388383504559727809E-0005
   1.55724527044122387078126762426885045E-0005
   1.55625777863605854307504145077901149E-0005
   1.55547925270646786151502202082024474E-0005
   1.55485836640429670514431749470585128E-0005
   1.55435788970547592722247325983417970E-0005
   1.55395045812269689479416813215833717E-0005
   1.55361570898947350419243777318651526E-0005
   1.55333831406819989709537331477453237E-0005
   1.55310660923816385158708604833766043E-0005
   1.55291162776829691671145268439849276E-0005
   1.55274641009518971171984538493111424E-0005
   1.55260550544070342208326889051844132E-0005
   1.55248460810675853592715584900962443E-0005
   1.55238028937269557711949895458551359E-0005
   1.55228979797287004107792769873360808E-0005
