   6.03881167103040171774511623185933256      
   6.05956523320752228943222304518280860      
   6.08086172286507882230108324846950982      
   6.10267458194865581810160327002573361      
   6.12497680230821254579156088091959740      
   6.14774095452124900878124412100173343      
   6.17093920397427872373248245208270967      
   6.19454331443597574432243089189511972      
   6.21852463901302416555528585922491014      
   6.24285409799614688697557226224962602      
   6.26750214266509933991039104107822146      
   6.29243870360779212395929056771304144      
   6.31763312149168373332706730639678712      
   6.34305405746758728944371480415527999      
   6.36866937943348267786448837403179660      
   6.39444601916486057362764180793348677      
   6.42034979372429577395694205188617531      
   6.44634518244607602510233802508946432      
   6.47239504793488709487729367835152718      
   6.49846028559980366379202130496074715      
   6.52449938078404511593560052645895626      
   6.55046784481073338824099826268103184      
   6.57631749009438231617898827462609242      
   6.60199548803324356863506399303208283      
   6.62744312869852735765979622997606015      
   6.65259416334336960933251356175781577      
   6.67737255077196173515675080094718959      
   6.70168933113184682178757189800344752      
   6.72543818705231825059170315094678002      
   6.74848896713061442683532804954132187      
   6.77067792982943502903602599392659399      
   6.79179248321845965348790180209362872      
   6.81154622605607515141906600878408674      
   6.82953589403996891307980573646536511      
   6.84516215250552863633334305299821777      
   6.85747164768946051490037752984997188      
   6.86480589376916714643774210067079841      
   6.86388038212359979448437832923868871      
   6.84656122720035487031987099528687846      
   6.77872326206982880731868167488794945      
   7.22462634005943918425853192743383490      
   7.42078642458755120643308491962486984      
   7.54304433425693864517135895890342864      
   7.64496368142801770086060573775903818      
   7.73765267099872309276652478905082854      
   7.82536430877006941065064054910496881      
   7.91011623103026183745452485976595758      
   7.99291411061122496150743479838235245      
   8.07415694487531867890942033213247060      
   8.15376139307117507924512761095701083      
   8.23118143107549235720459501876011967      
   8.30539897314337058368218726961697757      
   8.37490062896904634985778845797582797      
   8.43758475251810932244669627597546063      
   8.49034674266261230323056173211315782      
   8.52545742597604591006702549363173926      
   8.54340158163856170618068771782736051      
   8.56099057532875891397676439666859254      
   8.57821826057806960410269310726931374      
   8.59507913419422612927558483692077679      
   8.61156831650151603147569769136769629      
   8.62768153157005302146173201202588788      
   8.64341508744130195781356273166976201      
   8.65876585637414503884219174377813315      
   8.67373125511437080484405948030171179      
   8.68830922522209450857721927707035635      
   8.70249821346825177786392559968940181      
   8.71629715232384745729960260717612098      
   8.72970544055550498636394112712187394      
   8.74272292397672253006515707340647310      
