   214.656594034398016326395480033206757      
   213.425333183547957124853964785074037      
   212.141043805301103801757690711768094      
   210.802117858684949000807016617345549      
   209.406847391279455297372298440735941      
   207.953409003762874047884410099392337      
   206.439846606179579912634327344780791      
   204.864052192151181818895657402802216      
   203.223744287011414756240317410422092      
   201.516443640481086592852114804089185      
   199.739445629537660595430597678060996      
   197.889788706534595998022946940043161      
   195.964218063254021391486766986314498      
   193.959143472346102370035575347984353      
   191.870589998341196208246163358900210      
   189.694139920110290516118076295063812      
   187.424863745878650140109473287219079      
   185.057237589070251544400838455854705      
   182.585043348684955287007400113450286      
   180.001247014872494461658971680433669      
   177.297848870912191122853378476163388      
   174.465697195331703950786409666416584      
   171.494253990140158767147750469106472      
   168.371296819586993537819976003445751      
   165.082534319330441053965715952246460      
   161.611103163891968361027549055544973      
   157.936899325075889364301723510189734      
   154.035673009519720158658365174872948      
   149.877778898652865223511724984026963      
   145.426410552047833645514347682538118      
   140.635039642241439396251680031326057      
   135.443585776057443951353622740173086      
   129.772471764136736617170385970635918      
   123.512962363253244191133722626430083      
   116.510493861605577782741887760846565      
   108.533460558807836665301688871294357      
   99.2076204893438201489439350935788232      
   87.8532759972474621630619853187687671      
   72.9625452033494175093918371847835321      
   49.3409908451474291311217684401815583      
   1.72744374462599436270235857164131195E-0003
   4.53104431845109517474606485378246724E-0004
   3.54455523046187714319642811909806728E-0004
   3.04868821111039047230753146853003905E-0004
   2.60695598657672928071887140470087029E-0004
   2.24722215590246717168780718242684239E-0004
   2.37734110504985898637975146246607640E-0004
   2.90022447489157417910471688811818578E-0004
   3.21025498210010610298733221784558524E-0004
   3.88150865780394663600106980430811711E-0004
   3.00766109541328751325443597850800446E-0004
   2.58504286795224695098089395144619619E-0004
   2.34486407786422680096921578917553711E-0004
   2.14366327915884131460079599644949486E-0004
   1.91439290463248981141307011579587554E-0004
   6.63811412747460397621238710283121070E-0005
   6.64786758371830860144933714749032023E-0005
   6.65822161126974613690183808859051552E-0005
   6.66895721565096244941495610278710703E-0005
   6.67991453243885323201782174823591573E-0005
   6.69097526529121624327429046579678701E-0005
   6.70205077980279727731740339053957840E-0005
   6.71307390985885728831555629743770263E-0005
   6.72399323969021723144759480734500426E-0005
   6.73476906110220530865990879534223069E-0005
   6.74537047963026317567787791298524732E-0005
   6.75577331865934679819328022241231326E-0005
   6.76595858433377186574285098937268446E-0005
   6.77591132897397487926182989575279068E-0005
   6.78561980069630312955117163962621383E-0005
