 0.10428908422938E-01
 0.10494891821376E-01
 0.10563607647708E-01
 0.10635115545455E-01
 0.10709482712977E-01
 0.10786785001510E-01
 0.10867108148736E-01
 0.10950549177259E-01
 0.11037217993572E-01
 0.11127239230987E-01
 0.11220754390094E-01
 0.11317924343347E-01
 0.11418932287290E-01
 0.11523987248081E-01
 0.11633328275174E-01
 0.11747229497001E-01
 0.11866006264830E-01
 0.11990022682372E-01
 0.12119700916811E-01
 0.12255532823987E-01
 0.12398094614086E-01
 0.12548065562485E-01
 0.12706252176534E-01
 0.12873619833058E-01
 0.13051334817490E-01
 0.13240821116154E-01
 0.13443838571120E-01
 0.13662592695157E-01
 0.13899892659466E-01
 0.14159384817851E-01
 0.14445908870598E-01
 0.14766061461035E-01
 0.15129128275957E-01
 0.15548711593720E-01
 0.16045775222737E-01
 0.16654886623523E-01
 0.17438745132014E-01
 0.18528924481578E-01
 0.20280655777151E-01
 0.24417627064297E-01
 0.44580689798138E+01
 0.11587227786219E+02
 0.17807205812627E+02
 0.23642239465936E+02
 0.29267310561651E+02
 0.34778498097129E+02
 0.40243810411258E+02
 0.45717660129358E+02
 0.51242444958633E+02
 0.56844043491454E+02
 0.62525868818377E+02
 0.68264810617314E+02
 0.74009509754346E+02
 0.79677791923723E+02
 0.85143045583426E+02
 0.90109308151879E+02
 0.94508528296108E+02
 0.98865137499696E+02
 0.10317612811369E+03
 0.10743921447524E+03
 0.11165273050942E+03
 0.11581552709392E+03
 0.11992687611843E+03
 0.12398638496188E+03
 0.12799392287421E+03
 0.13194955930789E+03
 0.13585351339811E+03
 0.13970611336156E+03
 0.14350776442749E+03
 0.14725892392682E+03
