   58.1320421742902391355065311445650512      
   57.0766918718503532908184647692377006      
   55.8783372525096922401910785749994079      
   54.4945572176405927943689188671785724      
   52.8593330216465454575157976955521832      
   50.8660166870519957957358477709839139      
   48.3886920655643168996817905334048270      
   45.4595489207949224958883122102816771      
   41.8668108823675755906782763694582563      
   37.0095637987316123166918524113154563      
   29.4818913146096869675203233881279542      
   10.8966903051350701643682222094465530      
                                           NaN
   1.52349880419908041538870778458282236E-0004
   1.58724042950433496233296076914806851E-0004
