   3.91710277985264675779805512993271980      
   3.82351003609541032375274741369362170      
   3.72449840049265207000775525827603353      
   3.61789855015916993962992463185216734      
   3.50033545690205814163708461182657261      
   3.36632940872092826416578274349169624      
   3.20938944258748356974894951448879711      
   3.03129008545029073377546555675410651      
   2.82042726122915640000499938678985383      
   2.54381263904616108936004178782273225      
   2.12004966504095545243227554873857104      
  0.986069562133465318947867901008159216      
   16.6791504593906148803413088689391023      
   26.4383882288675845040634862113280797      
   34.0626222910619709196517792365106249      
