 0.69216031433916E-03
 0.10378987106572E-03
 0.10172724635786E-03
 0.99706196484187E-04
 0.97725750862871E-04
 0.95784982864163E-04
 0.93883005351374E-04
 0.92018966797102E-04
 0.90192047899135E-04
 0.88401458630464E-04
 0.86646435666451E-04
 0.84926240139667E-04
 0.83240155679393E-04
 0.81587486698371E-04
 0.79967556894280E-04
 0.78379707937615E-04
 0.76823298321370E-04
 0.75297702351062E-04
 0.73802309256496E-04
 0.72336522409028E-04
 0.70899758630252E-04
 0.69491447579850E-04
 0.68111031211972E-04
 0.66757963290901E-04
 0.65431708957996E-04
 0.64131744342963E-04
 0.62857556213438E-04
 0.61608641657681E-04
 0.60384507795884E-04
 0.59184671516203E-04
 0.58008659232186E-04
 0.56856006658701E-04
 0.55726258603909E-04
 0.54618968775146E-04
 0.53533699596920E-04
 0.52470022039467E-04
 0.51427515456542E-04
 0.50405767431359E-04
 0.49404373629706E-04
 0.48422937659464E-04
 0.47461070935865E-04
 0.46518392551933E-04
 0.45594529153669E-04
 0.44689114819591E-04
 0.43801790944355E-04
 0.42932206126200E-04
 0.42080016058051E-04
 0.41244883422131E-04
 0.40426477787990E-04
 0.39624475513882E-04
 0.38838559651452E-04
 0.38068419853727E-04
 0.37313752286413E-04
 0.36574259542535E-04
 0.35849650560469E-04
 0.35139640545443E-04
 0.34443950894595E-04
 0.33762309125717E-04
 0.33094448809824E-04
 0.32440109507719E-04
 0.31799036710731E-04
 0.31170981785815E-04
 0.30555701925158E-04
 0.29952960100382E-04
 0.29362525021302E-04
 0.28784171098981E-04
 0.28217678412570E-04
 0.27662832679039E-04
 0.27119425224533E-04
 0.26587252955685E-04
 0.26066118329033E-04
 0.25555829316708E-04
 0.25056199367182E-04
 0.24567047361152E-04
 0.24088197564830E-04
 0.23619479586143E-04
 0.23160728343367E-04
 0.22711784060255E-04
 0.22272492305937E-04
 0.21842704100668E-04
 0.21422276108594E-04
 0.21011070934704E-04
 0.20608957533973E-04
 0.20215811726138E-04
 0.19831516790421E-04
 0.19455964093197E-04
 0.19089053682229E-04
 0.18730694768999E-04
 0.18380806021900E-04
 0.18039315612312E-04
 0.17706160994407E-04
 0.17381288453749E-04
 0.17064652518810E-04
 0.16756215377879E-04
 0.16455946465281E-04
 0.16163822364634E-04
 0.15879827122381E-04
 0.15603952982718E-04
 0.15336201462989E-04
 0.15076584604575E-04
