   3.44618478350831856693419549268586075      
   3.32855790836186144256599152141489256      
   3.20683789450256824899185787144579193      
   3.07948240766132922178519817269973013      
   2.94419402351065141061251003478591471      
   2.79729218227755246777169775693136634      
   2.63231250132908046797840214613659729      
   2.43682320469504513958914622246240182      
   2.18746198610098286687510816924022992      
   1.83189702188380906360752107440616520      
  0.991351632728333187887692760262266559      
   16.2990561635508875315476299723796353      
   28.5445759113488356995068205687206031      
   38.9372783690561722212596206952899580      
   48.4776534479614049006134547805901931      
   57.6767688121706118317380919651642204      
   66.9297143073561762395379159258681679      
   76.6549702228345043699251739795314222      
   87.3721365972140952836735221894196774      
   99.6478937569470557894334743490526653      
   113.853612002283593224824909021036084      
   129.922478900503942279452095758252072      
   147.292088490744544114147863559620094      
   164.932368667533451126839729795655357      
   181.360470100519018088523000206880109      
   194.611337387341373900127447207042040      
   201.189651938113512605363775078803703      
   202.029189686000667938124445585526067      
   203.052836483213991789621178568837501      
   204.234928846479173277175310028334616      
   205.552093029183588116736813631685842      
   206.983278844830450412034182128829636      
   208.509730885301463090295578980352392      
   210.114903376558535770566681308609283      
   211.784330121335976411181533653214538      
   213.505462993350625271413757737355756      
   215.267492155707781279710285362145604      
   217.061159476886513108251100332539648      
   218.878574252963300343600907263452282      
   220.713037845108079834988260824734845      
   222.558881541711365368242063203960207      
   224.411320027751726117075116044882345      
   226.266321353068934330363526099929869      
   228.120493218226643476928364366990025      
   229.970984688872951519913767383901553      
   231.815402031941543402554882230700112      
   233.651737167566898374292084309991064      
   235.478307183608804343040660243714995      
   237.293703412167504776780103484926684      
   239.096748678857838510653984336264491      
   240.886461476853972087248200388220200      
   242.662025969735632555250956326254628      
   244.422766875272404709626557887783883      
   246.168128422199784661019539121191388      
   247.897656697690804210668719818405264      
   249.610984810755500308228351716348868      
   251.307820397225872528265121215266546      
   252.987935067352164542165537372004465      
   254.651155469172272607887312029000220      
   256.297355696396701683576661789830033      
   257.926450817455774850617026486876638      
   259.538391341323696612269755637316411      
   261.133158468268472351741947991650974      
   262.710760000747293607509627050727322      
   264.271226809898602072537786484582867      
   265.814609773099924055296443599500113      
   267.340977111055580906879623972606082      
   268.850412065682549389856698861575021      
   270.343010869569212470403330388270657      
   271.818880966040531655559076855800890      
