   1.21695643108075767097888036286753046      
   1.19150539304433419718527799238606813      
   1.16626852968952360761854552056905425      
   1.14132405051158236149852716130405180      
   1.11677024451477924609681091788118096      
   1.09273923118531725629227699553125219      
   1.06942587441574238836281740889145977      
   1.04719047915519888171273688317386973      
   1.02717805095912675497547088826024020      
   1.01334623062404425406260070276117090      
   1.03768646505302136459010480500773802      
  0.870511300785175824925020438188049454      
  0.840373560236237688793678829901214162      
  0.813072196485772127705094879607404810      
  0.782562017875791760596886885055854109      
  0.747431551736668659292224498837855915      
  0.707496103486451477691558311180696418      
  0.663025922008632606011051827334552190      
  0.614638573804550969130830280231942485      
  0.563516464127339451576096371588573861      
  0.511629347525326404339397277984997248      
  0.461592008171589033986564340522147611      
  0.416171080073838637037264137153352796      
  0.377804084721093117037759553202695102      
  0.348433074930542455468300537085584286      
  0.329831215269812273086127670557817307      
  0.326281364273025627644792207185965076      
  0.334256108599082040562639200587064326      
  0.342101856443233697716791451373823528      
  0.349820518914771645565535293056298616      
  0.357414000071187854504705836550156090      
  0.364884193799506868213800915080483829      
  0.372232981280415000258212051060720466      
  0.379462228956931755052178819713705932      
  0.386573786935471086188634697165040112      
  0.393569487756746362007425553046846193      
  0.400451145479787157301434873424207245      
  0.407220555029217727527438578460333164      
  0.413879491761524027426224040653760506      
  0.420429711212416960087088422996059626      
  0.426872948990140607318708241992962713      
  0.433210920786978742911480015644767007      
  0.439445322481852446076310918303406339      
  0.445577830313541584064319201519377850      
  0.451610101105015952291579812020643490      
  0.457543772523303801785640829386650270      
  0.463380463361728319035177415094534885      
  0.469121773833358383313351015631296459      
  0.474769285866479011305578295446009552      
  0.480324563394828309131708216987079294      
  0.485789152637383100504818236056922366      
  0.491164582361696207701991981985976032      
  0.496452364129494335744772074691590126      
  0.501653992520977429754345291912437562      
  0.506770945333622694475420484548826018      
  0.511804683763687105041970763902223396      
  0.516756652557199699815567091627314414      
  0.521628280141379003052687796914419077      
  0.526420978732138519012329133556967246      
  0.531136144419998207023056061292156124      
  0.535775157235159129550422596689072260      
  0.540339381193891676365350044312811798      
  0.544830164327634088095323771877285521      
  0.549248838694428031583680765144533794      
  0.553596720379050497219967533410677627      
  0.557875109478952236677635107549833290      
  0.562085290080364699967122257330571913      
  0.566228530225383210441552564762665413      
  0.570306081872190623049898763460512808      
  0.574319180849736720029462650164020941      
