   5.75680188116313107596348891236242931      
   5.75669440201721261164782274948825333      
   5.75651536431631838060900717695443233      
   5.75626505337478656080981963941834894      
   5.75594387129542473121002041294078253      
   5.75555233714060344801099781268038242      
   5.75509108260231760600934873798561763      
   5.75456084310877444346820661715890847      
   5.75396244534288074222500214908347622      
   5.75329679368796871844456933607754515      
   5.75256486124235529797983970968789026      
   5.75176769544891409541939719974707620      
   5.75090645138239619852474833982536329      
   5.74998246468374451577462809147566045      
   5.74899737083875403004709113998768819      
   5.74795327039687884714034524869235673      
   5.74685293308911190891161548548725231      
   5.74570002892023627468057373367275826      
   5.74449937110216878153982635350349954      
   5.74325715399684717179281550972949493      
   5.74198116886309391022760825527334281      
   5.74068098127561027356829312922197731      
   5.73936805652210094357499384011426975      
   5.73805582298430188514401332423365186      
   5.73675966792397653482845173177666363      
   5.73549686480288692874326451570181584      
   5.73428643570484491475717231941685701      
   5.73314895610665366258526327601202078      
   5.73210631209346948813586663515018786      
   5.73118142175859134702967328715435928      
   5.73039793332514049741697332312025457      
   5.72977991225452560000264024180899280      
   5.72935152877142016495916358840583190      
   5.72913675577208795719020551566730288      
   5.72915908539058743901813884638138249      
   5.72944127061017551809062095293818605      
   5.73000509644166364570814252037589663      
   5.73087118346056532472687321879302137      
   5.73205882491038348306351117681305593      
   5.73358585727964086854029478270690963      
   5.73546856316190414158534464633465637      
   5.73772160440469011632894856632441651      
   5.74035798296092305757383509244655793      
   5.74338902648908844014357671821738216      
   5.74682439553307650076648603650261515      
   5.75067210909438045837328815954528178      
   5.75493858546450786095596522340642222      
   5.75962869533686358414136166028142306      
   5.76474582445030117561128506363731260      
   5.77029194325511318037626691636178114      
   5.77626768137738367031536079835878530      
   5.78267240493583996566761905377470662      
   5.78950429503565432597925368100398290      
   5.79676042602409810800726382271021211      
   5.80443684233754575148492417457106791      
   5.81252863298039634645631377921546191      
   5.82103000287769051242291498060346152      
   5.82993434049546322734808129963616122      
   5.83923428128863430575112456621842967      
   5.84892176662280886974429494397158573      
   5.85898809795751846363882102870405129      
   5.86942398609476892960334925298738361      
   5.88021959541844468133837744671870623      
   5.89136458302516079534888916766090936      
   5.90284813272605979969315616786879049      
   5.91465898385190718569304282569085393      
   5.92678545483037633459210122327708182      
   5.93921546145055946044949747102361440      
   5.95193652970264196504925538522727111      
   5.96493580303483794683580986746812977      
   5.97820004378000558928842784803161995      
   5.99171562843839776369439373337976590      
   6.00546853637066664124634233450665746      
   6.01944433133719974637273707173203456      
   6.03362813511991801439993517655761333      
   6.04800459230067033155063181223742064      
   6.06255782493684667334912364298194578      
   6.07727137561044007394932361619972017      
   6.09212813685702065511323197624413792      
   6.10711026446597537924010560416747733      
   6.12219907144800019228903796671706431      
   6.13737489855481987992018006078428081      
   6.15261695605249108212569048690075504      
   6.16790312986506678143697285290053930      
   6.18320974309019626143726073909858719      
   6.19851126096191837041092805181210225      
   6.21377992334498680647182217410554905      
   6.22898528323701745708229433101178264      
   6.24409362174071841293974980160885388      
   6.25906719840739388132717810052171079      
   6.27386327878625308995094641203519678      
   6.28843285527984841426912156373441420      
   6.30271893782688346188122499079691562      
   6.31665422826397511080823169137174381      
   6.33015789040638900829528367111277770      
   6.34313095681656139075789691535712648      
   6.35544961524183092284177177179074329      
   6.36695507656361745155834611568954606      
   6.37743769467097183025518730683397794      
   6.38661092811796297924287558819872272      
   6.39406623885215278980373156750548700      
   6.39918944632906918761490996113006315      
   6.40099120267623939716706782027894189      
   6.39771851147544556837756248597784775      
   6.38578179669660878435478122934086303      
   6.35565547027039527249429414446135417      
   6.25728467025535607361472900609695839      
   6.74809209115641923661165895311787388      
   6.90170809670483362169537624749676110      
   7.00575478988267018267651791228914550      
   7.09349240614284836605747422260581580      
   7.17307921145713904828026133959807452      
   7.24772865739378587311356749495529624      
   7.31897143962029535636828532061088235      
   7.38759869468255751217351896369907713      
   7.45401033922252036105472937572093069      
   7.51835238569229678693446582512324980      
   7.58056398543556939464510066993526164      
   7.64038448639189954930667943538148457      
   7.69733962602877165560907400915672302      
   7.75069439051038555038596176933352311      
   7.79928649457933928124788591194991699      
   7.84056215560882738355457822906694767      
   7.87146930978814623498252384737407475      
   7.90162708214608779683387114560148465      
   7.93126762909174833590296551670406888      
   7.96038555782333012820985504862679800      
   7.98897597823281303099378494736254593      
   8.01703450264895081614518450930045966      
   8.04455724450678220908024572626654889      
   8.07154081594835446918290963001772130      
   8.09798232441051352604779517993950558      
   8.12387936821122229874335545720547277      
   8.14923003117108889418902583389923373      
   8.17403287630871102942662706909691346      
   8.19828693865497833664333297122342468      
   8.22199171722150324429700423849554860      
   8.24514716617491024264167199687023275      
   8.26775368525887569805644556800816578      
   8.28981210951898994013114858533919040      
