 0.26859175941275E-03
 0.26859428523846E-03
 0.26859851776011E-03
 0.26860447969397E-03
 0.26861219696181E-03
 0.26862169766968E-03
 0.26863301105293E-03
 0.26864616641253E-03
 0.26866119210166E-03
 0.26867811468343E-03
 0.26869695853247E-03
 0.26871774640463E-03
 0.26874050171224E-03
 0.26876525328156E-03
 0.26879204317108E-03
 0.26882093777992E-03
 0.26885204203320E-03
 0.26888551600464E-03
 0.26892159295110E-03
 0.26896059746918E-03
 0.26900296236685E-03
 0.26904924289798E-03
 0.26910012723721E-03
 0.26915644240399E-03
 0.26921915525085E-03
 0.26928936853347E-03
 0.26936831243135E-03
 0.26945733216029E-03
 0.26955787250320E-03
 0.26967146016408E-03
 0.26979968486355E-03
 0.26994418003368E-03
 0.27010660387079E-03
 0.27028862137571E-03
 0.27049188787548E-03
 0.27071803438163E-03
 0.27096865501496E-03
 0.27124529661195E-03
 0.27154945053595E-03
 0.27188254663845E-03
 0.27224594926295E-03
 0.27264095513471E-03
 0.27306879296491E-03
 0.27353062457367E-03
 0.27402754734364E-03
 0.27456059780933E-03
 0.27513075621068E-03
 0.27573895184348E-03
 0.27638606906491E-03
 0.27707295382653E-03
 0.27780042063514E-03
