   5.75680188116313107596348891236242931      
   5.75669440201721261164782274948825333      
   5.75651536431631838060900750211769206      
   5.75626505337478656125904305761768082      
   5.75594387129542673686646801464348674      
   5.75555233714140931966669663603255422      
   5.75509108263338810424592435702559574      
   5.75456084374772966952981220845801680      
   5.75396245210713154207306925575011614      
   5.75329683850282993477097659505017945      
   5.75256507241283241834359043305511376      
   5.75176846601348377094058545017767082      
   5.75090876147893322577374773467152161      
   5.74998840074799145499729944461827106      
   5.74901085851044524382589419838609071      
   5.74798100899712352101667071528652267      
   5.74690549483759612338646150423139989      
   5.74579306792074338816497848470553476      
   5.74465487500655527271329707371478474      
   5.74350466428397352043313334297308892      
   5.74235889390064485283117822180194634      
   5.74123673028764344844082367666234017      
   5.74015993251192645263471462494123949      
   5.73915262782829261402878609705155648      
   5.73824099170830915973192841611116802      
   5.73745285186325669006053644863070254      
   5.73681723949744077348338298479156723      
   5.73636391222415465625008418260703327      
   5.73612287197664925836745908423928669      
   5.73612389851278296562488212378071333      
   5.73639611529092512026970546029486366      
   5.73696760020526613905786092926350729      
   5.73786504940632766861481589326576334      
   5.73911349850723015676794967474396835      
   5.74073610212994666106712284666140479      
   5.74275397007453339664495636797006143      
   5.74518605639487233888701105131170227      
   5.74804909632746268731012517336848137      
   5.75135758519594360674576431404178286      
   5.75512379312004777823253182593575285      
   5.75935780932610007011662271556136811      
   5.76406761018410004380676200136407630      
   5.76925914550727304993137724665451397      
   5.77493643824184683545078249982359855      
   5.78110169326280945345321329894856403      
   5.78775541162528362303014491373121231      
   5.79489650720498368976976765626603159      
   5.80252242321764102647199458542361158      
   5.81062924662075876709357638788282194      
   5.81921181881831358483174020196034213      
   5.82826384149761330457143514536974082      
   5.83777797672214216900951426481134429      
   5.84774594069974495851281353551380664      
   5.85815859082800972621559481082798647      
   5.86900600582486742024537092208029905      
   5.88027755885556804084983387364234373      
   5.89196198368167949487472984245182538      
   5.90404743392076771264411154293127622      
   5.91652153554379195884547788344939196      
   5.92937143276035966968123978989589638      
   5.94258382745413516503100112107790237      
   5.95614501229045769263768935680568751      
   5.97004089761212960802850114523559647      
   5.98425703219096109334196047336984791      
   5.99877861782720571230133918753992139      
   6.01359051773328267408120017234501725      
   6.02867725855203524043123527838367258      
   6.04402302572735812003720191867484066      
   6.05961165185031995477530089190574887      
   6.07542659742196636338364981190810516      
   6.09145092329050739636448420105468637      
   6.10766725381148107672198158212911591      
   6.12405772945242595197749189081290012      
   6.14060394725216894966587354930478242      
   6.15728688706516967385039370719421297      
   6.17408682096314784172775387023336869      
   6.19098320242967000816202917707267169      
   6.20795453101889801740294274913219483      
   6.22497818689570289698151168115934766      
   6.24203022799127212637569710091673516      
   6.25908514024302117721061264116902383      
   6.27611552829303599432761961640434130      
   6.29309172974870546392455325181422186      
   6.30998133009295190475680320192867816      
   6.32674854674377464302318599392256268      
   6.34335343831597628691433017618469481      
   6.35975087669793107558319529849981916      
   6.37588919165403724667040971658089699      
   6.39170835452880936566573029062587074      
   6.40713749910463164704971469850542946      
   6.42209146556612362606020545747283354      
   6.43646586412634603425665822213402210      
   6.45012982261856775936795486478929414      
   6.46291497411132140343042072178658342      
   6.47459807099517352158576032765337065      
   6.48487222812574968157641611456060606      
   6.49329658573687245839340233566495337      
   6.49920173360236708590021655157514936      
   6.50149479269627355747637874255523403      
   6.49820200521857093007091795267773615      
   6.48515575787322115128724171460518559      
   6.45058250626336199929885910052028637      
   6.31322171473021780003484439757660891      
   6.89178544121635779887550609358205738      
   7.03419382615032399117754452197815688      
   7.13660300715893565740715534267739755      
   7.22443428573766562763755860586886412      
   7.30471809285983972087002372271123135      
   7.38034950560521728357173024439201316      
   7.45273735944691768331270833054732943      
   7.52260918989106315303519901689359426      
   7.59031073247200263458707499533818919      
   7.65591859560133886232398872815665881      
   7.71927305943153142849872212802967312      
   7.77997658076478995686361068992224827      
   7.83737005967625469111493181809599733      
   7.89045708026650527188978968395890651      
   7.93761625856496556175588579974652702      
   7.97412714774911335289759091701012442      
   8.00247325287262640879765743199577384      
   8.03032817953211462073005153700933023      
   8.05768641062224086690388749349907917      
   8.08454294535253981043531107207868187      
   8.11089329669012828805094357324916283      
   8.13673348784937318024621877255805109      
   8.16206004785474083734825849029804682      
   8.18687000620117188291457113156647946      
   8.21116088663232952511928705537528679      
   8.23493070010258741201807860032029133      
   8.25817793692042864169958331605895348      
   8.28090155813207565288418050190416036      
   8.30310098618581620154903355844060677      
   8.32477609491481451433917912451997679      
   8.34592719888730318353513822724893611      
   8.36655504216706315812431888304828759      
   8.38666078653303272078726999577433581      
   8.40624599920585428217884631572557850      
   8.42531264012797325659834497106707189      
   8.44386304884984724004994394086074841      
   8.46189993106302985965005236587540674      
