   72.4479686713211523636435429302469931      
   72.4427898225568931458862619880843521      
   72.4341425365726915235705780835798860      
   72.4220180478574754534362295153201472      
   72.4064090232958323196815345543392180      
   72.3873103669740833870762573212152856      
   72.3647196719805238326679421250971452      
   72.3386365503966986088006469962801109      
   72.3090596171626740730717484204249701      
   72.2759804968685692796467562393038935      
   72.2393754983663678681837185938697929      
   72.1991963487664856625405507048511444      
   72.1553614476617514471456326382480188      
   72.1077491858213201720313743252836481      
   72.0561951021471179928256181607169178      
   72.0004944551119725869219763433900270      
   71.9404107872123926950530027913781350      
   71.8756895748762246263298844211270823      
   71.8060747573065452948389593635072259      
   71.7313253365287199618575159224028075      
   71.6512294425960253027524508287713230      
   71.5656140403386704067005112613858440      
   71.4743494707691112462579761690878696      
   71.3773489678454158448066950676241250      
   71.2745639864195977717566292436523774      
   71.1659765595703757875350739931361651      
   71.0515900012177834286790486131794136      
   70.9314191568624292416717721434156667      
   70.8054811667774523777822340594635380      
   70.6737874172237107347161657442869519      
   70.5363370716586184102623865096498511      
   70.3931123296331372970673132804779957      
   70.2440753721458690300285967239843074      
   70.0891668215042770790652309906906982      
   69.9283054658348465836700451746661556      
   69.7613889637314677550678291260242732      
   69.5882952423205754569270517899284395      
   69.4088843220074401120588393608471871      
   69.2230003346188206402091607199507305      
   69.0304735417058610488408712266945069      
   68.8311222013810747171441116350385131      
   68.6247541718149652331928935926622779      
   68.4111681752731614360878097439930700      
   68.1901546772162807775495735359110734      
   67.9614963600783839897938674310684983      
   67.7249681909624607289067343488620491      
   67.4803370970118871554381033459999557      
   67.2273612721812992019326915393802823      
   66.9657891451744884862352282126318313      
   66.6953580410701435969401368159243939      
   66.4157925692432749008677207482075502      
   66.1268027681577141198935956432377023      
   65.8280820339454684604672141553901312      
   65.5193048548022182782859557367570586      
   65.2001243674454158505684549180340844      
   64.8701697454448415725100098248546882      
   64.5290434223104946597329525859862236      
   64.1763181449118325595806712225626012      
   63.8115338451199844502654408275159580      
   63.4341943094726639980699467024298046      
   63.0437636180476542595708836030890315      
   62.6396623144084820663131831480597943      
   62.2212632582037494868765933447829579      
   61.7878871004093936462586471602797792      
   61.3387973078583736098997141168782404      
   60.8731946480289737056153265475905754      
   60.3902110263274634145963589338205322      
   59.8889025453522018947190709838707867      
   59.3682416276400662741184439607982064      
   58.8271080085553721581847798874156761      
   58.2642783621649141718536759976951457      
   57.6784142672939178738968799677840462      
   57.0680481496356690101463929845450825      
   56.4315667435248233410515152269794235      
   55.7671914965039996285633954592727229      
   55.0729551809162325846209597583227668      
   54.3466737649680796292492128458305046      
   53.5859123101917013878904543849974466      
   52.7879432725291132849797544244219670      
   51.9496950450808042250840903198743914      
   51.0676878233464555226290979833862855      
   50.1379527925968373950029787554864426      
   49.1559290644592717051326262585622085      
   48.1163304546909715241415346488921380      
   47.0129706448060697678004951230873635      
   45.8385297306346802176320779818417698      
   44.5842362514457835297871202057826575      
   43.2394239637061452564228759011038321      
   41.7908969523099274244028192294752761      
   40.2219901811279302548011847353723410      
   38.5111238630132821478472513105077876      
   36.6294699380724451133252718093309442      
   34.5369550443023809938364662793467078      
   32.1748779606627747689388163500384797      
   29.4508454287193961735561697863157302      
   26.2033988557614466629291205231500652      
   22.0984987454670621133540016315273535      
   16.1665273016297267168244743727493127      
   1.35189436634068241730434833743912385E-0004
   1.22314566675599973560969744650763192E-0004
   1.10275294145087494104412123417459923E-0004
   9.89176089174896919024650670360394248E-0005
