   235.280614361362568539609003427063999      
   235.267398252924457508319123671013411      
   235.245344475392038201665009383048267      
   235.214438641360550791276872437888627      
   235.174671149317011343531802836673804      
   235.126038996814134657157229747762235      
   235.068547281279842347722674546994579      
   235.002210333488779761176323230144146      
   234.927052415845780416400028592909332      
   234.843107822001989604060667529737450      
   234.750419994093493044508362920681151      
   234.649039008703912552723470066665203      
   234.539016634444801827896580228047331      
   234.420398309633489739090654583127509      
   234.293211933530533965058364825276994      
   234.157454176146795767368593570529257      
   234.013075755149239447578270307332829      
   233.859967465577565808353512623167916      
   233.697948576751137410915834980017650      
   233.526758670094578630202315837198588      
   233.346053333566066143936124291478795      
   233.155403565415926934630032088914783      
   232.954298368070601375230385325691689      
   232.742149846082577527464474335506503      
   232.518300101701237576739567207893445      
   232.282029298125441541435011971072447      
   232.032564364067712685248419429452850      
   231.769087929186894782772641528520900      
   231.490747177397206088407697377272711      
   231.196662383190733605670866628295617      
   230.885934958465596508034505640434569      
   230.557654882438055695072331560754626      
   230.210907420150479160878482061962122      
   229.844779066618190345375375813748437      
   229.458362670054517879409955067755441      
   229.050761711381198932311483769744363      
   228.621093730408042287290646418837779      
   228.168492906119624738640297163322781      
   227.692111808637240826513319414881788      
   227.191122356450535303975389106331433      
   226.664716017025716877158699626208348      
   226.112103301580552260574219180130970      
   225.532512606436788246055568076393317      
   224.925188461383706315738316735271839      
   224.289389242144128413669144698919957      
   223.624384409576631404432110117193300      
   222.929451329694227043951160817373207      
   222.203871729689121122206267582995365      
   221.446927837460720363573680374038653      
   220.657898244737875141506969685853250      
   219.836053529472288556501111559376539      
   218.980651660704962338716882004201372      
   218.090933203958562463426781541729494      
   217.166116334412195994075743152179799      
   216.205391655346932950556814685788725      
   215.207916809786298237410090767001822      
   214.172810865279453423800983017578462      
   213.099148438592285740108961118488970      
   211.985953518528126540410815457055790      
   210.832192933556603143679013672680864      
   209.636769399311495542958841963631502      
   208.398514066233396202966043042429207      
   207.116178476441257110368540430840963      
   205.788425817623286539204512085169233      
   204.413821347395098272083087051642888      
   202.990821834281671286987811795120966      
   201.517763837779655877094184346487938      
   199.992850615431810570045143352822281      
   198.414137404262028262183232564502339      
   196.779514777971117412119176378126393      
   195.086689714990123697657458753202583      
   193.333163944338333468909173284974396      
   191.516209032410320088714169629435917      
   189.632837560523046825309139324694088      
   187.679769584595133430110035751055626      
   185.653393373732823094829343927002273      
   183.549719166093219049281964809477885      
   181.364324349275471654959182508775489      
   179.092288028185857610442315057222117      
   176.728112356986488143366244234026302      
   174.265627218461269555577615176155479      
   171.697873757625313938086167627905350      
   169.016960777864683412751349191122417      
   166.213885929183288939952945344142084      
   163.278310642068575033739348588018206      
   160.198273476887616750682789104792122      
   156.959820244673344292681394648594267      
   153.546519777925687309402167973007698      
   149.938819670529643495780341024818115      
   146.113173376284142558355216225465971      
   142.040832874090316369964035331317849      
   137.686138786267520650541267467581286      
   133.004031227348659511069772018402100      
   127.936306362184913754431301258834747      
   122.405760532703005741173237826883352      
   116.306569791572875924616698013868498      
   109.487455466098274185293590334620380      
   101.719636690222071066707906316181635      
   92.6282589901362329889014763346024444      
   81.5184713126123016374111300022918948      
   66.7944988380183304092461368807068325      
   42.3651332256074172380653447931016976      
   1.38005516768393690088549154340786794E-0004
   1.33671052497008796609499970540635499E-0004
   1.26177791938578581051349411170644780E-0004
   1.17962303066753601569456159735159050E-0004
   1.09183507187173443509154335974358383E-0004
   9.97235161860087166222651380022247290E-0005
