   235.280623255560065767173916372200344      
   235.267416041613366799044231000161733      
   235.245371159244092916397076111497042      
   235.214474221362954591167532271098431      
   235.174715621029481786423923830941679      
   235.126092162796501304759578863858144      
   235.068606737648028477576100116409008      
   235.002261216084772309267840822703800      
   234.927036063238525991212827540141851      
   234.842853912063973081335305082144874      
   234.749529231213713588852904028088970      
   234.646708581662207960592157690461485      
   234.533809191643808206024852174731231      
   234.409969118564860172931013173475786      
   234.274024779474019080864649266837526      
   234.124526493885687414438928608084477      
   233.959791813980999050203078358538041      
   233.777985734196688204346813715735351      
   233.577211047078775299619468405370933      
   233.355592242634450693251022399349143      
   233.111340767868356218809639239913827      
   232.842795591655920792213688973277211      
   232.548438716689048855511863016545463      
   232.226889356790282022857071554391337      
   231.876882645975377041969243801456652      
   231.497239226905184201805543234980069      
   231.086831398235015832211854844510810      
   230.644550216377385238679753422919113      
   230.169276486195701631429531343286095      
   229.659857223876282353267345202734864      
   229.115088086062712132814732205431606      
   228.533701481734822471635937899454897      
   227.914359596072360656563079117998738      
   227.255651308981971966546977548011377      
   226.556091919533375569338428696996336      
   225.814124632232253115707013400877073      
   225.028122873952934650337200015478507      
   224.196392651810417988919745253406706      
   223.317174309009607109136782248204404      
   222.388643172914971945849372393565237      
   221.408908704062537950559375425530550      
   220.376011848459315669993390795851562      
   219.287920362559771435354799908732599      
   218.142521923910889055709105144282097      
   216.937614861975560348678950392151554      
   215.670896342628453650166785573465755      
   214.339947819541379011263323413971599      
   212.942217525318003313361051176257537      
   211.474999713426386582623154550880587      
   209.935410277806231709539117765706854      
   208.320358267091191863592781861208715      
   206.626512667879398229580974793770732      
   204.850263650002389224367520765413114      
   202.987677233675868511425356731854794      
   201.034442038440304804808594664661544      
   198.985806383427125986664307900479543      
   196.836503495240621145808742134583323      
   194.580661898851717445513218908932397      
   192.211697148597770703831610554882841      
   189.722179806151582050224436360974899      
   187.103672843369784804556366859306362      
   184.346529222443144417211088716477741      
   181.439636949573630273296398507343741      
   178.370093891973170717579796074970176      
   175.122787261755867137544067474470811      
   171.679841558968758879215294121174222      
   168.019881699732826752704369603157616      
   164.117031220083728669551417860724453      
   159.939522186180235800042122356443075      
   155.447721727924215768426003673475243      
   150.591257472565997793429284287950324      
   145.304706728591297487290530144015784      
   139.500911342580305220947046291837484      
   133.060187177762558279420351167288017      
   125.811988541125687790390724270230454      
   117.501353591905109695226715069402624      
   107.719789711178254870616465355749816      
   95.7340094901734914915848193728525862      
   79.9325432064313814741813973960024228      
   54.8850771846553632198863961457917438      
   4.13582042743959250045816254897639311E-0004
   3.78922901784009721502973193516643111E-0004
   3.35846724827585783503046506676383217E-0004
   2.88946079580699586014550559676216335E-0004
   2.44335625311693026949788253043733002E-0004
   2.32067587181157044710655251588642423E-0004
   2.88208798253040396575157852176531187E-0004
   3.10141974387678478701430808297837312E-0004
   3.30335550310773201990140485662127099E-0004
   3.78068253654621973150470454120657642E-0004
   3.59018296281962280005393551969704849E-0004
   2.98213900067735736303638936140203793E-0004
   2.63753733050071420510138118102052165E-0004
   2.41796896030770038689745972193658882E-0004
   2.15006667060662611683696312071873137E-0004
   7.16834229459000324844731088087112063E-0005
   7.16935535117472710547649134869000786E-0005
   7.17034105587198202524500516096081483E-0005
   7.17128953313304251771629590249057182E-0005
   7.17219172663923455019967382448037202E-0005
   7.17303935367879229532848954002110238E-0005
   7.17382486168574329334301831957109641E-0005
   7.17454138681548581133551690769360955E-0005
   7.17518271447969204900744022007748297E-0005
   7.17574324173823363901816481937999757E-0005
   7.17621794147514175262038505516511534E-0005
   7.17660232826803042540973846041242871E-0005
   7.17689242588563099963534756986049213E-0005
   7.17708473633947106691976157148790652E-0005
   7.17717621042638761070456296331208606E-0005
   7.17716421969700338175368239572035987E-0005
   7.17704652979190275834298140412476562E-0005
   7.17682127508765054373881936621964352E-0005
   7.17648693461663647899221809852207071E-0005
   7.17604230914135968567663546184122870E-0005
   7.17548649945087551835302776268075963E-0005
   7.17481888571903065612492512603465046E-0005
   7.17403910793709486051238949946587322E-0005
   7.17314704736235482086765042708407072E-0005
   7.17214280894104355508496594382343108E-0005
   7.17102670466176900276871700439130532E-0005
   7.16979923780269045409179016767530785E-0005
   7.16846108803343455834274289489162117E-0005
   7.16701309733133581138956257975156267E-0005
   7.16545625668079641230477213539192880E-0005
   7.16379169351606298897725252159892017E-0005
   7.16202065987923630413718035816246305E-0005
   7.16014452125440145814495460718861951E-0005
   7.15816474605517023845794255498291203E-0005
   7.15608289572417969761367906263558417E-0005
   7.15390061542849908118349349631066074E-0005
   7.15161962531041868078823207845330133E-0005
   7.14924171227566490541201659648352170E-0005
   7.14676872228776206429017485460277230E-0005
   7.14420255314584935951362766043814212E-0005
   7.14154514772106032578234404647810681E-0005
   7.13879848762767305294285163443392471E-0005
   7.13596458730878757218040141669399308E-0005
   7.13304548851308180291692962517129356E-0005
   7.13004325514143067266984182339355714E-0005
