0.00033181785155835	5.0108050487568105
0.00034836580004198	5.008955169806923
0.00036573900430136	5.007397376070794
0.00038397862031979	5.0060892682943825
0.00040312785655327	5.004994068820971
0.00042323207628845	5.004079977653513
0.00044433890510529	5.003319582732636
0.00046649834369898	5.0026893240322705
0.00048976288632823	5.0021690099535645
0.00051418764517075	5.001741382206752
0.00053983048088037	5.001391728212322
0.00056675213965512	5.001107537131416
0.00059501639714101	5.000878195813522
0.00062469020951226	5.000694721524146
0.00065584387208614	5.0005495285552835
0.00068855118584791	5.00043622478861
0.0007228896322805	5.000349434744775
0.00075894055691305	5.000284647473047
0.00079678936202307	5.000238084898265
0.00083652570894885	5.000206589207123
0.0008782437304912	5.000187526117879
0.00092204225390792	5.000178702688604
0.00096802503502897	5.000178297312872
0.0010163010040473	5.000184799764777
0.001066984523567	5.000196961401466
0.0011201956595214	5.000213752224231
0.0011760604656004	5.000234324950835
0.0012347112818642	5.000257984945515
0.0012962870482477	5.000284164648445
0.0013609336337002	5.00031240240799
0.0014288041817391	5.000342324556297
0.001500059473237	5.000373630480046
0.0015748683073011	5.00040608017452
0.0016534079011465	5.000439483918196
0.0017358643099126	5.000473693480807
0.0018224328674154	5.000508595002173
0.00191331864888	5.000544103092791
0.0020087369567506	5.000580155725641
0.0021089138307273	5.000616710170499
0.0022140865832396	5.000653739704909
0.0023245043616233	5.000691230741561
0.0024404287383342	5.000729180408757
0.0025621343305959	5.000767594778597
0.0026899094509494	5.000806487278361
0.0028240567902464	5.000845877362847
0.0029648941347037	5.000885789492429
0.0031127551187176	5.000926252269241
0.003267990015221	5.000967297768739
0.003430966565457	5.00100896089649
0.0036020708501327	5.001051279024839
0.0037817082040187	5.001094291616703
0.0039703041761601	5.001138039859353
0.0041683055379727	5.0011825665282235
0.0043761813416151	5.001227915775334
0.004594424031141	5.001274133010434
0.0048235506090662	5.001321264767762
0.0050641038611119	5.001369358704132
0.0053166536420277	5.001418463491812
0.0055817982255383	5.001468628824666
0.0058601657216132	5.001519905433679
0.0061524155644162	5.001572345027315
0.0064592400744598	5.00162600037779
0.0067813660986646	5.001680925312269
0.0071195567322101	5.001737174743954
0.0074746131262535	5.001794804756427
0.0078473763858024	5.001853872615267
0.0082387295622331	5.001914436810196
0.0086495997451784	5.001976557151811
0.0090809602587376	5.002040294821452
0.0095338329672135	5.002105712412371
0.010009290695836	5.002172874037503
0.010508459772211	5.002241845372559
0.011032522694509	5.002312693738464
0.011582720932718	5.002385488199961
0.0121603578696	5.00246029961361
0.012766801888309	5.002537200728538
0.013403489613993	5.002616266275035
0.014071929317051	5.00269757305799
0.014773704486122	5.002781200031306
0.015510477579247	5.002867228403171
0.016283993962113	5.002955741748139
0.017096086042693	5.00304682608856
0.017948677612084	5.003140570003077
0.018843788401822	5.003237064740564
0.019783538868475	5.003336404333711
0.020770155216841	5.003438685711739
0.021805974673655	5.003544008813978
0.022893451024299	5.003652476725562
0.024035160425625	5.003764195793174
0.025233807508668	5.003879275771823
0.026492231785703	5.003997829951366
0.027813414376815	5.004119975300505
0.029200485071932	5.004245832619517
0.030656729745041	5.004375526689122
0.032185598138143	5.004509186433446
0.033790712033405	5.004646945081292
0.035475873832849	5.0047889403397905
0.037245075565912	5.0049353145717355
0.039102508346209	5.00508621498101
0.04105257229991	5.005241793806374
0.043099886989233	5.005402208519032
0.045249302355761	5.005567622030722
0.047505910209495	5.0057382029116875
0.049875056290864	5.0059141256153294
0.052362352934256	5.006095570711904
0.05497369236308	5.006282725132923
0.057715260647838	5.006475782425054
0.060593552360277	5.006674943013098
0.063615385958337	5.006880414480019
0.066787919938325	5.007092411849452
0.070118669792585	5.007311157885465
0.073615525812829	5.007536883406461
0.077286771781299	5.007769827610567
0.081141104594022	5.008010238412486
0.085187654862661	5.008258372799077
0.089436008543734	5.008514497198955
0.093896229646445	5.008778887864506
0.098578884072915	5.0090518312771435
0.10349506464726	5.009333624564537
0.10865641739282	5.009624575939196
0.11407516911974	5.00992500515532
0.11976415638832	5.010235243986877
0.12573685591656	5.010555636724751
0.13200741650417	5.010886540697925
0.1385906925484	5.011228326817776
0.14550227923118	5.011581380146109
0.15275854946089	5.011946100488974
0.1603766926563	5.012322903017594
0.1683747554643	5.012712218915336
0.17677168450811	5.013114496058736
0.18558737126704	5.013530199724213
0.19484269919399	5.013959813328996
0.2045595931825	5.014403839206829
0.21476107150012	5.0148627994186326
0.22547130031132	5.015337236598976
0.23671565091892	5.015827714842709
0.24852075985942	5.016334820632473
0.26091459199467	5.0168591638071565
0.27392650674895	5.017401378577137
0.28758732764851	5.017962124584332
0.30192941532778	5.018542088012473
0.31698674417526	5.019141982747133
0.33279498280023	5.019762551590244
0.34939157851072	5.020404567530241
0.36681584600244	5.021068835069138
0.38510906046852	5.021756191612484
0.40431455535008	5.022467508921423
0.42447782495872	5.023203694631109
0.44564663221356	5.023965693838509
0.46787112174728	5.024754490761422
0.4912039386484	5.025571110472497
0.51570035312028	5.026416620711331
0.54141839135106	5.027292133776241
0.56841897290347	5.02819880849948
0.59676605494875	5.029137852310404
0.62652678368465	5.030110523386491
0.65777165329477	5.031118132897592
0.6905746728235	5.032162047345168
0.72501354135986	5.033243690999259
0.76116983194243	5.034364548435916
0.79912918461812	5.035526167177733
0.83898150910861	5.036730160438864
0.88082119756051	5.037978209976974
0.92474734787873	5.039272069052899
0.97086399816687	5.040613565500081
1.0192803728238	5.042004604902419
1.0701111408725	5.043447173881162
1.1234766871254	5.044943343490026
1.1795033968189	5.046495272715399
1.2383239543808	5.048105212078094
1.3000776570275	5.049775507333296
1.3649107439177	5.051508603260427
1.4329767416286	5.05330704753479
1.5044368267535	5.055173494670656
1.5794602064589	5.057110710021976
1.6582245178787	5.059121573823666
1.7409162472648	5.061209085251095
1.8277311698537	5.063376366476434
1.9188748114575	5.065626666687723
2.0145629328287	5.067963366040129
2.1150220379018	5.070389979464039
2.2204899070595	5.072910160369418
2.3312161566264	5.075527704057446
2.4474628258443	5.078246550833492
2.5695049926398	5.081070788795092
2.697631419551	5.084004656076613
2.8321452312375	5.087052542520318
2.9733646250601	5.090218990613532
3.1216236162765	5.093508695539248
3.2772728194618	5.096926504164479
3.4406802678268	5.100477412763025
3.6122322721719	5.104166563239928
3.7923343212783	5.107999237589942
3.9814120256041	5.111980850292016
4.179912106218	5.116116938298739
4.3883034309655	5.1204131482336335
4.607078099926	5.124875220368653
4.8367525822807	5.129508968897691
5.0778689067647	5.134320257970036
5.3309959079327	5.1393149728860745
5.5967305305161	5.144498985798807
5.8756991941871	5.14987811518933
6.1685592210839	5.155458078328289
6.4760003284725	5.161244435843265
6.7987461889331	5.167242527451829
7.1375560604608	5.173457397826247
7.4932264888495	5.179893711483031
7.866593084695	5.186555655501787
8.2585323772919	5.193446828791161
8.6699637476123	5.20057011654739
9.1018514424403	5.207927548451962
9.5552066715808	5.215520139100857
10.031089789865	5.2233477090793246
10.530612565434	5.231408685050581
11.054940535482	5.239699877204886
11.605295450268	5.2482162324137205
12.182957805794	5.256950561484886
12.789269464985	5.2658932390229225
13.425636366646	5.275031874579051
14.093531320701	5.284350954057678
14.794496887422	5.29383145075994
15.530148337355	5.303450405992271
16.302176687544	5.313180479932453
17.112351808367	5.32298947441169
17.96252559382	5.332839830500039
18.854635186441	5.342688105322477
19.79070624615	5.352484434387715
20.772856250198	5.362171987924258
21.803297809013	5.371686432300945
22.884341980147	5.380955410543308
24.018401559576	5.3898980592333965
25.207994326464	5.398424582588693
26.45574621401	5.4064359082086915
27.764394375297	5.413823452627525
29.136790109076	5.420469028237669
30.57590160623	5.426244926051507
32.084816473329	5.431014210774276
33.666743985256	5.4346312653591395
35.325017014473	5.436942621151426
37.063093580194	5.437788106344657
38.884557956781	5.437002339407091
40.793121277135	5.434416584865335
42.792621564097	5.4298609762424555
44.887023121012	5.423167094965829
47.0804152121	5.4141708750466995
49.377009964284	5.4027157820099
51.781139425152	5.388656192073033
54.297251717057	5.371860875506716
56.929906235363	5.352216468361911
59.683767849923	5.329630801421945
62.563600083294	5.304035946341449
65.574257257212	5.275390838223226
68.720675620629	5.243683342494336
72.007863498175	5.208931652145901
75.440890527123	5.171184928585291
79.024876083525	5.130523133797075
82.764977033674	5.087056040716447
86.666374984795	5.040921449555433
90.73426324796	4.99228267688484
94.973833765846	4.941325418403241
99.390264296808	4.888254112858228
103.98870618394	4.833287951701946
108.77427307195	4.776656685990142
113.7520309649	4.718596378934888
118.9269900427	4.6593452404464255
124.30409867293	4.599139660658294
129.88824006464	4.53821053481434
135.68423201086	4.476780635063824
141.69683015134	4.415058944568366
147.93073515087	4.353241547293035
154.39060412055	4.291509379785393
161.08106649178	4.230023236717967
168.00674436191	4.168924783587209
175.17227702959	4.10833459485974
182.58234897699	4.048350943599622
190.24171704911	3.9890486319081346
198.15525108626	3.9304777962714104
206.32794335558	3.8726626511326816
214.76493492123	3.8156001834024402
223.47151182346	3.759258885295598
232.45307674809	3.7035777172098863
241.71508177003	3.6484656276235987
251.26290942946	3.5938021175204544
261.10169089756	3.539439504308069
271.23605538619	3.4852076769276605
281.66981556727	3.43092217761305
292.40560977689	3.3763963109595494
303.44454112299	3.321457574261626
314.78587132157	3.2659679600085774
326.42683603558	3.209846624912818
338.36264211039	3.1530922224842444
350.58668309654	3.0958012072540875
363.0909722468	3.0381781031756545
375.86675197024	2.9805344906710913
388.90520731417	2.9232754029832937
402.19819701944	2.8668745388968464
415.73892172814	2.8118423515394144