   3.56757470449089872548120674704683507      
   3.45997946451187074347157442739961085      
   3.35029689450244884290237006841161246      
   3.23779097479307299845312056384588292      
   3.12148446970092175207582646013853137      
   3.00002658678344968060392314271191548      
   2.87145713981794311984649251864228675      
   2.73275670827068481269604880552201603      
   2.57893051023538189981599337653502232      
   2.40111381537923821733923289616230306      
   2.18314392766796070258769885891348773      
   1.89162876708336342757275483048863584      
   1.39112745222619667291409826807486229      
   9.60072856272857418687907186190492510      
   22.3163140266564822477026600127100565      
   32.6455741408101350093593732298263133      
   41.9416114819461322891283580104470322      
   50.7520543244355455660460491308392364      
   59.4376919430336946061022186773813050      
   68.3367600994337014890744156238411608      
   77.8479993366151961569712819944346625      
   88.4065183238957157274395154073917039      
   100.306699221830682760475173824255186      
   113.520110713178856823787104671055703      
   127.659380327064787224684975690706830      
   142.026783487188585304518009971930443      
   155.656961347290516856977623575662610      
   167.317475527141968661301216581995001      
   175.192344996595171006156423392473171      
   177.369785889517650706764485391585052      
   179.387760065520224697282978698762027      
   181.495204858875796620266573025910182      
   183.675734370738943677876565996185884      
   185.914538068018242853720104089426032      
   188.198421304311985003787187297083591      
   190.515782991393898376175572383523153      
   192.856544093438545327338613644045881      
   195.212041371237605093392000545304507      
   197.574899792222687742171422531510442      
   199.938894968973217740323370162958814      
   202.298814499307706544677083108274976      
   204.650324590243351068286591979820117      
   206.989846128325365596616332341358925      
   209.314442542171740515077954709733587      
   211.621720421705672820657024338901708      
   213.909742881277450835638048255289546      
   216.176955016493060702136328540537813      
   218.422120432321259063655329217099048      
   220.644267642452419057207329014585570      
   222.842645095890982633022933554040304      
   225.016683628203469058573074774629756      
   227.165965226162417046832341252837091      
   229.290197112444707141333062527926726      
   231.389190276733985989117657986662441      
   233.462841708055614008423113925170820      
   235.511119689724173493814020083237371      
   237.534051623698110015316708111888167      
   239.531713938252669346634132839802818      
   241.504223709895800446095705272627669      
   243.451731694632502508405260246546366      
   245.374416518395806041201063166669349      
   247.272479821321601024750757608143185      
   249.146142187578121203629557230951579      
   250.995639724464683286811815866675086      
   252.821221177465910009806308338768511      
   254.623145490362947575309005962531304      
   256.401679735624084115455140341860262      
   258.157097353479559334303098605968178      
   259.889676649723250564291675466353577      
   261.599699511047097769140405371085109      
