   1.26679646547628587932969504320721626      
   1.24256645885339520777014773830898405      
   1.21847426185239482079708747981414589      
   1.19457295531447331114185619570825552      
   1.17092220649281762114382363013796835      
   1.14759243776500264892926323768969683      
   1.12467178763402131454615568411531951      
   1.10227881907254214739236001868218082      
   1.08059015293741445049598931189306494      
   1.05992408989342592166730509464933118      
   1.04108645367420423395725542272878597      
   1.02651540246092693146812826954229957      
   1.02641117957589360051292569983330584      
  0.895692904349086410236263018516792425      
  0.854438148269668384355590610146275359      
  0.825608123355917758084786688797492024      
  0.796612207045297816844571125751353851      
  0.764722392075114007260379886468806217      
  0.729250390106733211199509404521655023      
  0.690213626116487810926465510712374681      
  0.648016532096692438510946534927342603      
  0.603508430928698550741367944147340989      
  0.558132473348143933239995762471559324      
  0.513878245875818523894705197807169144      
  0.472971270107554864458218788298619167      
  0.437508108461616841959211683724637463      
  0.409270015859208540967937339120798280      
  0.389869443246819537879109011707114949      
  0.381880190937056875629764591503252067      
  0.388185469874206553435201627443975561      
  0.395007181282076207982327981412103743      
  0.401710496158962431063968219968068767      
  0.408297884436647958439998265440395914      
  0.414771758929417706792650405506304138      
  0.421134475336762808494149009254759093      
  0.427388332623818597134665120953430575      
  0.433535573714030479017457966177398870      
  0.439578386437014168991637720414827714      
  0.445518904680033123913379755152020356      
  0.451359209699413261185960997088633473      
  0.457101331552569818673578950036777506      
  0.462747250617536352166569638357879848      
  0.468298899170968741915174335079105199      
  0.473758162999578460324236465081213866      
  0.479126883024382835901602304758623477      
  0.484406856920117581565706225705443367      
  0.489599840714772925248797680008994969      
  0.494707550357430840947896806324799020      
  0.499731663244702936251613592593461162      
  0.504673819697702699526051635548448012      
  0.509535624383909763752621279520670159      
  0.514318647681393236017784859463565846      
  0.519024426973414633798206731202374508      
  0.523654467889824672263786337039562164      
  0.528210245472906556271094009396104622      
  0.532693205282443459837247687152102686      
  0.537104764434488407317298174693768078      
  0.541446312576866493908077318447284199      
  0.545719212801964018918836772327766351      
  0.549924802499906800272200614045916491      
  0.554064394153540379012772058828333857      
  0.558139276078070510093751667472382623      
  0.562150713109859748770059594003815857      
  0.566099947242358460691961990575371020      
  0.569988198218258234193789641689950162      
  0.573816664077101144855815274767643174      
  0.577586521661341544310087967240783597      
  0.581298927085207198487254339693131316      
  0.584955016168405596332044204211164678      
  0.588555904837442637969715670794127343      
