   9.87870263614708059056990806924126534E-0003
   1.10969022958908797725589994459501064E-0002
   1.24678879406486567381933680161390320E-0002
   1.40100417134856382492369764659770614E-0002
   1.57441639315505528416198743853639232E-0002
   1.76937457917427834261625763171851724E-0002
   1.98852762269085573895369534457914250E-0002
   2.23485901919688265552511639178061501E-0002
   2.51172646437310668966903690537548249E-0002
   2.82290680602192117100321989008189665E-0002
   3.17264694883938026508306054672558933E-0002
   3.56572136745172619949125949743290044E-0002
   4.00749696847119285594283324265348829E-0002
   4.50400614724530084188904621491826842E-0002
   5.06202900466422490653758686781812034E-0002
   5.68918582229474699461812646985814035E-0002
   6.39404104072881607616171539142107048E-0002
   7.18622014805333634950260996578547207E-0002
   8.07654106509304136432782549663967974E-0002
   9.07716181427483560313546104887252768E-0002
  0.102017464826058230237263438716952567      
  0.114656517396258812884742077384979936      
  0.128861364518536961122697683094014975      
  0.144825972501232489632139971349370186      
  0.162768332596420780375161231988595647      
  0.182933435994140916810320163912891472      
  0.205596617032406869056274409617613551      
  0.231067310148365523789897472891640587      
  0.259693271713962502071113844404262970      
  0.291865324207274072348256589334518009      
  0.328022687252312171644158001490124629      
  0.368658968009612538802909235279499950      
  0.414328892322337969144455359358919775      
  0.465655868035403572568109119330336939      
  0.523340483139409414197440047430846620      
  0.588170053993231200077509828497399288      
  0.661029353012059569510492281248494283      
  0.742912661053048230007285898067372864      
  0.834937307490468268293202613739875340      
  0.938358880870468711942399289495783545      
   1.05458831532080804373176447835179445      
   1.18521108283812791444801746701345844      
   1.33200874948818514434475948468109333      
   1.49698318476747949247048128491756779      
   1.68238374825567634839972813512737534      
   1.89073781664061624020135843642494032      
   2.12488505766303607249201790298005210      
   2.38801590598918437190742833435499772      
   2.68371475000385398206829490428903808      
   3.01600839860163150363305981933968953      
   3.38942046387608863509229407352337842      
   3.80903236987134850927990579030709315      
   4.28055178006429939111447408605646157      
   4.81038932790580185710637063180893504      
   5.40574463664974863407393198534395309      
   6.07470272815889773176220132272949477      
   6.82634204704782649759012970515634324      
   7.67085546852470694257115528957987250      
   8.61968581840274307824103878983247159      
   9.68567761568120586328158998193856109      
   10.8832469569184378870804813316352111      
   12.2285717044926098399357202796720929      
   13.7398044282789634475978877709095972      
   15.4373108984137686524339468783888406      
   17.3439373614107303063227396046841499      
   19.4853103946606143075363973773399260      
   21.8901738919542091694836344450310640      
   24.5907687865752776282809452133315173      
   27.6232626087022698497460401439817834      
   31.0282380592143425411797758149319150      
   34.8512525613594164215651176707777383      
   39.1434840617498764565811772774427145      
   43.9624813434225381666051140940745609      
   49.3730374824205884455800701499411781      
   55.4481978648201170717027517665966060      
   62.2703902450819056216175542038956373      
   69.9326092204165324012319466132037114      
   78.5394826252237071400598685543301406      
   88.2078769152444991952562138718921095      
   99.0664658371164794551348315792473082      
   111.253437094913160845412448072385605      
   124.911347545642831506594021190231627      
   140.178198257331759680204303082759762      
   157.174211783606285106200213419966387      
   175.984640369780850543720835721954702      
   196.640306706085800951478476081890430      
   219.099582798786409075437059218253571      
   243.238010662689075180038874982416606      
   268.853864221791687313139837626351294      
   295.697671199779142754757468749985026      
   323.528715074126680887623084590399646      
   352.190899743682211528633928488347349      
   381.686321698905455238708195666748343      
   412.209591472228637295277849866177715      
   444.100960025888296435363489583890117      
   477.732525883350370550761391694491061      
   513.472468441132920436849911549696137      
   551.860194631000964877344280856692804      
   593.855854088413724751903703925927040      
   640.890684574542936674317786499242839      
