   72.4479686713211523636435429302469931      
   72.4427898225568931458862647503594020      
   72.4341425365726917310895604936295810      
   72.4220180478594744451697686264138888      
   72.4064090238190347444254200370925722      
   72.3873103892427193772388169377491400      
   72.3647200050216987101184244466389601      
   72.3386391288123574593722108046763453      
   72.3090724532558637926643396096824728      
   72.2760273554331618746319384796969665      
   72.2395119902394738923346605819419622      
   72.1995320840978816498969282969319151      
   72.1560866024860942118251899789883760      
   72.1091627799285325286536133655963794      
   72.0587312960842642048244099008987144      
   72.0047425656126629310344650877917185      
   71.9471250299528910138814466535797142      
   71.8857859470490164877562494985347096      
   71.8206146012119757262648074647123070      
   71.7514873216581506182849528651949481      
   71.6782733805079272586698871784429844      
   71.6008407963483149711626538832645614      
   71.5190612482374005894087378477171493      
   71.4328136050753723950851652618356284      
   71.3419858944838617010090812651791259      
   71.2464758017880263494298999288109061      
   71.1461899688828035096729123891066403      
   71.0410424508393458985931078504085073      
   70.9309527001043519294459427828112496      
   70.8158434070506725170329100864917590      
   70.6956384546791434549829073029009154      
   70.5702611637115525013077975212160886      
   70.4396329258747494671775164369665190      
   70.3036722562055641001922960373614624      
   70.1622942436113263355626439283948958      
   70.0154103434148048979873475486679945      
   69.8629284348566542870366479201253968      
   69.7047530580838295182006180676337439      
   69.5407857461583958529304850263345178      
   69.3709253752551461637993094239323884      
   69.1950684679650547512129408958033276      
   69.0131093983996100964711094792775310      
   68.8249404619936643228259622540510536      
   68.6304517863652779383747035124308940      
   68.4295310715502505104353390866332797      
   68.2220631579452203574839830560727172      
   68.0079294281816856038309810002263384      
   67.7870070549234089031958759581859611      
   67.5591681103681901245302537389967724      
   67.3242785552592070885552625882168291      
   67.0821971257389141800878787845354944      
   66.8327741356849199967653258795523437      
   66.5758502105217160537957854252294251      
   66.3112549661573267926250920983822653      
   66.0388056438568951493079267860874973      
   65.7583057087264077449182379705962712      
   65.4695434161678243296294976821188491      
   65.1722903472964453539714228463197903      
   64.8662999109412486130848201961750268      
   64.5513058065188411107902597584461775      
   64.2270204387855897177898398478266166      
   63.8931332722118228718296429766432039      
   63.5493091094376021606973798970673047      
   63.1951862749036691274751139719289005      
   62.8303746812059649348623108984544951      
   62.4544537519008964691649230916298721      
   62.0669701702462263121608682068690309      
   61.6674354185533665313658342158889175      
   61.2553230672458219435825949231118370      
   60.8300657661435457264259506493792274      
   60.3910518826307011398274114244735655      
   59.9376217218637618829608990057172022      
   59.4690632525917066329541709177638092      
   58.9846072479278433987399748960070301      
   58.4834217328057163385546002270688791      
   57.9646056079361059050081556223129782      
   57.4271812926250333735809076452552154      
   56.8700861941952370728663218029862007      
   56.2921627678047723018884531839073743      
   55.6921468742617538333853955919901477      
   55.0686540710154278574401578971681472      
   54.4201633773943272702563904201565717      
   53.7449979317547251223736993321351958      
   53.0413017947783950154639471010059351      
   52.3070119344328955887387554733304195      
   51.5398241319591760627532337050824695      
   50.7371511421914101321448148238709409      
   49.8960708770032958368496242511225632      
   49.0132615838881165970132123853367595      
   48.0849198480083436873147511262839501      
   47.1066555735832135002699911586364681      
   46.0733556032003799243772856483536761      
   44.9790038162488302715533969184290424      
   43.8164395552407105748755493793991400      
   42.5770265326113889103882001840276461      
   41.2501881263531010446934344934804024      
   39.8227366423602222588092209195978450      
   38.2778723445141296854453740557541074      
   36.5936280721196451779110190031895471      
   34.7403291015066171641414047617315885      
   32.6761773781263658317461041526436819      
   30.3389312589132405507478372077920504      
   27.6284378145697508556104832235953599      
   24.3638016537553141470387977054129385      
   20.1484175920206237002600437269117280      
   13.6495391354552156005811537754260767      
   1.18903248705634109201768707516252425E-0004
   1.15284788621488486156365290594721966E-0004
   1.12233956595359299232166879623415096E-0004
