   81.7400432333552244830652925470550763      
   81.7369788120130527234245088055381356      
   81.7318598081827498592373048865520859      
   81.7246767896590476129909302134350837      
   81.7154201756322450725121720003538990      
   81.7040808653098561503909575494515790      
   81.6906508226716196802234186301221687      
   81.6751235999364501903738151996309361      
   81.6574947613793248681673875081046671      
   81.6377621113290650424175872536211610      
   81.6159254996769559968507276567675506      
   81.5919858322219291741709077777529725      
   81.5659428590847330925098423193012605      
   81.5377914053973621969239398079687383      
   81.5075159293352676395186901648696433      
   81.4750835656937558902942130818277436      
   81.4404360754538638896889098034795018      
   81.4034813215834500660837237526937658      
   81.3640849923809648890385053339070038      
   81.3220632947617413369470126391389171      
   81.2771772435729292879594309035578307      
   81.2291290129456555676322540754453516      
   81.1775606174699212744022988153012392      
   81.1220549872276131534684460923879327      
   81.0621393143911303999307956968955208      
   80.9972904032980711454687723822362033      
   80.9269416494340864350069550310759975      
   80.8504912185655787404854021806530475      
   80.7673109805870700756669843541214872      
   80.6767557743872794443320598453194579      
   80.5781726223243310838260690870921640      
   80.4709095739278618013673638976244781      
   80.3543239236974807807039556080937367      
   80.2277896155278853424929882589741088      
   80.0907037092336613845795140814437429      
   79.9424918382692747675251947827627266      
   79.7826126369876037609853005594824289      
   79.6105611525851205046296984857434039      
   79.4258712851872343821437519462682130      
   79.2281173224084624675700023226319265      
   79.0169146469520090002485977595309410      
   78.7919197053407622305533166432639245      
   78.5528293305349659273549300951982487      
   78.2993795069855880899241630669997753      
   78.0313436693062036231421670345805608      
   77.7485306160363753588167205826703482      
   77.4507821157620951154360709341708552      
   77.1379702744560725884479175523520979      
   76.8099947258993964034441975940450940      
   76.4667796972661158326809046081853552      
   76.1082709958595614692637091099027547      
   75.7344329534879966747408299498334890      
   75.3452453585013263246726240623376055      
   74.9407003983100326728519434446032724      
   74.5207996289517686908469773250236596      
   74.0855509813550708872983265741873225      
   73.6349658108718941538069540763357545      
   73.1690559887248951057429557538849392      
   72.6878310319398898293203099752232463      
   72.1912952635954361978265955013793207      
   71.6794449891705964162834369381312812      
   71.1522656760980782329210578009935549      
   70.6097291129443715145047411860038622      
   70.0517905279562572631086020747319700      
   69.4783856370076029412127203496815248      
   68.8894275911979586852804005037246889      
   68.2848037853397589976453648979265626      
   67.6643724870293912348331286580160045      
   67.0279592359143726567444721774577694      
   66.3753529570689646778488141646677931      
   65.7063017218328407681682438265742573      
   65.0205080781636493570199928282553958      
   64.3176238575613460309488130601855575      
   63.5972443475287861076009012420791679      
   62.8589016960824963614840343412516574      
   62.1020573865427739802703119883197441      
   61.3260935826152618595511727935751963      
   60.5303030994958097844747979625703323      
   59.7138776951603273131689611673495867      
   58.8758942971273184535210850961323412      
   58.0152986796873398045269203567666284      
   57.1308859682219989793643012317239026      
   56.2212771671632888658430738113094735      
   55.2848906625592183039676218512247821      
   54.3199073129868184380105228131434999      
   53.3242272788914645626111181654315775      
   52.2954160836231645912261194791466353      
   51.2306364669344426666570056012471838      
   50.1265612338186543359593366215642639      
   48.9792602960646912450189165518011880      
   47.7840520737267570722482693817745088      
   46.5353047438569275613581440778299282      
   45.2261653978127442221033711077349833      
   43.8481830394791363270984856575018537      
   42.3907708390138885407056283282335901      
   40.8404169190446055014670480925176583      
   39.1794861442282288622446320455263532      
   37.3843243237422844303574198978853047      
   35.4220995953495554209756330904265508      
   33.2451754743550614680620893112255654      
   30.7801442997580330667088873694357737      
   27.9036025917450998353206070000330703      
   24.3778019406042547980367279844865873      
   19.6176646723605117474733020469257072      
   10.8088950168644146288961970762777406      
   4.06057954735743177219215334258648112E-0005
   3.85867101558116871277574510790609474E-0005
   3.59987149769261056255116598162762668E-0005
   3.33821570968065309240314414003889379E-0005
   3.07250157815598388487285545059599363E-0005
   2.80357246767922848685437916920199259E-0005
