   277.063994752807950380999828051341283      
   277.054327991376201872858287044696376      
   277.038180672286391907104845582934950      
   277.015523493964962998576058860633533      
   276.986326294971573532651630174693060      
   276.950559702282042238685526986528154      
   276.908196653134602351312241113343636      
   276.859213771938783746733575381691838      
   276.803592568118427020267712601366619      
   276.741320418127412840880001798351710      
   276.672391289816483369029312048156578      
   276.596806103769988303925543312850946      
   276.514572490788483483253609449296297      
   276.425703476796516803324603514812414      
   276.330214395861940787434676714494576      
   276.228117216390620222100101177294633      
   276.119411587374698408155966473681795      
   276.004072283935684814931422334088332      
   275.882033271906974744968053901214548      
   275.753169174241181086158400383639762      
   275.617275371041074323492650907835107      
   275.474048218191069296632876287064592      
   275.323066901404285083335634195597931      
   275.163778274224622737292911598496779      
   274.995485714382025845166332118348137      
   274.817342644377052082458392760955989      
   274.628350945681395463571508310003387      
   274.427364125545691311424231147602886      
   274.213094782506787720785642086902221      
   273.984125697777668361346235755585213      
   273.738923746173542829161683284135820      
   273.475855769154955232666510874086502      
   273.193205571889993659869887039409231      
   272.889191271808604915565782421872750      
   272.561982330250260089330217572910207      
   272.209715715367595962911421417630351      
   271.830510772084189505058471512529068      
   271.422482492665157634284905346474013      
   270.983752993150011106730328546389327      
   270.512461096353793576558108440547324      
   270.006769997265247261270399057785240      
   269.464873057251568702155991736688363      
   268.884997810124377038584538301031986      
   268.265408303538853260379059806425523      
   267.604405915379849336956825749161104      
   266.900328795064679862675967919373407      
   266.151550081429798342498988905053363      
   265.356475042189448753871738736971607      
   264.513537270256061127881923252069289      
   263.621194056005813757236378337190144      
   262.677921039275395134075561558448619      
   261.682206223587958014195145548743526      
   260.632543417653208439785517597826261      
   259.527425145133570143310394666917910      
   258.365335046289630902376672900746602      
   257.144739770783862145587003054487222      
   255.864080341261737922761845261048805      
   254.521762945396410788134185334510774      
   253.116149090322016086297221146116244      
   251.645545030987883823549062268864185      
   250.108190357217730162965514093734299      
   248.502245596392247885077528581596151      
   246.825778656201647907001191551175104      
   245.076749895495036100150850259699080      
   243.252995567298170356482765766142203      
   241.352209324121451005856440567263052      
   239.371921416474448181359702238935004      
   237.309475131438040660281319240333538      
   235.161999926775727026052029876711406      
   232.926380589908253427785185384472741      
   230.599221598699122197840267235190864      
   228.176805664929386335998046179306911      
   225.655045182229515396250610611842541      
   223.029424977898516510217405345050943      
   220.294934324773645839394897131691964      
   217.445985599197522396968160151196721      
