   18.7786855331590000848092430367807878      
   13.2955293881793539121888316345246866      
   10.8593957174084198542789643569662538      
   9.40546479495418595727676723566249353      
   8.41248914885994748393467742554743361      
   7.67903097483588408776875570143483054      
   7.10863432035569904589128056019122414      
   6.64855869578251542937565748324533685      
   6.26721510979043364490325270238458332      
   5.94437717520016254633068535284609679      
   5.66641456821616211828774342405620705      
   5.42376259076215224256463058142975893      
   5.20948524918974095667447719174640148      
   5.01841393533178798910305395869794201      
   4.84660764269340782769264751787789733      
   4.69100182627250082565422543185021739      
   4.54917259975520796297896921611784764      
   4.41917397939487331463516362022890281      
   4.29942282573512423087313820164749202      
   4.18861577892740137641503267945487283      
   4.08566817323797755642922822185464600      
   3.98966837883461664174873764537763904      
   3.89984318401457003699953856932564617      
   3.81553121775302380932885698317267615      
   3.73616232005972236695105866752722048      
   3.66124137367651133560522751811811357      
   3.59033552280689054434816202258412360      
   3.52306399021471283289925078189725299      
   3.45908990528504215474805905357330173      
   3.39811370007138041834553876725144443      
   3.33986773561643168279166924526805513      
   3.28411189877752711571716607112442317      
   3.23062996833542402685965103502617437      
   3.17922659360157340022751055848655586      
   3.12972476289345435283053068807058399      
   3.08196366560040720669971163298986401      
   3.03579687211937129441212094992839680      
   2.99109077193170322591046286403359511      
   2.94772322265605746532638655493182517      
   2.90558237274229504232794532258158826      
   2.86456562813523954362251761617970789      
   2.82457873936496758342484505375685676      
   2.78553499014075466474654096199275893      
   2.74735447231347306338154729272928179      
   2.70996343492249218583083355381470091      
   2.67329369731101129495351571714415965      
   2.63728211806528996490549680762681342      
   2.60187011290083668267548939158588199      
   2.56700321570642680809250758961483463      
   2.53263067778298858571902231426131172      
   2.49870510099376829836784844454386818      
   2.46518210103843001812116377031541058      
   2.43201999749752493332023554808888090      
   2.39917952758354809464595929383591992      
   2.36662358082282810972318096954609175      
   2.33431695206105959736761764353551780      
   2.30222611035454695812474628636933374      
   2.27031898142101702200541976639636822      
   2.23856474139031717645689224336273535      
   2.20693361965093692016497298769759373      
   2.17539670858633898508279925908211455      
   2.14392577796998428789960779977973140      
   2.11249309171308024007406637419722466      
   2.08107122454512049498889926430964486      
   2.04963287602786404820208478409107543      
   2.01815067904357542158970540632463025      
   1.98659699960383720956355938846990910      
   1.95494372433721962476324280135152907      
   1.92316203149017802231978807693340587      
   1.89122214049467020040419197272402797      
   1.85909303420482118160167249291682491      
   1.82674214665437669369664824244277116      
   1.79413500750199625983933088489713902      
   1.76123483223864705298016323723787888      
   1.72800204430240008062819995691957009      
   1.69439371148648011778221254857841461      
