 0.98779890827173E-02
 0.99090252580234E-02
 0.99416579876172E-02
 0.99759131749150E-02
 0.10011817204525E-01
 0.10049397268559E-01
 0.10088681700923E-01
 0.10129700321577E-01
 0.10172484793357E-01
 0.10217068994534E-01
 0.10263489410926E-01
 0.10311785552058E-01
 0.10362000396665E-01
 0.10414180873692E-01
 0.10468378385996E-01
 0.10524649385178E-01
 0.10583056007428E-01
 0.10643666782067E-01
 0.10706557426608E-01
 0.10771811744848E-01
 0.10839522647778E-01
 0.10909793321221E-01
 0.10982738569236E-01
 0.11058486368810E-01
 0.11137179679605E-01
 0.11218978563025E-01
 0.11304062678432E-01
 0.11392634241935E-01
 0.11484921556165E-01
 0.11581183249908E-01
 0.11681713406991E-01
 0.11786847818544E-01
 0.11896971667255E-01
 0.12012529055126E-01
 0.12134034930000E-01
 0.12262090170083E-01
 0.12397400879372E-01
 0.12540803377270E-01
 0.12693297007943E-01
 0.12856087873733E-01
 0.13030648122626E-01
 0.13218797859716E-01
 0.13422820768270E-01
 0.13645631354083E-01
 0.13891023780273E-01
 0.14164054483953E-01
 0.14471653905756E-01
 0.14823651735699E-01
 0.15234598467675E-01
 0.15727252016122E-01
 0.16339944138530E-01
 0.17144438885649E-01
 0.18299127500335E-01
 0.20274885217038E-01
 0.26299460452280E-01
 0.55675770277164E+01
 0.11524122041760E+02
 0.16926687055568E+02
 0.22079140403664E+02
 0.27096562856969E+02
 0.32042942977815E+02
 0.36963271867698E+02
 0.41894267075144E+02
 0.46866997648292E+02
 0.51904948170150E+02
 0.57019693094359E+02
 0.62206369615315E+02
 0.67440294037824E+02
 0.72673857512915E+02
 0.77828058032329E+02
