   81.7400432333552244830652925470550763      
   81.7369788120130527234245088055381356      
   81.7318598081827498592373048658405675      
   81.7246767896590476134437395766103170      
   81.7154201756322486620145975459771323      
   81.7040808652748587688255823119850394      
   81.6906508228030284053632856967187768      
   81.6751236027193013810020543086988728      
   81.6574947972270850113083992133445926      
   81.6377623873963428008741212644444338      
   81.6159269790241777219590028607962187      
   81.5919918731317702878913899702895989      
   81.5659628716119577671263372479348138      
   81.5378476494280384378772509933785125      
   81.5076544609192787808392944266631714      
   81.4753899260648788921466921215042373      
   81.4410556726587062521867778544859016      
   81.4046437304707476242752940438825456      
   81.3661307515614452738290591251869652      
   81.3254713438462174773714648879507154      
   81.2825909864282409962614601973094726      
   81.2373791093345548396699614986994176      
   81.1896829386201075997350705784459766      
   81.1393026364786123521870677623790686      
   81.0859881282261736615186589992077715      
   81.0294378379234833380126143065405293      
   80.9692993779335189298956657112321286      
   80.9051720877020073097041435477905108      
   80.8366111953321222318656067963151740      
   80.7631333003671336625932472300674978      
   80.6842228358149178952191700436045971      
   80.5993391595981142635100575765755703      
   80.5079239463680995719023462871200588      
   80.4094085832943003374197080544221934      
   80.3032213219699539504568745972027462      
   80.1887939849967976756399434944787413      
   80.0655680786579227702649125732033747      
   79.9330002076287783413609388304528401      
   79.7905667292145754685618192949455803      
   79.6377676213893741162515329850640657      
   79.4741295668210665317570661734978134      
   79.2992082782572998173629161613194335      
   79.1125901094061353429538236070315046      
   78.9138930049257841561704379897579414      
   78.7027668530024454650576916827547139      
   78.4788933089224992142472766968917581      
   78.2419851543945834604999441661763189      
   77.9917852623232672154677786590510091      
   77.7280652286276728548246864719441976      
   77.4506237306222629036943618281925282      
   77.1592846653406855699517725302320155      
   76.8538951157753926647732419100059061      
   76.5343231861395248642488411107519289      
   76.2004557419484240851987937549750152      
   75.8521960846290939870440706672641012      
   75.4894615840783005038139128267912205      
   75.1121812875680546236730598351979674      
   74.7202935188579585929557321344033707      
   74.3137434760964531620058477010196399      
   73.8924808337153779300492416545169242      
   73.4564573480191305590708706165242750      
   73.0056244654295961692780679989543299      
   72.5399309260428577112016967515941193      
   72.0593203541697593310821663961248598      
   71.5637288234417004231080811309015496      
   71.0530823811261018184713622058605833      
   70.5272945145075130470674688654946818      
   69.9862635360952855518404172143433918      
   69.4298698641933165714370263939537786      
   68.8579731688036323650659656371376043      
   68.2704093493722721309923378283699075      
   67.6669873049283141155616415751128361      
   67.0474854511008000674530882392582866      
   66.4116479307000025236932930591453464      
   65.7591804537385285507670202667770296      
   65.0897456934391354654239313180264081      
   64.4029581483890920435324861707751848      
   63.6983783633448806604665471051162132      
   62.9755063805106371874833675884240878      
   62.2337742617351209803452728527369287      
   61.4725374898605114144526503397950419      
   60.6910650082218887809982477170561484      
   59.8885276018478126808123037800728971      
   59.0639842436302148230179399131740295      
   58.2163659326608608562046648699091166      
   57.3444564163482024580452052313015919      
   56.4468690131073860394380384648166178      
   55.5220185132007091076306107186957421      
   54.5680868101748060956231107997796728      
   53.5829804632468701388268784633269391      
   52.5642777600922205373533833440608938      
   51.5091619462442130515055971700837111      
   50.4143359822189842400422373985064437      
   49.2759122605370393079379598854414601      
   48.0892678100769842903528570374137929      
   46.8488510378070506524445698744542816      
   45.5479189716732299362017775149413034      
   44.1781724294438774930812678328902025      
   42.7292370831205751722981542199160254      
   41.1879042633939918250470238488092852      
   39.5369825629591180644521368988373209      
   37.7534889275585862101872556130657350      
   35.8056517658829654745166473439103334      
   33.6476123633641990873712740155644711      
   31.2092081631995060000462624563614596      
   28.3737566567384612692355168534601259      
   24.9204585030322947256824274023920740      
   20.3248630949813567231473363461077934      
   12.3841434391435057630603536542803239      
   4.18425574839811794933929228571040643E-0005
