   72.4479686713211523636435429302469931      
   72.4427898225568931458862647503594020      
   72.4341425365726917311253079085307282      
   72.4220180478594774550566799994466317      
   72.4064090238219370193686772698234304      
   72.3873103895388412649053174981413362      
   72.3647200133402065868787106549359500      
   72.3386392327682784210799411704680304      
   72.3090732086115470294198034475776149      
   72.2760311062813418719713303006242375      
   72.2395261072047609594080443268240266      
   72.1995752427907921142776178587447274      
   72.1561990231973098982836812899866320      
   72.1094208113984590576328573841203901      
   72.0592658786689643079637356188411222      
   72.0057600786118951560719092396282920      
   71.9489281014402844485914211797416843      
   71.8887913228125215039669070668263349      
   71.8253653365989681456243806417153656      
   71.7586573413980989618672814996812886      
   71.6886636133830733618849721377277668      
   71.6153673236962337942869753663810095      
   71.5387369387762372841586173963862394      
   71.4587253814475355447280840822175982      
   71.3752700438887024600366790044002891      
   71.2882936492337090525431487121868007      
   71.1977058734181959392543097461834998      
   71.1034055746421815723349353893150522      
   71.0052834398330001744587413530290936      
   70.9032248455024107403984373400119325      
   70.7971127402462536943730688251615272      
   70.6868303816941536586972455323527060      
   70.5722637954725122152888594968123747      
   70.4533038619163342881773368250131530      
   70.3298479733767090475978611873272460      
   70.2018012380162948485916503819277864      
   70.0690772332835040344383665934499601      
   69.9315983332304019151863290072081927      
   69.7892956486554015966023686931073018      
   69.6421086283761143798340706333818292      
   69.4899843746630944219354787432528144      
   69.3328767269643892009449315560976776      
   69.1707451664391843892157584664933481      
   69.0035535903125674034221292587617251      
   68.8312690003321310378252519717826519      
   68.6538601441888134325537074620510356      
   68.4712961430568800570230002302089169      
   68.2835451327182315691727547553387617      
   68.0905729402563298226229031436584980      
   67.8923418131883707884580313104979565      
   67.6888092132199894723017719036495145      
   67.4799266826103412018415453293145291      
   67.2656387874394130455688926135025771      
   67.0458821388666941003045965945268268      
   66.8205844907457504666701766893438846      
   66.5896639096787846421835166865579972      
   66.3530280117240157580591665233321278      
   66.1105732584579886770200019822606457      
   65.8621843039100322755651758380493496      
   65.6077333829643390100944638402893275      
   65.3470797311334570984860327692750398      
   65.0800690250882204217467334173040763      
   64.8065328329413984191763843142959712      
   64.5262880629808279240816381900433878      
   64.2391363992885737050738841610393069      
   63.9448637124270014234494153094749054      
   63.6432394330778797501663528704031695      
   63.3340158761506687437160308375365011      
   63.0169275023918364105649086160699593      
   62.6916901038859464598056832374037562      
   62.3579998990062441855684380197878707      
   62.0155325212938138304585140006849357      
   61.6639418853787305531344046959376944      
   61.3028589113372164447292901429536633      
   60.9318900867454320894204792063282620      
   60.5506158430548533785404055027040714      
   60.1585887196807159887801073670208688      
   59.7553312852392063583129748847261724      
   59.3403337805376871228945849707442116      
   58.9130514420264205676514774711240086      
   58.4729014572147124432936154101892947      
   58.0192594947330881070698372594422636      
   57.5514557408941170254562003459595413      
   57.0687703612573736971559441302836016      
   56.5704282891840556180250470619236026      
   56.0555932228163593319967964903915344      
   55.5233606862050419633735034936139472      
   54.9727499779411735953150113782996986      
   54.4026947896275566030793633809428007      
   53.8120322241513558497232599469654845      
   53.1994898763261602885806093788580002      
   52.5636705510116726448034341440037941      
   51.9030340792716296958996103891853452      
   51.2158755416305288140492848613753302      
   50.5002990049706731724535298083134928      
   49.7541856057590780758430004303951549      
   48.9751544373360887243153894179525209      
   48.1605141785444473671233954077099089      
   47.3072026677143636861748749657423089      
   46.4117105757704966237473534951392962      
   45.4699838002764829200098144755553428      
   44.4772969217185242145500940637439235      
   43.4280865900452887967551767664224981      
   42.3157282811028811322085986286387680      
   41.1322311250857977454973900725006922      
   39.8678109613412266152253373228733126      
   38.5102765846891952792889700861671868      
   37.0441184933032845171978287274539660      
   35.4491021166970171044059982061486918      
   33.6979893530992043343643128080999860      
   31.7526192874080404119271621976539437      
   29.5566231356109753435936343233948172      
   27.0204062795118373741531848704851002      
   23.9852965796756089882218743739909126      
   20.1156763018524753822588944503393439      
   14.3860162724974093965890051100132263      
   1.10439590267874783105279246361483948E-0004
   1.06171148032712698433523864758875304E-0004
   1.02227364655864234851398244907387180E-0004
   9.82138471725158520579662580080115822E-0005
