   1.24118346754113192095604484109862693E-0002
   1.24486911554599026000335893565797141E-0002
   1.24875313282284798691408629186691246E-0002
   1.25285094082496481876072872522552315E-0002
   1.25717963515154602885458455934659384E-0002
   1.26175825138095446981602635268061858E-0002
   1.26660807810737082781879436644968726E-0002
   1.27175302728988775943929670878070734E-0002
   1.27722007491446119861662488105108382E-0002
   1.28303978876424361220591931488697595E-0002
   1.28924696512784405930685810236534922E-0002
   1.29588140302791579650699419610077916E-0002
   1.30298885371488906915904172097127930E-0002
   1.31062219575536795090554062751171967E-0002
   1.31884290355027660947864166229370545E-0002
   1.32772290180387098718226289903410035E-0002
   1.33734693379421718991419975826976820E-0002
   1.34781562268089305978187016433800251E-0002
   1.35924948117714232812707542728374277E-0002
   1.37179423988666639543322435888901130E-0002
   1.38562804239380200951803180948746381E-0002
   1.40097133756007467150666755011117119E-0002
   1.41810076216501684363636105593579350E-0002
   1.43736909347062874717516455105176233E-0002
   1.45923474617037083256586537142243375E-0002
   1.48430688587259533459586080112124199E-0002
   1.51341734156307172124478161156634932E-0002
   1.54774118879479049180943022622196189E-0002
   1.58901187529967241437431760135902341E-0002
   1.63993558758070410913809426172070370E-0002
   1.70507167206035693520254406449028384E-0002
   1.79297224259303329393184471024810545E-0002
   1.92254772704978675765931332778110871E-0002
   2.15003175867490284117517807405620615E-0002
   2.86057224308453238763989256684832856E-0002
   7.63358818523998438251995223648685677      
   15.2112429187865196473877230796870344      
   21.5728332911360171740932831247078390      
   27.2603421688635163323603181865007168      
   32.4876213784525630904948311092128000      
   37.3692317081990488219768635770445101      
   41.9762306141752932920174760038197456      
   46.3566934756425854355801401018794125      
   50.5450116944665550370896668692156795      
   54.5667009377732140735961836573100366      
   58.4411165508501246461254554183395009      
   62.1830646362532394262717475495972216      
   65.8037459880877129451606968086603811      
   69.3111885060155794349395490941134549      
   72.7100126112880813261863411492681205      
   75.9989187490527209261218111443229916      
   79.1625461306564596895533701300506691      
