   4.27028717780101573402811710068756261      
   4.20861096369301450123426500963872048      
   4.14765412808551864936357936831210963      
   4.08731266026688062807103174133226617      
   4.02748312105819356642399954927752874      
   3.96806173760363397423298708024826165      
   3.90894346010174550233228141126967180      
   3.85002096362017085526564022515897201      
   3.79118357456857436354186289007361393      
   3.73231609677134786798207853401522736      
   3.67329750603399600273494007675061135      
   3.61399947414858349042420341665890240      
   3.55428467274649481041076824293196825      
   3.49400479331180063212387967910479597      
   3.43299820061977223707677317307776548      
   3.37108711083875858390585047228762911      
   3.30807414953386781617180220703930468      
   3.24373809430893084365776754298562834      
   3.17782853480011770920211777350484051      
   3.11005907793750878422953158228938168      
   3.04009857009254007070834457347030572      
   2.96755956738557010733930330339170719      
   2.89198290167914235863221655155316959      
   2.81281654923293982050801938982066773      
   2.72938588561386067151635978556775195      
   2.64085033741980657024328579860774801      
   2.54613742577117918177745007759692047      
   2.44383705702332303199535540483149753      
   2.33202159861425583324433914117260275      
   2.20791788280603449600871584438881010      
   2.06725765572858193185216551301360840      
   1.90283733854650892071338298349705186      
   1.70071452515641005026057574964508864      
   1.42654480880190780797725650396068334      
  0.919390332495114268670498989746747767      
   7.63358818658264076615002222118014515      
   15.2112429190791473318069299387508743      
   21.5728332913880714351407829830704317      
   27.2603421691264554961013970476929647      
   32.4876213786642849225676873883875818      
   37.3692317084253272407299335473602961      
   41.9762306143984672298488899336044583      
   46.3566934758620800281434354600001329      
   50.5450116946830097083905672267581903      
   54.5667009379878463880080283355630112      
   58.4411165510734674034084322066225570      
   62.1830646364780815966897273727387139      
   65.8037459883044946341560290786071020      
   69.3111885062151920433118528868429880      
   72.7100126114527422909658207201619015      
   75.9989187491208540750841689932029647      
   79.1625461306590035967197759198557877      
