   77.2570931355114300170482844885437974      
   76.9583942667531432800217021930477021      
   76.6456393936340834828029478651885090      
   76.3187038484178259205592445639477681      
   75.9774800266204616748164964714966544      
   75.6218750897799081293307308006250218      
   75.2518086358949434020106398626454782      
   74.8672103523634468679940576571444426      
   74.4680176616672696229841371907955992      
   74.0541733658440811108230872457059528      
   73.6256232919163741253793777886750218      
   73.1823139369016938626290521971946985      
   72.7241901077233405830703460482645486      
   72.2511925482294971839216348099519841      
   71.7632555425376967837769876829676305      
   71.2603044809655750526411529397494524      
   70.7422533717917967176421301553455714      
   70.2090022789308672833343864776423641      
   69.6604346621697658191214019913882991      
   69.0964145927830166375980501722608008      
   68.5167838129712987721675281562895543      
   67.9213586024538880251254596100724950      
   67.3099264095196764766767982050989593      
   66.6822421965731429820555454513772592      
   66.0380244414430360642317657642810017      
   65.3769507249756218977509790441846983      
   64.6986528222246754977331158578083664      
   64.0027111981640803826738473738485969      
   63.2886487884080755658356371539736891      
   62.5559239197515585573852965393455258      
   61.8039221928756674445323876360604084      
   61.0319471082314675565175477638307785      
   60.2392091630652072584918456122579653      
   59.4248130789611566906975050177254698      
   58.5877427297976929621987952707276449      
   57.7268432222265137873396219724236926      
   56.8407994241872767353607140502986143      
   55.9281100265535200553834299413314206      
   54.9870559369950413942174517903958471      
   54.0156614115256117734246852256392918      
   53.0116457800966897693416720992674398      
   51.9723628452505240102168588340633482      
   50.8947239144214179854451601036305719      
   49.7750987886158092401760253704002993      
   48.6091865840188020314066988481164837      
   47.3918445289858685268099121653442049      
   46.1168570370023739942699902955506523      
   44.7766179583695207975270166650477305      
   43.3616833033814718728981449125118467      
   41.8601248159091157213471030569374466      
   40.2565662776377696154299252938334922      
   38.5306922539145452834985436067243243      
   36.6548320233752557463725004845659933      
   34.5898100876802196344502014832596939      
   32.2772520684638972502983744248398438      
   29.6237473179552973306301608503369277      
   26.4630169052846971512199629435194333      
   22.4421297551607801010559983189708447      
   16.4886034950808551322027204200893157      
   1.73749868808139404027530269503011618E-0003
   1.68091962163353247070405482152588853E-0004
   1.22679205820678980745478472675087902E-0004
   1.08938461958825632730448879123438014E-0004
   9.91233041324090926214376820778925971E-0005
   9.03086925863302780526799963446189342E-0005
   8.03632366372612079809609276008673494E-0005
   8.80737448496463913066977909161093963E-0005
   9.12415796647667225267583805548234115E-0005
   7.46822797627380631312158552265132345E-0005
   6.70416108782309740860876252731904239E-0005
