   5.74977453390707988826361743957749462      
   5.75449285386383440842330550741277394      
   5.75962132761036921068893537366190930      
   5.76516077711198816163287557441601248      
   5.77111083151311736759104696794671665      
   5.77746999863064099988173489685012908      
   5.78423573640902305384298227191894813      
   5.79140452321879724105792292904072217      
   5.79897192607898493572697966092733899      
   5.80693266606125648922778621393087333      
   5.81528068028887929218272560656748428      
   5.82400918007551389495929775572262252      
   5.83311070485954480161848946677682761      
   5.84257717167926730185505891825402809      
   5.85239992000406497063727169055858524      
   5.86256975178815931093654765446843639      
   5.87307696664800947179181939042157191      
   5.88391139208231258056325099498368814      
   5.89506240865636462529689902341815214      
   5.90651897006029047524960849094416107      
   5.91826961792328360145320446355803936      
   5.93030249122391697655705067507809941      
   5.94260533007684615093154322720295838      
   5.95516547359980241776816782275488534      
   5.96796985146592614111658335100345626      
   5.98100496862400802011835194136006887      
   5.99425688251561124131645820710636323      
   6.00771117192775243767235235806078718      
   6.02135289638152555946331472682642177      
   6.03516654465857620382684973987092172      
   6.04913597068979207504918363551543651      
   6.06324431454962588655806571268361771      
   6.07747390568181520092340856199061858      
   6.09180614468034492477106594234714851      
   6.10622135889912716911817582144574482      
   6.12069862577237554579913041947228249      
   6.13521555586374081156037183472364823      
   6.14974802513502445177478294380575405      
   6.16426984245434276017695641721525646      
   6.17875233352924750957279380841558719      
   6.19316381561584119249371488843374599      
   6.20746892753063576763818512011150536      
   6.22162776511735514815788664982716949      
   6.23559475086349564631718770267741192      
   6.24931713362820233924771595736567789      
   6.26273296327329219660508412256732749      
   6.27576830280066351264143669147607363      
   6.28833330448952584831990974081282261      
   6.30031654319959961171051047807806652      
   6.31157658395729330933681566540629782      
   6.32192898465211828904543275214520784      
   6.33112540740528847633460431007366319      
   6.33881831133160397660876500723517206      
   6.34449744840124475247175993971214265      
   6.34736623196524654425787582172551036      
   6.34607401901920099171459466826628422      
   6.33803922975082592945808369810082071      
   6.31724659381880010243102440522649368      
   6.26238219500337193914145853263888656      
   6.56302941000641061520051811009650884      
   6.79084533929543623194350649569876544      
   6.90612392774641819200434268233314685      
   6.99804598274852350417527580117621121      
   7.07960798278992044911371183433527356      
   7.15528851751674242691321368963478554      
   7.22709487708919338966889166477973687      
   7.29604120609130581669907706417833750      
   7.36265672993637099894244596659833747      
   7.42718718706805511041286423719006553      
   7.48967220206843202908969772460101388      
