 0.97618180558606E-02
 0.97847562606404E-02
 0.98090674955549E-02
 0.98347811854063E-02
 0.98619261932486E-02
 0.98905310718813E-02
 0.99206243240886E-02
 0.99522346711801E-02
 0.99853913299397E-02
 0.10020124298619E-01
 0.10056464653131E-01
 0.10094444855123E-01
 0.10134099074112E-01
 0.10175463526443E-01
 0.10218576834384E-01
 0.10263480409318E-01
 0.10310218863730E-01
 0.10358840457453E-01
 0.10409397584650E-01
 0.10461947309081E-01
 0.10516551956570E-01
 0.10573279775199E-01
 0.10632205675699E-01
 0.10693412066958E-01
 0.10756989804463E-01
 0.10823039273238E-01
 0.10891671631371E-01
 0.10963010246036E-01
 0.11037192361160E-01
 0.11114371045227E-01
 0.11194717479573E-01
 0.11278423662958E-01
 0.11365705628282E-01
 0.11456807293690E-01
 0.11552005105397E-01
 0.11651613676535E-01
 0.11755992690099E-01
 0.11865555421437E-01
 0.11980779357214E-01
 0.12102219558798E-01
 0.12230525662574E-01
 0.12366463764998E-01
 0.12510944965901E-01
 0.12665063136612E-01
 0.12830145702341E-01
 0.13007823160145E-01
 0.13200126189891E-01
 0.13409624465603E-01
 0.13639630377619E-01
 0.13894507313927E-01
 0.14180153277469E-01
 0.14504792998567E-01
 0.14880345607968E-01
 0.15324947938104E-01
 0.15868028969324E-01
 0.16561781564837E-01
 0.17511859631223E-01
 0.18984814739966E-01
 0.22052220705897E-01
 0.22020854529653E+01
 0.86164191691962E+01
 0.14067473795590E+02
 0.19187738104233E+02
 0.24139762357523E+02
 0.29000970713753E+02
 0.33820277792437E+02
 0.38635393011474E+02
 0.43478780051795E+02
 0.48378046663108E+02
 0.53352814961596E+02
