   1.84501727872468480096404770726746730      
   1.84199292431617101863093229758017985      
   1.83871409534563015130235320077761161      
   1.83518233936316590387286998061738517      
   1.83140011924361216635993871545732877      
   1.82737075343467141192118810737526551      
   1.82309835473117915422237200191757442      
   1.81858776856094627240225124015913029      
   1.81384451163066609057023604193989411      
   1.80887471165209260917851374402285547      
   1.80368504875053061020008938981597635      
   1.79828269905147036158770297182890922      
   1.79267528084674027934194274864617399      
   1.78687080365935641573506971083560171      
   1.78087762045618550551958702513153334      
   1.77470438319913779400764750634119773      
   1.76836000187827963215816032341223395      
   1.76185360713394081923700057180223910      
   1.75519451654864848931458617619459817      
   1.74839220467345303177143793710691697      
   1.74145627684673550656523041889567824      
   1.73439644686636153127044293437094330      
   1.72722251858941410757428755479099491      
   1.71994437155660498941291959845982236      
   1.71257195077359476339913064392572521      
   1.70511526082878242499929988549424786      
   1.69758436459009934720842831120630835      
   1.68998938680405383343718151355113306      
   1.68234052302385505601697670573584214      
   1.67464805442511827327041286373865982      
   1.66692236923599863576744300226295492      
   1.65917399172457378669314272535461419      
   1.65141361996503309556642659311924054      
   1.64365217396759246771797748241223289      
   1.63590085623447468003277744910857192      
   1.62817122743862606025698759044265186      
   1.62047530077388295858858626166414160      
   1.61282565968381595533008386032461978      
   1.60523560527217064043287454651085943      
   1.59771934192700784555369174355321820      
   1.59029221285192506971174087336072535      
   1.58297100175686037047774766865784149      
   1.57577432365425089029620471831938794      
   1.56872313773286175800810626996556199      
   1.56184143063272554706026011966916060      
   1.55515714253264098921379858118371414      
   1.54870344730292639323700903454091037      
   1.54252056256164197286949652205668791      
   1.53665837666063746256183536270420692      
   1.53118037878345490439923639984258670      
   1.52616975173451878257250699385719095      
   1.52173922550861864493225675818120641      
   1.51804784663583980868548941074183602      
   1.51533136882809908003297030030077247      
   1.51396192670492020493002344828636480      
   1.51457854743032793384277568838324639      
   1.51842107114953901780057814358726932      
   1.52843300726196315212601322246506411      
   1.55533136219558927964667129857389799      
   1.41609818757229018876964296756197962      
   1.32267878754912214632675296541557241      
   1.27889041692504967240314302510530109      
   1.24551362889897810046855099632125915      
   1.21698057765930170084520992708102982      
   1.19137303808488900476150351715325906      
   1.16781636113347196303162425257519143      
   1.14584932049770941248519668950271016      
   1.12520839106674557527648020322912628      
   1.10574078473603578286303492169292695      
   1.08736774636577188145900546871801577      
