   4.06762136988095943032949983206703761      
   3.99191604545335104694470673696371180      
   3.91512316846627821533096455555470571      
   3.83681845626333084945243918484267341      
   3.75650085522832038183229271561066422      
   3.67356569762201784875145716447929291      
   3.58726703532747536676120841858569958      
   3.49666435460775014503297205012949205      
   3.40054787774734504667675831549815978      
   3.29733852801028266631154546976220191      
   3.18496904206974385483766931986245043      
   3.06076793242239061133577668473642567      
   2.92129097024965818949255688352385204      
   2.76162550609613618478312066122048598      
   2.57323645389858952053610395552907228      
   2.33923492086129775054158907980419520      
   2.02108850983310326577734478896207863      
   1.48604356996217188829814447061430773      
   8.25907629206768339091741303848424449      
   19.1538191681613745509022202734039115      
   27.1847397481748258130332292508992128      
   33.9190118105029769465844062976572276      
   39.8517914108412755427858524179458182      
   45.2237692251523178025160918893401869      
   50.1752195445129648118649675995681940      
   54.7965359309459775777687260683103196      
   59.1498442573288270937097503399918931      
   63.2798287327272607567447319596863587      
   67.2197194141410647150719843734213368      
   70.9947903907549199044363802722067464      
   74.6244136228738190675777379840879484      
   78.1231332297995272253338403933751048      
   81.5008489885032340105371371237344928      
   84.7616573080406569013354697742468153      
   87.8988645643092354920900230102647236      
   90.8554278681723777781969513088800370      
   93.6454083766847217806387544214613171      
   96.3663138444836865359894660806929249      
   99.0217382975058002728639833293191700      
   101.614981915480965254877497898504279      
   104.149082378770909986652005930514746      
   106.626841975613531583723192607584810      
   109.050851240236276753312601498923054      
   111.423509706804471535750303627770227      
   113.747044230938369856538608308516756      
   116.023525234166810581224464262822197      
   118.254881156253069984949373613336386      
   120.442911348150443579976106524582140      
   122.589297599033212844724434712896255      
   124.695614460655713513910246492470098      
   126.763338508592799602460445925275896      
   128.793856660924504631129397095944170      
   130.788473659377527026656220622544263      
   132.748418804981743111463463058673653      
   134.674852029317722668038706699747583      
   136.568869373013049475953464254506272      
   138.431507934972611419805876554262538      
