   1.29031812214481970705584388994797470      
   1.36770362281000673161075395427311959      
   1.44981258811798656305593559428779923      
   1.53690591641913756355817232497089370      
   1.62926819134919374352615603501538901      
   1.72720656553904199508957187636285947      
   1.83105029826018988805566273611129895      
   1.94115083250190546203917794253160037      
   2.05788229483914026255958161936429609      
   2.18164231921457109449218372985260748      
   2.31285311952165816912804540763537234      
   2.45196275831232574621912321852081442      
   2.59944657720574252349062201920510206      
   2.75580876821911202921224561742584031      
   2.92158407492512595560889462665028548      
   3.09733961900254944715429958393002949      
   3.28367685226666404773045629944744321      
   3.48123363734539778294163917606469985      
   3.69068646231370375197036064517131922      
   3.91275279616522930875916917954987027      
   4.14819359322043767155076772200111782      
   4.39781595559656616985647706830509655      
   4.66247596379586015503508825423582791      
   4.94308168636717090494554957127069029      
   5.24059638050452689994740728434062154      
   5.55604189639211488646796445617509556      
   5.89050229910857505795283829737100866      
   6.24512772298022211805383398013777270      
   6.62113847443527388166492505457811099      
   7.01982940067210667199138290189529367      
   7.44257454282357502063442520303365956      
   7.89083209379010702068032108499731640      
   8.36614968253716469456185448685397439      
   8.87017000841945219769006148305428686      
   9.40463685101882243439746030251599388      
   9.97140148307732254177735922804701997      
   10.5724295163843961507401672049636521      
   11.2098082129507060765053297423949519      
   11.8857542964821418250695691491057183      
   12.6026223020665167867169818465358176      
   13.3629135051095846126989518971825242      
   14.1692854739091398966460404498984565      
   15.0245622938323761154129138835373369      
   15.9317455148489151813340041238732477      
   16.8940258781426075106503853744735462      
   17.9147958816327657063467219270707427      
   18.9976632484057462563790015652818635      
   20.1464653661798077292740842191119070      
   21.3652847698369731872844126475765650      
   22.6584657425226012924843561337886434      
   24.0306321135089320639559667167335694      
   25.4867063324872092040597212775216026      
   27.0319298995668912660862662914278795      
   28.6718852271647419178523089487846268      
   30.4125190030053272399465357613871197      
   32.2601671110808339558535447555542728      
   34.2215811475823553831557882298159307      
   36.3039565388377841944867011038592572      
   38.5149622247236531574011588196866465      
   40.8627718095124713414784163472106314      
   43.3560959973522706291289694387430698      
   46.0042160153198445656364140664979539      
   48.8170175764449060605262207545768607      
   51.8050247418225158570297774382120586      
   54.9794328007365362974444720137217956      
   58.3521390024208064168632713012127407      
   61.9357696571410758329277156503709444      
   65.7437018161940075960601679740642623      
   69.7900775211233441126386791699090937      
   74.0898086332923675323242488739166997      
   78.6585707767849187734610345157674502      
   83.5127863688059001115143667561736339      
   88.6695996938397126059501574394797484      
   94.1468523401092325926160161923550891      
   99.9630760474146772408052442028270266      
   106.137533027326658710936130138436960      
   112.690351529236644456444112213402586      
   119.642826265621148869667518609612353      
   127.017977565295463909018880794766070      
   134.841487731257548839934939740972454      
   143.143156606651146323954357131896484      
   151.959036040094474374478342204584328      
   161.334389886574158986727586092434950      
   171.327519333064827856728963004930026      
   182.014232705182832251046909251034506      
   193.492403890119244565143572808015744      
   205.885935400885517702337736352916641      
   219.347764473414345440399987039174406      
   234.062216911817399829901609080856773      
   250.247646311181271427307514170095257      
   268.160599232059407666247935274046359      
   288.102538678786663607690901511306557      
   310.429723525891482098119876204106273      
   335.567285125424019871741063041426856      
   364.033202208051801795441884220222726      
   396.484255013686829860249914508873375      
   433.778625657020891051611369500586918      
   476.995860104419497388024059062547055      
   527.355614955798847073733229109170899      
   586.072382720214050810654231823718059      
