   1.22039656650981785606265196063034886E-0002
   1.22270463823477404636712905002818372E-0002
   1.22509882220759777616689257070106550E-0002
   1.22758236839744772052761797016979788E-0002
   1.23015875885641834102364263744741654E-0002
   1.23283173404871717572364656432435300E-0002
   1.23560532145423638694334292905596004E-0002
   1.23848386661518484199921059777055086E-0002
   1.24147206686217518632425194526597822E-0002
   1.24457500803137514489091926952376289E-0002
   1.24779820456810442628940583998865868E-0002
   1.25114764350618819560267744863408851E-0002
   1.25462983291918460751241537154797196E-0002
   1.25825185556207496763840820005369157E-0002
   1.26202142856460055705210114061688730E-0002
   1.26594697020536062144467122251873099E-0002
   1.27003767499570506195957287052481298E-0002
   1.27430359854282975720572378554816797E-0002
   1.27875575395362667941899584049165176E-0002
   1.28340622189809984372566574140896644E-0002
   1.28826827689231966306403756263877633E-0002
   1.29335653290887592054519621890333232E-0002
   1.29868711210848905086021931903743076E-0002
   1.30427784135141291276585533947669224E-0002
   1.31014848224456301923394325416841400E-0002
   1.31632100188379815761599880525382294E-0002
   1.32281989325982074654381309781250670E-0002
   1.32967255664617655786681650171719208E-0002
   1.33690975636733984244415779642939597E-0002
   1.34456617141799970586807612253617509E-0002
   1.35268106384406887810045341305043287E-0002
   1.36129909613788188587651556178159060E-0002
   1.37047133892263524279302376656855313E-0002
   1.38025652405152753363475686070089960E-0002
   1.39072261764500589390213607728264295E-0002
   1.40194881514961292766148053281317057E-0002
   1.41402810028682319906949409864929102E-0002
   1.42707056819334365105191534113872964E-0002
   1.44120780053614253372642083891883904E-0002
   1.45659871416436786095107363126620597E-0002
   1.47343751433645360850815702849051664E-0002
   1.49196472040637468543861937386493582E-0002
   1.51248279004177399037187827396506224E-0002
   1.53537882534126546101146687515655621E-0002
   1.56115855212929264827108797556581708E-0002
   1.59049895420096332609700880216838084E-0002
   1.62433323609969558273826589411366523E-0002
   1.66399502629325950892095162391157848E-0002
   1.71147887690190684341023134376579471E-0002
   1.76994989512178014915823022542480031E-0002
   1.84485197016248786512831331471964419E-0002
   1.94670265203632154816963581229962433E-0002
   2.09993870387387778658174126680139966E-0002
   2.38528272989196599010404115936914689E-0002
   3.85829700848856411341930003015741239E-0002
   6.56540764181358736029650832810199815      
   12.0225945421073380576238720849370761      
   16.9484584761031365365523096463218638      
   21.5633544059505838453809007701401539      
   25.9592197198656877942996137308345658      
   30.1859270896425490152600869218977672      
   34.2745204088860217386169146091299184      
   38.2460768381032030928876670364000279      
   42.1157714534580682381158104218712407      
   45.8949658034774654605864882147241890      
   49.5923630516375884082375699477894825      
   53.2146771443128637638915506998098079      
   56.7670286872846111046945191977221745      
   60.2531742248803391328932383000097861      
   63.6756188584051356081488183185201792      
   67.0356171225261035646811087233855630      
   70.3329825511852828548860022925344327      
   73.5650742326474419823476132807387042      
   76.7267963920585296799794005836637791      
   79.8232289277795240712365400403454777      
   82.8570351647090911652541513123998067      
   85.8306835463157321989730579230787709      
   88.7464890599802901746632468411253026      
   91.6066211567251231760182480470655570      
   94.4131122605652080501583176744249116      
   97.1678665531003097520393604000167003      
