   4.38510152809972906601125653886951629      
   4.32903599166451649070334975389130097      
   4.27406392589463407892538089826195410      
   4.22011632011545475131622643502649294      
   4.16712774456853519641804023578740992      
   4.11503594949846386843935544675310243      
   4.06378149628768280219339977164579481      
   4.01330741699576201722909584131327390      
   3.96355889892921288927066779852026272      
   3.91448299107783598879156282889419534      
   3.86602832941404239633884838510387540      
   3.81814487816946469846874743122507748      
   3.77078368428307643817964953512036656      
   3.72389664225734361202134800715010281      
   3.67743626666363019080485577022297782      
   3.63135546950174515753199936871987730      
   3.58560733953625103097207146115925695      
   3.54014492059643163753324277884381448      
   3.49492098562832202645965901780296218      
   3.44988780301243164297412463892578336      
   3.40499689129358056468466573260698588      
   3.36019875798750775402829536045545621      
   3.31544261750429645905296097881148106      
   3.27067608242532197012112777460723123      
   3.22584482133837770232712696276442421      
   3.18089217511132504621884068210124598      
   3.13575872178224656322730019705892612      
   3.09038177804669781345864012663420455      
   3.04469482247222495807087117464362307      
   2.99862682184962592519592632250646867      
   2.95210143719544671598269001198895665      
   2.90503607942556824341527546340069572      
   2.85734077601757369747244208106073330      
   2.80891679819223054369550631079915241      
   2.75965498198728654836996988495743786      
   2.70943365415171221072444486097774353      
   2.65811604215481426470842721070725206      
   2.60554700229055454456675399827492190      
   2.55154883377514146670077459811851618      
   2.49591584842002265836459740194370921      
   2.43840721587225294908132539213923226      
   2.37873737098452817294283289990615883      
   2.31656289499414371328202351032721776      
   2.25146416009306937232235129822563626      
   2.18291895492630802769495145596126781      
   2.11026337859447412902363145249676612      
   2.03263163397201237825383942500232330      
   1.94885898957518238466582503545267416      
   1.85731623336435119208493818098777792      
   1.75560611111365215747582903204764924      
   1.63995127490606439069270891926689865      
   1.50378666514883167368388508069697887      
   1.33380756805589603222104382464967247      
   1.09410503194793892004905983488570719      
  0.520391706061545103946711720354212242      
   6.56540764405755908664093633378648317      
   12.0225945427602441640854574922130248      
   16.9484584766653914691633694969676231      
   21.5633544064408264737985582630176559      
   25.9592197202112160463734056660804373      
   30.1859270898945197016658909396138433      
   34.2745204090770828282451950044132048      
   38.2460768382551982049586365516733213      
   42.1157714536207678505089360442696189      
   45.8949658036343603174441397534868147      
   49.5923630517844409034990787715149593      
   53.2146771444474216959514174644355014      
   56.7670286874118253962449889544988914      
   60.2531742249996625898702600687752989      
   63.6756188585146879846374988840050749      
   67.0356171226249401923045817304848982      
   70.3329825512690208968008511257217278      
   73.5650742326596227974481260557764338      
   76.7267963920615188152449109954095811      
   79.8232289277824748751805027742334530      
   82.8570351647120062473858382582595009      
   85.8306835463186135549970468554038329      
   88.7464890599831393494748067629564208      
   91.6066211567279413801515466589803014      
   94.4131122605679962443623551722518288      
   97.1678665531030687095812822560195116      
