   9.61525469612520919881023052332103292E-0003
   1.07994314575327223246669567628648822E-0002
   1.21323804433488455012067842784052048E-0002
   1.36319485835202058469767428543102786E-0002
   1.53183424335671354732813443870665970E-0002
   1.72143940713265098752254212466043962E-0002
   1.93458593360993838274833894748486147E-0002
   2.17417560214531667019994213180032769E-0002
   2.44347484902613334490667549422668132E-0002
   2.74615846179004642455654773140765810E-0002
   3.08635909966703095819894561828741080E-0002
   3.46872328218233384685909825720105717E-0002
   3.89847456855390632069414864297210498E-0002
   4.38148475261767157597508965173162706E-0002
   4.92435401588173679994251946524900899E-0002
   5.53450111278657917172794130293612610E-0002
   6.22026480751698191468700581791695201E-0002
   6.99101794232414357806332692277647548E-0002
   7.85729569558543941992959354691662606E-0002
   8.83093978653100563476055022971730123E-0002
   9.92526060578220939406857353660055176E-0002
  0.111552194999697953074748447187147590      
  0.125376337184528974307210871297889459      
  0.140914068446410079877195668114869971      
  0.158377878882143082278847147741304033      
  0.178006626127352108142224369105808998      
  0.200068811214992181506680054008442224      
  0.224866262294247893815615801479474349      
  0.252738277176376434178011944747173751      
  0.284066282083752955395788852467432907      
  0.319279071202276789240851975548350421      
  0.358858699780716150067787611565716497      
  0.403347112702472612037388803490977860      
  0.453353600810627741570706563203100186      
  0.509563188948697587263022315889294249      
  0.572746072860556776835428221142483079      
  0.643768236969808007387281074512667134      
  0.723603401854039072057124414031889379      
  0.813346469195690970456518948881369784      
  0.914228653414915664441832665247286704      
   1.02763451339591761036744481418089470      
   1.15512112507527862117789278629173389      
   1.29843966658626169844555488528540281      
   1.45955972262006000923812922051339671      
   1.64069665420825935498637914861991277      
   1.84434242485444661736678328931503188      
   2.07330032452719055220907553993055102      
   2.33072409023544984930799517368638432      
   2.62016198659523616115708640329114376      
   2.94560648291362695371389690515355395      
   3.31155024591390002937007939394924556      
   3.72304926045550357137954371706871660      
   4.18579399571349057851044319468433808      
   4.70618965260542794290170757085749391      
   5.29144666117510358604956291355580672      
   5.94968274554317627291095686134248582      
   6.69003804018981965052739548566982950      
   7.52280492573156353930148875853996417      
   8.45957445541623251510899538023503082      
   9.51340146473740666352096304086547172      
   10.6989906938783825194743123565023054      
   12.0329065023789693255704237022428903      
   13.5338090122799937208434974567929383      
   15.2227197754161746378698412506992613      
   17.1233203237801675331180648485858513      
   19.2622872468385112397378678604418618      
   21.6696677980468180956888246055019837      
   24.3793005716665199418482714037189255      
   27.4292866878157610521535754426305516      
   30.8625184089394668992866775518193391      
   34.7272743712906819761569221041659974      
   39.0778935509654925438075371871736800      
   43.9755428499213885519115767547521238      
   49.4890934755795218748937141323697928      
   55.6961144124834421919809348429777961      
   62.6839693156180978708171155268109768      
   70.5509546605358497892699990924115406      
   79.4073283099238974449035512778118111      
   89.3759367485596755414388016800076279      
   100.591952339894714898447484016251818      
   113.200992047718121238883199981358705      
   127.354644854039239930963044774092168      
   143.202263093559297063291343949420863      
   160.877909172009324990963592670576549      
   180.481818949671104716631546087668225      
   202.056969936859070100538927328576056      
   225.563679519675475099938159780307557      
   250.858774972641010476348010343976328      
   277.690329456073134950368417981736010      
   305.722497582878059081892353713883111      
   334.603757890620685771885128546395365      
   364.079409584514303454301940227738952      
   394.119343467053565481910294800779457      
   424.989337905953464612759921969726055      
   457.178686193306784207715166779667633      
   491.183664893464079459825603263474532      
   527.329157265127277187379934991942118      
   565.864286161408503386736957088934408      
   607.310504742652099657437092216084881      
   652.756489760620204266925272946288352      
