   67.8283545320838818047456663275720455      
   67.6199963859524366601493279494074796      
   67.4060361851475737475028993527994609      
   67.1864076168622536926275775559072697      
   66.9610362452159835430443616024158234      
   66.7298385803560374606631498482677572      
   66.4927212054738347545480188727365801      
   66.2495799575070954778814909704518389      
   66.0002991557024782708167206006433652      
   65.7447508708650755387007373780139760      
   65.4827942269996837329437934310443133      
   65.2142747261128835211212356212277575      
   64.9390235861673362252463611488899614      
   64.6568570815150952199524262469408174      
   64.3675758745484188044167567207940181      
   64.0709643267563494482454246302874118      
   63.7667897768177492993833593168524972      
   63.4548017727565278061818395912755897      
   63.1347312444910292477862403259459620      
   62.8062896022779201045646619981481178      
   62.4691677455372136097980727367277141      
   62.1230349652955014479898643460284246      
   61.7675377219399630039260708431461843      
   61.4022982780719680256261344935132680      
   61.0269131639057148205701335406068182      
   60.6409514497840076022296645731820772      
   60.2439527968647115472963290306757490      
   59.8354252527340649131048035810186990      
   59.4148427534503481506348076140102204      
   58.9816422871042010458492484267375394      
   58.5352206661266736284854680353892441      
   58.0749308459380865509735503141306339      
   57.6000777156726955423362509739354151      
   57.1099132720600446770319632723251760      
   56.6036310693613478889843405678973923      
   56.0803598155725757143453982065165808      
   55.5391559566425574693227941129175549      
   54.9789950545102028310409942034767354      
   54.3987617190637593878675498962339581      
   53.7972377955764371050574663997121829      
   53.1730884335583022567777545784162857      
   52.5248455644555363384982798560733602      
   51.8508881860765806940742214713116725      
   51.1494186795140913066470515656575700      
   50.4184341531553158518348709277478938      
   49.6556914941431679964962924212769733      
   48.8586643749532881371950874646690182      
   48.0244898584258599364306492308400720      
   47.1499013873121592446424870111103248      
   46.2311437071962771889446231890997635      
   45.2638634517116011999498025801877695      
   44.2429663839727284838253828202899591      
   43.1624280778276625009541265712399624      
   42.0150381615551602501715654443612384      
   40.7920473741043045627493781872085233      
   39.4826682864037598205170830737913102      
   38.0733480797360041077067996876331247      
   36.5466716230211909669386982323773198      
   34.8796349712272271561588785609117522      
   33.0407806995578214403363321088592897      
   30.9851159805973797637736954998622193      
   28.6442748942893350020935835002067295      
   25.9050649614881427738150381438349524      
   22.5537127764706118035939662994733107      
   18.0807266895899467874453453611866775      
   10.2514622743452789548356075183412153      
   5.12274640066144834076630847824836851E-0004
   1.55175963815375746340864471020072931E-0004
   1.13962541120529797844938111391951630E-0004
   1.01868032489512830713872095523425630E-0004
   9.53029421822927299680795437349806981E-0005
   9.01274361151533040244559248620472777E-0005
   8.60109408647099865133560715351504704E-0005
   8.38979227840569690923253798989140435E-0005
   8.48879167870691327775454310108358062E-0005
   8.04294431330241909236898988094288738E-0005
   7.27791169142238590188825611880274148E-0005
   6.90605477985920616584283899245862028E-0005
   6.66915143045522235394899205177098600E-0005
   6.34725815062106032857582000251704025E-0005
   6.15026718257883955887928130397474603E-0005
