   52.1202445176751753146285292369711386      
   50.4064964157457874867109627744655512      
   48.5929953729922237579450708759434654      
   46.6589372135892997768102021033756103      
   44.5739082368486224769617431263056953      
   42.2910266747647452865598544842208174      
   39.7328313992139813691732351880700582      
   36.7604749927869729895313659152604188      
   33.1145773543529418388194074107303455      
   28.3408768148144774130544949115935161      
   21.1102718358402336347374951746803106      
   3.73123555597098430419144823090599338E-0004
   1.18055423816717748870917386707576150E-0004
   1.13454694813802607900361823083948773E-0004
   1.06678543898888743301392020915022094E-0004
   9.41035798035115070328982241152270315E-0005
   8.18286757198824663625533595085058608E-0005
   7.96947374833034016685751736932103942E-0005
   8.96903797788894428216746520466285624E-0005
   8.90470671916113841501383733918126025E-0005
   8.73752090205216185387398940525885916E-0005
   8.72856872708293136545930667719450127E-0005
   9.58315689843027173153323061132230805E-0005
   7.96061483834388461586071833248521418E-0005
   6.71382464355016117160543772056984307E-0005
   5.73037149152984397975272029129235666E-0005
   4.66534381219991719340464587357280895E-0005
   1.55209149375013989276655714778095890E-0005
   1.55206071700856884400835980565138799E-0005
   1.55203016356012398278958532612671612E-0005
   1.55200020473494057948284909806720761E-0005
   1.55197112507060654979998809391852986E-0005
   1.55194313141453397811748437995371278E-0005
   1.55191636383946703508413060518869463E-0005
   1.55189090706068280973546167102118512E-0005
   1.55186680141468729367661497056218267E-0005
   1.55184405280981949695636536772119985E-0005
   1.55182264134745196962401287882121285E-0005
   1.55180252852479500780912703711016653E-0005
   1.55178366307072341129229621735772828E-0005
   1.55176598554740744104957451779875572E-0005
   1.55174943188822498094268953264026622E-0005
   1.55173393605073971959618817773030984E-0005
   1.55171943195400757392929148515397857E-0005
   1.55170585485059791971103403711250025E-0005
   1.55169314226120877851376594035613790E-0005
   1.55168123457713894696306517847754542E-0005
   1.55167007541511150854431269602893859E-0005
   1.55165961179090399743173688043836068E-0005
   1.55164979416317209715266404215073660E-0005
   1.55164057638661169117422360530791213E-0005
   1.55163191560387642751874580768402700E-0005
   1.55162377209806561921387122714000355E-0005
   1.55161610912173968332620611977314762E-0005
   1.55160889271396459599859233548492965E-0005
   1.55160209151352155620339567895204573E-0005
   1.55159567657391862066732983485945666E-0005
   1.55158962118398477788600370084568286E-0005
   1.55158390069647356183265610005484903E-0005
   1.55157849236612319917424715108272361E-0005
   1.55157337519791956517541525558277199E-0005
   1.55156852980581674315254622254305684E-0005
   1.55156393828183136712675913956496517E-0005
   1.55155958407519921659536126902387706E-0005
   1.55155545188114120607633071248213989E-0005
   1.55155152753869619983467495751559319E-0005
   1.55154779793703651791488396429826097E-0005
   1.55154425092966581105418694916050747E-0005
   1.55154087525590433884139325487664344E-0005
   1.55153766046908475349882368684365683E-0005
