   7.03935542326011030013573145856119442      
   7.11230272334709073512854846204142563      
   7.18699249459463170641210999296862430      
   7.26327808546574060173934289689268465      
   7.34094089932370992342084804175162586      
   7.41964747482774088094661050814446071      
   7.49886937881417135777637419277498463      
   7.57768995728652664377238058918357404      
   7.65399346711246977990476134938981750      
   7.72059163997129824484885714551687441      
   7.75299851506087981645526416250670693      
   8.17438579712859078397486192290120451      
   8.42408875580378842836947680623174981      
   8.56686945398107308637106628979561863      
   8.71625201335652433408419539124259580      
   8.89398617161898000714137491100960617      
   9.11022450768635994288647616573748532      
   9.37275618169069846004532711023832186      
   9.68951001802367036001577990296825649      
   10.0681498107015911429551223059412695      
   10.5129105494472717276094209448958758      
   11.0197045685385097428078912365930947      
   11.5717058235739552014772943313169752      
   12.1367616942925397379450241203123444      
   12.6668714908216704444371153851451247      
   13.0993515846663986334507087360090859      
   13.3545154338650880536431745233629894      
   13.2949680219729430025532821018344540      
   13.1502955658206746770735991300519990      
   13.0125234728570164466167824934009408      
   12.8811659031148280041637488061600767      
   12.7557828374458472394133158500687808      
   12.6359747078818475177558596771271160      
   12.5213777726050003806699106013420160      
   12.4116601167882117299657606444012954      
   12.3065181819158609612656427558417082      
   12.2056737432571815280405455309273121      
   12.1088712689447960271675637014528602      
   12.0158756052456872503229002388067144      
   11.9264699416916086876381017380858801      
   11.8404540171606214560355646971500410      
   11.7576425341028242188959997090844924      
   11.6778637531498965778545175171062343      
   11.6009582445122441619163542118143095      
   11.5267777760736684640061138483408199      
   11.4551843209652149386633371300045367      
   11.3860491698835542294199315945454934      
   11.3192521354316537985257740495393080      
   11.2546808375386159898977866335092182      
   11.1922300604447766423083332167787496      
   11.1318011730330785969090164284049091      
   11.0733016053233255902004740309173055      
   11.0166443748724498959642203562147030      
   10.9617476576332424419734418620426182      
   10.9085343984264925836522059978297783      
   10.8569319568617602941562200433871959      
   10.8068717849793897050157546914169528      
   10.7582891333300906373833637999351112      
   10.7111227826137528712075839898524003      
   10.6653147983048711103788423906615346      
   10.6208103060016944439722354043246283      
   10.5775572854685037388121062100943384      
   10.5355063815633569415141646000365774      
   10.4946107304950028375561674225873733      
   10.4548257998925436579041338040244425      
   10.4161092414805580836202767369712087      
   10.3784207551718222314145482530194944      
   10.3417219635583129265970934227239536      
   10.3059762958692375625604049766156996      
   10.2711488805650998651206091246029857      
