   67.7865938237418204349698209295293015      
   67.5751952742910047299094133581996077      
   67.3580375260953520977750611943791800      
   67.1350471488615724397737771106663397      
   66.9061424547498863005242950659138901      
   66.6712325453067806209988151605196561      
   66.4302164074331192999528066550301876      
   66.1829820551241715607813170058048796      
   65.9294057120349227650877542265262814      
   65.6693510284585525717222780415728403      
   65.4026683250356199142041422998343987      
   65.1291938544142347851517385267962757      
   64.8487490711284432061130210782730537      
   64.5611398991138670879460030296989931      
   64.2661559855049530190086557810421530      
   63.9635699286125628664777200623664183      
   63.6531364672227295395266379158533567      
   63.3345916175444313832987329360180548      
   63.0076517432158437072435577565438678      
   62.6720125427079221794233118363274614      
   62.3273479371853729257562452881184561      
   61.9733088403351106778006281580107308      
   61.6095217897896263243134175191433364      
   61.2355874174688639056041432316693657      
   60.8510787333549195248301665660656526      
   60.4555391937801023698613381986489293      
   60.0484805211190177327017731332086869      
   59.6293802366563887599174098120698824      
   59.1976788621498565018066433143993122      
   58.7527767379492470998426816629297264      
   58.2940303961428663718068359806094381      
   57.8207484156414452625850461683031865      
   57.3321866718329441233271343029879020      
   56.8275428757255179013197911892733758      
   56.3059502754068769237685955615537296      
   55.7664703649442506256901929266639458      
   55.2080844108937926502945586354782792      
   54.6296835621753197129060522884132088      
   54.0300572522248404500213199347573537      
   53.4078795290009273525962384450107087      
   52.7616928529850922432989353259093896      
   52.0898887779649233105441768915435548      
   51.3906847630800106943486213627506467      
   50.6620961415586162371550211122179770      
   49.9019019688675378740659689156309670      
   49.1076030569018693586694666582446795      
   48.2763699208080551241119704023289670      
   47.4049775439457450627225839132776513      
   46.4897226842678365186295869546909571      
   45.5263177108000964121993005116872990      
   44.5097523596496817411912378495076943      
   43.4341108105802120322591984962177181      
   42.2923251984795053189706878829366119      
   41.0758364555383096702069727896991220      
   39.7741161729104349995994806323232727      
   38.3739729821613003334559343841771836      
   36.8585113889250452681841513327621931      
   35.2055027353052794988884131566575583      
   33.3847022215487431616727389532584811      
   31.3531342839050316630418315083297326      
   29.0460801192674171264162565723652984      
   26.3577670681448886605303157615330288      
   23.0925234818227993764819198328672414      
   18.8021408526724287848393349566447040      
   11.7739976846599125738851736841068698      
   6.92683644596002833925604027006479818E-0004
   1.65581846977612254246083383570945522E-0004
   1.16301981631463502752555357597269268E-0004
   1.03158625430658507102784921051924675E-0004
   9.63366825235646290160719771203893233E-0005
   9.11224360059572361613193935291772789E-0005
   8.69831481242442408477492386433660173E-0005
   8.43563339205654088878779989430200075E-0005
   8.55729715021756668149610096876119999E-0005
   8.05830270143328729156244041622591538E-0005
   7.25473626046704179439961094101372818E-0005
   6.90331541037759683849503013751379202E-0005
   6.67450332047283169252781866264351264E-0005
   6.36039958459622416122856336769114531E-0005
   6.16638211382025551969133177564425167E-0005
   5.91787070642022433139360913221555971E-0005
