   4.41814724086508370977051100867843927      
   4.36389953486782424287560106160714844      
   4.31082580837585483859435925328096332      
   4.25886171187306916809452241946903490      
   4.20794658931060551830764874299571232      
   4.15802311052527049339418687592753732      
   4.10903694014198935947751986147226909      
   4.06093643875643011402341406041284794      
   4.01367239264137005358963719963883367      
   3.96719776860784667310522476458716197      
   3.92146749098880730318363019048543623      
   3.87643823800645742865716727277297432      
   3.83206825504088071032024814829115703      
   3.78831718254055443548975125375482621      
   3.74514589650931809519553596068158407      
   3.70251635967113870610379022961671522      
   3.66039148155576497678064222802695384      
   3.61873498586638481089095007397697435      
   3.57751128358520417280833557698643529      
   3.53668535034501481460937619344225716      
   3.49622260664393304057202300470434795      
   3.45608879950562442536031312537051105      
   3.41624988418792356495017386537015890      
   3.37667190451581064068066289932867330      
   3.33732087035855557750118710954796767      
   3.29816263068110948558402904902610632      
   3.25916274047202202557428608801592776      
   3.22028631967765332127520178308405536      
   3.18149790204764067785488683599530449      
   3.14276127150747681348489363246134607      
   3.10403928330854877963114245955655192      
   3.06529366674432690048811364257380803      
   3.02648480564112289075052754900034663      
   2.98757149210153510675724245024261898      
   2.94851064805819531828541341515182342      
   2.90925700803013549803891540368550630      
   2.86976275499246006857863435791282446      
   2.82997709937447931931019957021263464      
   2.78984578876049144833710669126870724      
   2.74931053269923988929682273933627395      
   2.70830832288213974054590168102223448      
   2.66677062347413951258905400183939836      
   2.62462239907443301448940367560550406      
   2.58178093792929856685748490691958286      
   2.53815441456601380506284217618404815      
   2.49364011741297732467257795171495790      
   2.44812224087483659841039956678637209      
   2.40146910414949368362909203599690822      
   2.35352960517454955452005555833257129      
   2.30412863844839225516510829270868483      
   2.25306108524850533909066116569050570      
   2.20008379887655671262847579411950705      
   2.14490471220287039523031732226742527      
   2.08716771071734144149380345663064734      
   2.02643109214020524700753028697524895      
   1.96213597828106371509552616299635899      
   1.89355834065596914089650495752308636      
   1.81973297997937584217907819943684178      
   1.73932657973202296019284934443166369      
   1.65041120297301841987657333333114179      
   1.55002377646601596951468041354707729      
   1.43320283665483715787450164586737440      
   1.29048910063639576903747624826210480      
   1.09930366498659854726144545885205829      
  0.766697906231013332169100570775345855      
   3.82392236825279834138112572668676614      
   8.86681173825348989765906553382920622      
   13.3753548013631930831867882061312087      
   17.6207958970410744440147270648630495      
   21.6965166429109354090042898445566816      
   25.6485162709488410588580025415729766      
   29.5035145790218746253121718639819672      
   33.2786888730885117815043214932759919      
   36.9858901050598362769388224298506025      
   40.6337132962908191129383894171434638      
   44.2285868777569130734573799254422680      
   47.7753612582525564628080392015408596      
   51.2776229105428171722677227781506554      
   54.7378520950560406600914140653362620      
   58.1574897655534131796556365134580483      
   61.5369488641199364386187373813204774      
