   9.59325909155074511165870320996145170E-0002
   3.00551033111925180270344224259188296      
   3.12835752708209085840403895399764366      
   3.25621863924548828882453641699487143      
   3.38930311756784310640752872782359887      
   3.52782869029022153900269276816411310      
   3.67202172135075417073706280191425842      
   3.82211758101456404734799965604117170      
   3.97836103029335583501710664439421986      
   4.14100661974796363735998383065352984      
   4.31031910328574578431946872368575945      
   4.48657386758298380333462530023596079      
   4.67005737778054855396508341146104792      
   4.86106764011912346129271016854846637      
   5.05991468219824849810708586250139501      
   5.26692105156134677355837525503562697      
   5.48242233332665543312235929100124106      
   5.70676768760150508333544642347285045      
   5.94032040743454429164726784747700277      
   6.18345849807711929043373421268715892      
   6.43657527834091491393129895572147161      
   6.70008000485381853013843645644923482      
   6.97439852002970585150524006365981841      
   7.25997392457984981896396652470691073      
   7.55726727540384427442088140112409560      
   7.86675830970569230127830706749762973      
   8.18894619618562782151788717984984313      
   8.52435031415973578282209193223357135      
   8.87351106145686894029360309683282288      
   9.23699069193498986879519321396544713      
   9.61537418344605067481333807345560503      
   10.0092701370588917522480547459816081      
   10.4193117083222948707387127408185302      
   10.8461575713139891855311300699431725      
   11.2904929161746570409086144813719189      
   11.7530304807671541342975595868973421      
   12.2345116170283797043146208045023125      
   12.7357073924923604304349397285052874      
   13.2574197273557101188741487200368317      
   13.8004825673279247684677964756704041      
   14.3657630923558016412130234954270952      
   14.9541629611300993119410144669504804      
   15.5666195910692610319299174171576904      
   16.2041074732250176157719546187095024      
   16.8676395212629285639389523098702156      
   17.5582684533311019348268784725307183      
   18.2770882052364519885944342565169322      
   19.0252353728915908157089000960127212      
   19.8038906814688892900868415426762141      
   20.6142804780912397596933774864081850      
   21.4576782441906414795171157157929171      
   22.3354061228631311478204849502163424      
   23.2488364556271625796608359379916681      
   24.1993933219354791474298081878718716      
   25.1885540735785100331323222594146444      
   26.2178508547283146234601223736980946      
   27.2888720967813919615272113058794431      
   28.4032639753389276777294599357509601      
   29.5627318145856994718285132636815555      
   30.7690414219652632651482592938227351      
   32.0240203333733681300159104269647404      
   33.3295589460865297450855012560639308      
   34.6876115133019204764484454862872280      
   36.1001969705035125220815885204956698      
   37.5693995599269000165798267893854146      
   39.0973692152401492987982599861170763      
   40.6863216642838900529720301777003583      
   42.3385382034223047765014486209562453      
   44.0563650928211596612304759859628977      
   45.8422125177687533521791956571942839      
   47.6985530567786296198189630316851452      
   49.6279195921205668673063513661643860      
   51.6329025916021278868487485561295727      
   53.7161466802232594883031010963070867      
   55.8803464043963777092640816291282129      
   58.1282410667502231246474434593789623      
   60.4626084727288705243155694212633894      
   62.8862573780979639460819483805030169      
   65.4020183571239337346978154028500328      
   68.0127327251672358310187955094048804      
   70.7212390513324266970993870256613513      
   73.5303566966880316733156135070414287      
   76.4428657277168114034904655001557649      
   79.4614825052998633508616276473590195      
   82.5888302625414120800831849762634753      
   85.8274040847389148768487540589965277      
   89.1795299072551990364558596734329938      
   92.6473174476086230294033950403238997      
   96.2326073513481520540119704575357124      
   99.9369131834832197664812331719718322      
   103.761359130231320216064576388280235      
   107.706614269419703003328058858932254      
   111.772823932745170535420776703939547      
   115.959538014960213491408007219406515      
   120.265635206550354948031700885508248      
   124.689241288395969529427872188919351      
   129.227639153197557269888159238391764      
   133.877168409301133799292663857413187      
   138.633113459186083510969287053248022      
   143.489580843008161996208910532392093      
