 0.58204776050686E-03
 0.10398784255298E-03
 0.10192565007678E-03
 0.99904465709411E-04
 0.97923397916051E-04
 0.95981589238715E-04
 0.94078213059908E-04
 0.92212470785841E-04
 0.90383589394590E-04
 0.88590819301506E-04
 0.86833432500233E-04
 0.85110720943017E-04
 0.83421995128641E-04
 0.81766582870345E-04
 0.80143828219687E-04
 0.78553090525367E-04
 0.76993743608780E-04
 0.75465175040419E-04
 0.73966785503328E-04
 0.72497988231636E-04
 0.71058208513751E-04
 0.69646883251218E-04
 0.68263460565428E-04
 0.66907399445422E-04
 0.65578169430969E-04
 0.64275250325882E-04
 0.62998131937244E-04
 0.61746313836821E-04
 0.60519305141474E-04
 0.59316624309825E-04
 0.58137798952868E-04
 0.56982365656499E-04
 0.55849869814326E-04
 0.54739865469285E-04
 0.53651915162899E-04
 0.52585589791139E-04
 0.51540468466073E-04
 0.50516138382588E-04
 0.49512194689622E-04
 0.48528240365436E-04
 0.47563886096556E-04
 0.46618750160089E-04
 0.45692458309180E-04
 0.44784643661453E-04
 0.43894946590300E-04
 0.43023014618956E-04
 0.42168502317301E-04
 0.41331071201401E-04
 0.40510389635776E-04
 0.39706132738462E-04
 0.38917982288906E-04
 0.38145626638778E-04
 0.37388760625800E-04
 0.36647085490698E-04
 0.35920308797404E-04
 0.35208144356652E-04
 0.34510312153145E-04
 0.33826538276460E-04
 0.33156554855898E-04
 0.32500099999507E-04
 0.31856917737489E-04
 0.31226757970214E-04
 0.30609376421036E-04
 0.30004534594033E-04
 0.29411999736689E-04
 0.28831544807391E-04
 0.28262948447373E-04
 0.27705994956500E-04
 0.27160474271988E-04
 0.26626181948898E-04
 0.26102919141118E-04
 0.25590492581630E-04
 0.25088714561339E-04
 0.24597402906797E-04
 0.24116380958853E-04
 0.23645477556803E-04
 0.23184527035857E-04
 0.22733369249473E-04
 0.22291849631904E-04
 0.21859819319269E-04
 0.21437135348736E-04
 0.21023660953744E-04
 0.20619265967606E-04
 0.20223827337569E-04
 0.19837229736493E-04
 0.19459366240709E-04
 0.19090139022832E-04
 0.18729459991059E-04
 0.18377251297043E-04
 0.18033445638137E-04
 0.17697986301022E-04
 0.17370826933350E-04
 0.17051931083320E-04
 0.16741271603237E-04
 0.16438830056320E-04
 0.16144596280680E-04
 0.15858568240486E-04
 0.15580752232459E-04
 0.15311163427459E-04
 0.15049826630494E-04
