   65.4287110000000000000000000000000022      
   65.4282667125662849577934125929702644      
   65.4282199864489916733650428177025517      
   65.4281683461030445438183163776932191      
   65.4281112746945044106081804388404370      
   65.4280482010335322412319914966987520      
   65.4279784938577292366574165526428660      
   65.4279014555142505695222935328125556      
   65.4278163149774612238834496052539487      
   65.4277222201322522893117658575491095      
   65.4276182292457865451378291120862868      
   65.4275033015423196982100030899086170      
   65.4273762867867669172004197939849849      
   65.4272359137727634962500320484704621      
   65.4270807776000042897780545719073753      
   65.4269093256135292552854760701194952      
   65.4267198418642307478956853376975470      
   65.4265104299350581006321056809257989      
   65.4262789939610383735602760153320967      
   65.4260232176531552600604619953947292      
   65.4257405411161500800069998765143360      
   65.4254281352282296203879454168088955      
   65.4250828733262643281563746939087908      
   65.4247012999130928018938497624235651      
   65.4242795960737447678004362525040758      
   65.4238135412544564755461024891976689      
   65.4232984710219500535486169455014778      
   65.4227292303802174938690601285552607      
   65.4221001221775879500750211748704091      
   65.4214048500877189366049634539067499      
   65.4206364555938460248063089337792337      
   65.4197872483456082262800770064450112      
   65.4188487291914367640892401444169502      
   65.4178115051161895089455373142750552      
   65.4166651952326983353637010606040865      
   65.4153983268863612063913814471984257      
   65.4139982208329588240462090435998907      
   65.4124508643405168414289834810648033      
   65.4107407709451744215947740521867264      
   65.4088508254574487380386955669493727      
   65.4067621126676660167236767502707442      
   65.4044537280361854994259583385922623      
   65.4019025684737404606104006516442563      
   65.3990831011179556095766504870775326      
   65.3959671077918785471404882983655440      
   65.3925234025869803692151247526855791      
   65.3887175197441011637015211246337799      
   65.3845113687085479963835656994252684      
   65.3798628529070208664855344019162575      
   65.3747254484309579733549366868495057      
   65.3690477384096216042817469220395157      
   65.3627728984127739844088592531902276      
   65.3558381277326801065059899182283194      
   65.3481740208535166722073329268781748      
   65.3397038728176417329697417091313600      
   65.3303429115365971828586213115386689      
   65.3199974493635545869265519977332777      
   65.3085639454358562166862338467077608      
   65.2959279694032602858052318410071660      
   65.2819630561705343613763667562429780      
   65.2665294401922758913161620002224884      
   65.2494726566523569935274387189448204      
   65.2306219955281272304510049416627039      
   65.2097887930671293034087217402817462      
   65.1867645435768523828999086704574523      
   65.1613188126296802767999590793404842      
   65.1331969307976881616897330516659059      
   65.1021174448354105604987771591998000      
   65.0677693008011610213263154260681466      
   65.0298087309246348791651275225436557      
   64.9878558130635197090341909155398123      
   64.9414906683149988213667434889948434      
   64.8902492587265656997268591043482624      
   64.8336187430482267735751335768162498      
   64.7710323440448995858419683474452770      
   64.7018636759993436802904282521062330      
   64.6254204756333669488826756114119417      
   64.5409376737042597621254385789896067      
   64.4475697379346652783131705580746198      
   64.3443822106413544435760882513866360      
   64.2303423563686501617404284706212447      
   64.1043088259248725041319782563566390      
   63.9650202333760076656602518000567313      
   63.8110825316713139010788447856626337      
   63.6409550605518823068646020396292455      
   63.4529351271049318651432364751792115      
   63.2451409646408434797830122116253440      
   63.0154928993396466420611689819380541      
   62.7616925361764266557347829540591706      
   62.4811997558113980449608570027053384      
   62.1712072922217883874841261163902314      
   61.8286126366399277134888180885981656      
   61.4499869866027124562933719270941151      
   61.0315409293440944052169703381365658      
   60.5690865160784524799540543572034508      
   60.0579953476015280376047123520751276      
   59.4931522517155299568793322371774644      
   58.8689040888665103960627582983519989      
   58.1790031736236230618225479288033831      
   57.4165447457434117080761740200358231      
