   7.30621001319896550914286724442297125      
   7.39383389573159500024641735704546807      
   7.48303392066133812323798854209665528      
   7.57311843993640004019889119023678559      
   7.66297804327289553297762667528613694      
   7.74674803558020373377740260236817002      
   7.79631057535974836472106264976167548      
   8.19899889032811118357831345389335030      
   8.40770567201225905038432816950376249      
   8.52712592846091483079789606237398256      
   8.66650586415046098377593097483861868      
   8.84705302806793819724244815458877778      
   9.08018957862710355607547200401267612      
   9.37679890009006312848762758050189023      
   9.75073671319043077110206530002437621      
   10.2200593750509162984657169560274316      
   10.8045097181191642401049672931212607      
   11.5180326716895583794456151209675777      
   12.3583681508715550104760038925966637      
   13.2959087981231130805789562146722278      
   14.2620435407500660410039194040324388      
   15.1388030468713572656538873124827320      
   15.7537664444490334599749213475535586      
   15.8131957901225768186324950584804298      
   15.5165194943009807875086390889870118      
   15.2398369556778601638227361184272301      
   14.9811308130854727248130876097392358      
   14.7386559339907746786970883217821369      
   14.5108939885128864304182755499255506      
   14.2965169504458555987654735936147460      
   14.0943575237387095729243884082266517      
   13.9033849934493302553633486622927020      
   13.7226853635126251948277226029393932      
   13.5514449103735459729857745392018206      
   13.3889364795484447149134726981967652      
   13.2345080006482661582873541636181890      
   13.0875728088041008833793266340985817      
   12.9476014463073369537925973829360755      
   12.8141146843756848617207977200609696      
   12.6866775563191962472508992526433343      
   12.5648942334974908168882288161428376      
   12.4484036070944022126916924594789522      
   12.3368754637621230928074924457993625      
   12.2300071632063112141266198489371349      
   12.1275207417903767245493380214191832      
   12.0291603791940233506265202743103296      
   11.9346901756396338641433896467840014      
   11.8438921957691917365762424716542932      
   11.7565647422520378446310565256519171      
   11.6725208279736426595855664903836750      
   11.5915868204285190878457673024444796      
   11.5136012358907325450691721320884341      
   11.4384136642354751468647458088881460      
   11.3658838080427401194338571783057697      
   11.2958806219357079042960252166800032      
   11.2282815400551020008521103849399309      
   11.1629717812172693522349018799163014      
   11.0998437227099199420049762366614662      
   11.0387963348717832450984542216603380      
   10.9797346696187492125166468903360217      
   10.9225693969218000881531303082202566      
   10.8672163840815698297120806475689881      
   10.8135963131190775614271637210925052      
   10.7616343323539809990364292153791540      
   10.7112597385705958251881363395222631      
   10.6624056866675218940586028544243879      
   10.6150089240130015029604896206766081      
   10.5690095470635798906994008664359756      
   10.5243507780668844997282858648621332      
   10.4809787599155117565440941788472072      
