 0.14130242418268E-01
 0.14570449146023E-01
 0.15091325255168E-01
 0.15739915427419E-01
 0.16629989050485E-01
 0.18050372656650E-01
 0.20898722661080E-01
 0.60532065774709E+01
 0.22969428524960E+02
 0.35312739655637E+02
 0.46039945296905E+02
 0.56018828393786E+02
 0.65794908063349E+02
 0.75885871684356E+02
 0.86890061706460E+02
 0.99508845573242E+02
 0.11456528896890E+03
 0.13277829969352E+03
 0.15431782798281E+03
 0.17859994004356E+03
 0.20412130759586E+03
 0.22824635317946E+03
 0.24702169126741E+03
 0.25335369177849E+03
 0.25133625948219E+03
 0.24976264002744E+03
 0.24857538838127E+03
 0.24772380629220E+03
 0.24716325406566E+03
 0.24685455342978E+03
 0.24676344343009E+03
 0.24686007080451E+03
 0.24711850847839E+03
 0.24751630230541E+03
 0.24803404877553E+03
 0.24865500668299E+03
 0.24936474484743E+03
 0.25015082665863E+03
 0.25100253090050E+03
 0.25191060722134E+03
 0.25286706383178E+03
 0.25386498453093E+03
 0.25489837194084E+03
 0.25596201381401E+03
 0.25705136940656E+03
 0.25816247313040E+03
 0.25929185296816E+03
 0.26043646142390E+03
 0.26159361706936E+03
 0.26276095501567E+03
 0.26393638488700E+03
 0.26511805509146E+03
 0.26630432237544E+03
 0.26749372581223E+03
 0.26868496451519E+03
 0.26987687848405E+03
 0.27106843209138E+03
 0.27225869979903E+03
 0.27344685376299E+03
 0.27463215304182E+03
 0.27581393417041E+03
 0.27699160290191E+03
 0.27816462694881E+03
 0.27933252958575E+03
 0.28049488399480E+03
 0.28165130825435E+03
 0.28280146088716E+03
 0.28394503689601E+03
 0.28508176422596E+03
 0.28621140060082E+03
