   1.14266194644116798598706655865935726      
   1.11573919080754996701703195523876825      
   1.08929783377833348612879693614737935      
   1.06353691738160984854963193210029279      
   1.03874011855315575818192660811309647      
   1.01639660650386349457638666295737965      
   1.00351485309244218865351019569993433      
  0.907361634951875070639088507001821421      
  0.862873373613822392220405487906977382      
  0.838873961893341130760174861136220243      
  0.812108390098106008526427277696029438      
  0.779300234617173343609007590884345189      
  0.739796437937875844867076226484902656      
  0.693733814566623674570882893923974611      
  0.641545123198832017476336906267327589      
  0.583976310494744314903669171953162368      
  0.522506790409245913450448085069890188      
  0.459775108500433937013723463056032199      
  0.399374020807084599583171311036016092      
  0.345037273111433225561317534810855669      
  0.299873819838766229692105831638156114      
  0.266145415680545048178367083281907374      
  0.245772486080447637702121663512033813      
  0.243928627088481368552095198085090105      
  0.253345646047454771343424554575642272      
  0.262628241865554321067204139131855214      
  0.271777109453649885256018815827677349      
  0.280793019175528463574001163001478454      
  0.289676809902795622277371180080110172      
  0.298429382792915029979954355110901109      
  0.307051695708881480251581293535190945      
  0.315544758208543831877491823163418212      
  0.323909627036865057677462609741001293      
  0.332147402061898535125505027234753773      
  0.340259222600763187014076347179695527      
  0.348246264087902092977926870608024991      
  0.356109735043115272622108193436538321      
  0.363850874300839107487168909287540095      
  0.371470948468007612868992525788505864      
  0.378971249580190314675383977521307294      
  0.386353092930696988187564661477406402      
  0.393617815049220864852389506965171697      
  0.400766771811357420279611840514113985      
  0.407801336660960396680199611452138339      
  0.414722898931383261267093380756279503      
  0.421532862252505115418802213442111605      
  0.428232643033386185711573871914418451      
  0.434823669011036773636244656580416442      
  0.441307377858002154255656332147526927      
  0.447685215842579339543671063586340376      
  0.453958636536177184752294342579338498      
  0.460129099563771397424151708622703151      
  0.466198069394083119940811060501965350      
  0.472167014166938875604273204493358218      
  0.478037404555472384820508505193442877      
  0.483810712661588944367636596003624462      
  0.489488410943901140648375947444561063      
  0.495071971177193547820835480647589043      
  0.500562863442662205299373420621015675      
  0.505962555148423513798733847492152162      
  0.511272510082481584553774719980518538      
  0.516494187492067770362368245356271754      
  0.521629041198777657158746790344000101      
  0.526678518740898066917360796886581671      
  0.531644060548274144934788673841459676      
  0.536527099147727997479395140055876774      
  0.541329058400401259086304864994747144      
  0.546051352770419920455561743196194151      
  0.550695386625405120475806546488356557      
  0.555262553568791094269018356633824889      
