   1.21291462545294875232207797448879364E-0002
   1.21467807062061727680305452497262368E-0002
   1.21649437822899321386741186527933168E-0002
   1.21836459506293139391665695458511680E-0002
   1.22028987122404238521563223875835636E-0002
   1.22227147122010706728176377621848023E-0002
   1.22431078468406413429533356335247756E-0002
   1.22640933680714235039449293247612402E-0002
   1.22856879858784484060102983269347233E-0002
   1.23079099701278124448840012832696203E-0002
   1.23307792529775821589145266398586090E-0002
   1.23543175332843174656300211527710405E-0002
   1.23785483844990829723448230869069430E-0002
   1.24034973676469496643518120398930826E-0002
   1.24291921510860017990196437024013581E-0002
   1.24556626388559750983928005790674481E-0002
   1.24829411095549646943434534644194395E-0002
   1.25110623678335165728605914044553837E-0002
   1.25400639107755709018315670637176952E-0002
   1.25699861116511932658162936684992960E-0002
   1.26008724237858166861529592827942029E-0002
   1.26327696076045866030336982713301230E-0002
   1.26657279842882795606440880533686973E-0002
   1.26998017199330274447784032259199855E-0002
   1.27350491446549415757171111461482274E-0002
   1.27715331117428123529475844469901134E-0002
   1.28093214027596498510495604693394449E-0002
   1.28484871854565094862424878170008655E-0002
   1.28891095325278558686126176350318698E-0002
   1.29312740106492428466307898714092505E-0002
   1.29750733509558340811216840851952103E-0002
   1.30206082142161442643812015453841748E-0002
   1.30679880665217912758459341045160533E-0002
   1.31173321844733128739178214603919651E-0002
   1.31687708127466089331187614236788243E-0002
   1.32224465017769333478513873826854850E-0002
   1.32785156593620971229439146034574902E-0002
   1.33371503576088011394955844717989954E-0002
   1.33985404462916752929339429597790420E-0002
   1.34628960359824148999919726327329914E-0002
   1.35304504300718365603044538191570081E-0002
   1.36014636051955702199373523401893982E-0002
   1.36762263661591805768332925712696555E-0002
   1.37550653364271079821522307201189981E-0002
   1.38383489916798059672115160534031556E-0002
   1.39264950062384106724421596077936885E-0002
   1.40199792666427983925585452088951891E-0002
   1.41193470225988427138860816720155204E-0002
   1.42252268066251446794377761420872660E-0002
   1.43383479807474441673701013286664074E-0002
   1.44595630932947999952302857713948189E-0002
   1.45898767009814688010358590079866118E-0002
   1.47304830104225595694505896524057635E-0002
   1.48828157488287180911246960781637411E-0002
   1.50486153034504560528461711726120854E-0002
   1.52300207487567605977606939938940193E-0002
   1.54296985777422700647388304830138020E-0002
   1.56510270031850830271500814766284253E-0002
   1.58983669698854916138515560116456011E-0002
   1.61774733066280684338310192578159018E-0002
   1.64961419440217195881386310325800464E-0002
   1.68652750024929349591410137693383310E-0002
   1.73007316930054253416907105315187916E-0002
   1.78267728174368964643159570910610519E-0002
   1.84830663885042445446430293528776086E-0002
   1.93407568056504912975443575883336018E-0002
   2.05463177844643030251322292912266824E-0002
   2.24800491875608888822955689049870371E-0002
   2.67861094695179991538781476139438461E-0002
   2.20707177255038244036477261956095552      
   7.25585105086541671281814565728370116      
   11.6510859469958773134025407959291089      
   15.7754456723749745176029820324339375      
   19.7369376952050755810512020868156790      
   23.5852083792463757477021645191794003      
   27.3478956567462144653593933609445583      
   31.0422017295013647821811722646905343      
   34.6796891142862371584187773625768124      
   38.2685769884917753181751091815629626      
   41.8149281596136687734318693027077244      
   45.3232772780051114609147628599077620      
