   4.41693778739558980424605333456273231      
   4.36261558854232781366196653656336897      
   4.30946421439623546440469556734848509      
   4.25741917462707550467880214643586060      
   4.20641967130573196599658302255980782      
   4.15640823053604570174987290093582343      
   4.10733037036916431584807606715363416      
   4.05913430083103713236137821723829335      
   4.01177065233538733162370590665729826      
   3.96519222913625743121481856480112507      
   3.91935378480498079061393517269419691      
   3.87421181700397709488258593938113187      
   3.82972437908049130875058140114446031      
   3.78585090622089325317442143668089806      
   3.74255205409462707341971090617680210      
   3.69978954807850026938726793341471968      
   3.65752604128847112682414671451194311      
   3.61572497975878038863076671819620063      
   3.57435047319756892370687821903841768      
   3.53336716981421682357710102802278085      
   3.49274013375621432644581740793637978      
   3.45243472371116405388455475454967728      
   3.41241647122128452453879537160601758      
   3.37265095722095110600097294178137291      
   3.33310368523950636563202688908275166      
   3.29373994960720428340494986817486872      
   3.25452469685668523670623731046951117      
   3.21542237831812250076934985956996715      
   3.17639679165408009892393252502246439      
   3.13741090875784527480165546546213132      
   3.09842668703103472873786137517539699      
   3.05940486054154932307639672509516355      
   3.02030470691552042547598054191599557      
   2.98108378500009729274277646587662337      
   2.94169763730307188693389007549503796      
   2.90209944990618495054287666919546744      
   2.86223966087995111127233860259690541      
   2.82206550608538521058178794314591758      
   2.78152048847886014077409021853073825      
   2.74054375342792536308881732360883916      
   2.69906934780323183590151813825210160      
   2.65702533431753411561646991185876442      
   2.61433272414229511892743396867380251      
   2.57090417938363419379755542584119445      
   2.52664242127689372353600536130864785      
   2.48143825807193680997178044523307573      
   2.43516811565668556564795705891984440      
   2.38769090955121672490298285237250594      
   2.33884403194697136186665821680008734      
   2.28843813053119921602502799748960205      
   2.23625020787895591166241107359565889      
   2.18201433853279255596088967328586778      
   2.12540892752451000767630775600599200      
   2.06603881207164621542101253630501586      
   2.00340943151163570952961699098696947      
   1.93688834197870157878933166066971964      
   1.86564563596658690289003218232189275      
   1.78855728163340097070503636281565053      
   1.70403886985990374453245607078905613      
   1.60973746631856731545805037160459871      
   1.50190095847158140843635779742788654      
   1.37389525913882448549517360757419543      
   1.21188889909989483885367600423692718      
  0.976199564683329483291070306110591371      
  0.430510650541406334037338171156631250      
   6.37075386188557192274283411312298824      
   11.1240199855291323917394205048121955      
   15.5115763852118680490191200445564229      
   19.6867580528513533293594277258967205      
   23.7150583043236589156615037013121738      
   27.6318311986027398152989115830252212      
   31.4587669340472299886143470544115266      
   35.2103476970534014815046719266813246      
   38.8968417657319824952990695975451640      
   42.5258326557860330083312577498484884      
   46.1030392333623506290888483693752711      
   49.6327601742058915677451862679497010      
   53.1181080441528020441003931075683964      
   56.5611221156927520405816582878682883      
   59.9628091923084809893879529407877097      
   63.3231359286983233446006870950838922      
