   3.95115412613458617619774240292760457      
   3.86247238246794878674075019554849790      
   3.76985714986702366357394023383110584      
   3.67190967619953259812846707929678072      
   3.56665306937425250054226451135251146      
   3.45117945575278733146529012222723894      
   3.32123850180809739655295028666365620      
   3.17194780336764637782786750627730356      
   3.00029544390135121405715988393282648      
   2.79722385419841673309353935250765513      
   2.53719072665003725764075766238754486      
   2.15767223138891248025466997562323320      
   1.37044886547802479491663646865098050      
   13.8305900402320725530345558880650383      
   24.1834763657994157089379962041866535      
   32.0629219931611187930708963683975259      
   38.7019602438982121078793500856236742      
   44.5542785393778095079022895178733263      
   49.8515065906546371802082411721433848      
   54.7313651713045284750783980117058192      
   59.2828933467693196496887208384382368      
   63.5670058058788807313854841599646443      
   67.6274920781445030989276688458104729      
   71.4973365454333919007066044602627197      
   75.2023638071444626271247136012513212      
   78.7632798336040061636326178332560323      
   82.1967218603773723112776963345101714      
   85.5155782801538636418655453006873926      
   88.7284564775183349255682254667735793      
   91.8374014191783221400992501004686823      
   94.8295880633334330684738977067215483      
   97.6128167943296561779289435488812647      
   100.214947893345712278236843488312610      
   102.758770856492566562140725391322298      
   105.246619226785253520135379405461440      
   107.680715140788916013287909893014245      
   110.063171344178559774427457459354469      
   112.395994202727277816423726835053521      
   114.681087413601938328971650442488657      
   116.920256195652052610526757901005579      
   119.115211786396337447574531058058587      
   121.267576109026033018193167059917157      
   123.378886500615228390529467119793031      
   125.450600415775058271736284438458342      
   127.484100039463615977626101382894638      
   129.480696759191842801009193909799285      
   131.441635460769643054296599236055681      
   133.368098623348034756493461899287014      
   135.261210198857928210450028103518832      
   137.122039268508175333562649888897042      
   138.951603474807670549232926568880731      
   140.750872232092266116441082724183764      
   142.520769721782134819638013475542699      
   144.262177680943488753743258161853890      
   145.975937994264641132687829013845948      
   147.662855100505755839137469212939562      
   149.323698224959494425341651852524368      
   150.959203449569759991682250787697669      
   152.570075632204708241022275754384396      
   154.156990186240512536540790958032352      
   155.720594731138650665331076539684752      
   157.261510624129681751187450846488785      
   158.780334382522184083374337391869427      
   160.277639005509946015664568790012825      
   161.753975203717289999443449847526858      
