   6.74697110763060137791033227065765633E-0003
   2.40614063993740642993830748407786379E-0002
   2.58682301952416946895797561046018417E-0002
   2.78104590988655883939818824042383813E-0002
   2.98983010829578533437105536932593832E-0002
   3.21427181306789032038328751332131107E-0002
   3.45554849544966748276565585054699983E-0002
   3.71492516730687975634420117258877020E-0002
   3.99376108008250478987225406919179825E-0002
   4.29351689286129896648412133558691904E-0002
   4.61576234965331132437025357051270373E-0002
   4.96218450831561763244709450214242824E-0002
   5.33459656596986786138593767333160604E-0002
   5.73494732840738466859644297405548169E-0002
   6.16533137385516392385333562992801553E-0002
   6.62799996463579032101824530538434243E-0002
   7.12537276371711572422478737154515502E-0002
   7.66005041693090824059141125580365906E-0002
   8.23482806575817408154944541593119258E-0002
   8.85270986004821104226461754850464505E-0002
   9.51692454487082773910715418308345612E-0002
  0.102309422009169210110345886406247658      
  0.109984922234735930435506080842072449      
  0.118235826310336879274002701907303768      
  0.127105208010701401694049164636602533      
  0.136639357374448423345944933650803350      
  0.146888019813493443132312014388876415      
  0.157904652856254465968142095013162968      
  0.169746701808126555178894917179960649      
  0.182475895703544338590353973153945393      
  0.196158565020960452260166991485276728      
  0.210865982735649335581130994788010318      
  0.226674730395739112987073944572124771      
  0.243667091024726170836305681392271018      
  0.261931470779328008567085808124877578      
  0.281562851425335121076819379206985449      
  0.302663275836585024039457785672421309      
  0.325342368873756368554356224279659474      
  0.349717896160940011730284739232443893      
  0.375916363449057118852657197029822009      
  0.404073659437403881050223916196327894      
  0.434335745117312698928925259855279569      
  0.466859392906744755885157912286362833      
  0.501812979061329687911318506246053980      
  0.539377333076766387252114839595298298      
  0.579746648039985098148356217282192110      
  0.623129456142508838777267859810705216      
  0.669749673839458235397874172783023140      
  0.719847721421984020677129702111034900      
  0.773681722069891595157502021438567541      
  0.831528785765071156947762764050688443      
  0.893686383775182952723350226885412980      
  0.960473819760862340357249382555185092      
   1.03223380391842622683967311893429654      
   1.10933413694322944003188007329911564      
   1.19216951098604245658432814918409262      
   1.28116343517520609810063849611682621      
   1.37677029368983273587887257548879543      
   1.47947754479253338546509170596093530      
   1.58980806966224940438424782370921288      
   1.70832268030638688097924069909569345      
   1.83562279627410997844014025672463895      
   1.97235330033553717488581976426509199      
   2.11920558373122499586319946752680248      
   2.27692079202777609024298552825974637      
   2.44629328303335865690905142250128298      
   2.62817430862529530186578424251027748      
   2.82347593271362465463084549245392222      
   3.03317519790185415848597236981728240      
   3.25831855370089710976074905391130562      
   3.50002655939345252918461115032997267      
   3.75949887482648706312770680528266008      
   4.03801955251463942883237224508391401      
   4.33696264445875091638215153939502969      
   4.65779813700692860034916069753936650      
   5.00209822689944583114589982479657734      
   5.37154395132768419002789270813225033      
   5.76793218438975407112621123025751366      
   6.19318301172170130640032804201479460      
   6.64934749430980185357318108172582131      
   7.13861583152239228929538876474141091      
   7.66332593221581342750615563810931120      
   8.22597240133658176783682319220583174      
   8.82921594772114149071770852420718418      
   9.47589321673135970637150448377959323      
   10.1690270488909353054502242091769211      
   10.9118371627128156067723100376715712      
   11.7077512563129663134562077897489065      
   12.5604165180398083383756971406002624      
   13.4737115310247620555081128318018931      
   14.4517585500472414764963699511620809      
   15.4989361211424032260797218981795645      
   16.6198920046676540761705545872631087      
   17.8195563507705331378743928738491693      
   19.1031550620569350254285572106931968      
   20.4762232614093717546676070161049578      
   21.9446187629107907639372917616795838      
   23.5145354198242251899808188541966382      
   25.1925161935571062373337327748162793      
   26.9854657468497090744692473726150474      
