   5.76515550364715794772940131837967906      
   5.77086280060968966710149981257733551      
   5.77699051949251759813031360026920000      
   5.78353725007052375061034201407018512      
   5.79050048698498136421915702340496597      
   5.79787670339151890990529603817466338      
   5.80566142265478053487008389383142939      
   5.81384928729162005101598863950984985      
   5.82243412453057054006875106944752733      
   5.83140900799792508480199300004940329      
   5.84076631516064660367231738059520961      
   5.85049778025432072764124954430211807      
   5.86059454250204668149821494723138084      
   5.87104718948867480689090829812742769      
   5.88184579559576457710799357797322236      
   5.89297995542644183986488281864885787      
   5.90443881215862944678901718793457569      
   5.91621108075812845329435173214908295      
   5.92828506596258947602755130986075632      
   5.94064867491138762463648028099845025      
   5.95328942424516928076218521778640750      
   5.96619444143048139631506214404544124      
   5.97935045997762728142309375176817336      
   5.99274380811021738785589986550599711      
   6.00636039030807160890336422927061521      
   6.02018566097603534454953023949328205      
   6.03420458928018673874098781267852649      
   6.04840161392942489442664756373389187      
   6.06276058634944758953627909289536685      
   6.07726470027592692680275804420953720      
   6.09189640525767609493773073194307473      
   6.10663730086808671666293246533843401      
   6.12146800752217199306860103299460241      
   6.13636800861000406978908500049408377      
   6.15131545707865702639576010576139322      
   6.16628693746997096020056975732183216      
   6.18125717152441601692780362271237438      
   6.19619865146006104172512205017422687      
   6.21108117942837951080018751100339178      
   6.22587128366616404542674609381187005      
   6.24053147030532784081837419212522891      
   6.25501925275086406214770207218638628      
   6.26928587485563357793370613760683000      
   6.28327460454725706203458130214208215      
   6.29691841200512426716439043893301839      
   6.31013674473571456302816169090555286      
   6.32283094098448043800405905981897534      
   6.33487752518167902611639102328479878      
   6.34611808832021841447487301196036776      
   6.35634342528028827283207170237628462      
   6.36526752108684765717874843189906768      
   6.37248248325919367678488574680613471      
   6.37737493428682157564017580738966455      
   6.37895648900220252305802203263987312      
   6.37547499533325249150804046744595231      
   6.36333950861111648585038962725793399      
   6.33300329531692001158209359737589771      
   6.23394971406301389776353392623705467      
   6.72797845994023687664464665673535353      
   6.87903912155392438457554994384911037      
   6.98220141516871629374327475192202148      
   7.06938192277732062709085795674586970      
   7.14853376650646545213861992565045125      
   7.22280456531258617538890160640584462      
   7.29369654009924918439214727903360776      
   7.36198710258896624059472818516391986      
   7.42807065478385093483263081232753230      
   7.49209417545358343923788208534005848      
   7.55400420449196596785408466727787933      
   7.61355437604032120640573584119685190      
