   72.4479686713211523636435429302469931      
   72.4427898225568931458862647503594020      
   72.4341425365726917311168760253703463      
   72.4220180478594764363145460366349114      
   72.4064090238207170560367353297131835      
   72.3873103893950294067708788639832023      
   72.3647200088617090895260700522391146      
   72.3386391723111656487016216489814053      
   72.3090727422434868782855009833910760      
   72.2760286775068207474469580034132537      
   72.2395166053845834120075669827898585      
   72.1995452494488650728933416548781055      
   72.1561187734116199109870273197477055      
   72.1092323854873708108510932811413851      
   72.0588678295947253134431488382409541      
   72.0049895901422568880910972998633517      
   71.9475426253111745850836066057395572      
   71.8864521609046880006486478469772867      
   71.8216256118673160082584967901416297      
   71.7529562309169328696734365685065064      
   71.6803277711726182574839147800847109      
   71.6036193585216470331272422219251881      
   71.5227098740295076233527199946634859      
   71.4374813695976999665330983777189266      
   71.3478212966691480780927051192256625      
   71.2536235541506690279043032659544196      
   71.1547885236945449354294616524619498      
   71.0512223499168285384329927810693136      
   70.9428357489703252035177016111632986      
   70.8295426081490491767384273330002310      
   70.7112585903010711982026807205934611      
   70.5878998957157707746734915507983123      
   70.4593822726736459322282258128970836      
   70.3256203135937298020791947460093409      
   70.1865270306358294998396641864332446      
   70.0420136739423570941502647463864006      
   69.8919897368358749078502959741529363      
   69.7363630835720979316272076602037128      
   69.5750401345445053068608344730115378      
   69.4079260489274892909575841709511038      
   69.2349248535820988063015194764836704      
   69.0559394778825476365029291587132547      
   68.8708716655625712530515112442542678      
   68.6796217456994661523638222616367983      
   68.4820882548410993220904859813703610      
   68.2781674106144015918901793282147321      
   68.0677524437342263121686988823706615      
   67.8507328001219970222631554407421472      
   67.6269932279471774727863538198692697      
   67.3964127659897659674294101126142737      
   67.1588636500058313655427722691824194      
   66.9142101530055845257044956651739242      
   66.6623073737497972144855426373468580      
   66.4029999855627944304679318344420890      
   66.1361209549331787146717604542896519      
   65.8614902364938897433171422250158539      
   65.5789134479625541633020575832100530      
   65.2881805255790587965473251186652831      
   64.9890643575600903006396329029369587      
   64.6813193901342264003980503542810885      
   64.3646801978292044439871054400079068      
   64.0388600068457243551153522412000208      
   63.7035491575261371660193069614644751      
   63.3584134890589852982510077247196559      
   63.0030926265794083226925367743319185      
   62.6371981476384481468660901118150814      
   62.2603116015139771734627946315296913      
   61.8719823508897192381247329643253483      
   61.4717252008858842968666933253433401      
   61.0590177750956393241902245610065828      
   60.6332975919396419567230588915067948      
   60.1939587870247719683149992448395311      
   59.7403484179318523234221136259168341      
   59.2717622765319564605536876861276656      
   58.7874401199943940923134368409313005      
   58.2865602143884777592931546290335182      
   57.7682330632895938318149899012480443      
   57.2314941668690919993996163672042158      
   56.6752956229995829355631839876769844      
   56.0984963388202761601771082970392356      
   55.4998505661350001665042378032106486      
   54.8779944030749330151440922437160352      
   54.2314298123160719580746428918066293      
   53.5585055853751269016932698121370759      
   52.8573945226744473742021182485929478      
   52.1260658852780576086149919686426527      
   51.3622518849298395394617814489290371      
   50.5634065826872070487283046433214544      
   49.7266550158990755918272699222816522      
   48.8487295969112516388743302074540151      
   47.9258897136791569394740686229460083      
   46.9538188364855560007031230412812618      
   45.9274910104005976278998235071766823      
   44.8409949127536653660084481440327007      
   43.6872978568436022479242534606203137      
   42.4579227615539306824330397689300242      
   41.1424954619877935527286678691749229      
   39.7280925305289252941821019060357405      
   38.1982702229708403962816073851804471      
   36.5315598451851782175518123777380135      
   34.6990191813006406953961235430419441      
   32.6599949694209511754494428838469271      
   30.3541848611086451458262389542988608      
   27.6851036221101363833794862896631415      
   24.4800158136121086546582100777881481      
   20.3662352546280572245636584644468060      
   14.1445229491874320856859151764476765      
   1.17093098796438564016782993928684265E-0004
   1.13372311897182382816176612179492651E-0004
   1.09716714007801658127768972233068638E-0004
