   4.39223320424213755558849242728741730      
   4.32592825753916374442643897060226771      
   4.26046652442565347124647493638566071      
   4.19579516442318260334069491437971934      
   4.13186401485222089795494847714546244      
   4.06862513519648671680752671622632131      
   4.00603238322090101675460490284412885      
   3.94404101723314214112154087647824965      
   3.88260731905429851535218256466502077      
   3.82168823233439253491107379293895345      
   3.76124101080676000174654408327578569      
   3.70122287090998605135308356285446368      
   3.64159064290073144666988604335651043      
   3.58230041410682848087855718839047311      
   3.52330715729413845234372214957424844      
   3.46456433619144555018233102696306746      
   3.40602347896826980529855424839996011      
   3.34763370879907288861074533650364043      
   3.28934121844815389752201417197499352      
   3.23108867289868377693056961109307612      
   3.17281452018630890028159578412812054      
   3.11445218544423951454542450828976665      
   3.05592911624154452164148051100917907      
   2.99716563791056312105650321706025314      
   2.93807356470618619878217668414948897      
   2.87855449483539631050480673818293908      
   2.81849769240768780982230059563850620      
   2.75777742378223799737168359761227155      
   2.69624956432830717032364612010157997      
   2.63374721584878305314070052158556569      
   2.57007496116544362922487369933993414      
   2.50500120783599029886794781804857482      
   2.43824779854061755417809496051553765      
   2.36947562206025755813896361063200401      
   2.29826421852123914402802996825913809      
   2.22408209076385982473149842264672898      
   2.14624211442716404469376846321388662      
   2.06383201352349618188816395513165986      
   1.97560084766584515659896745878295462      
   1.87976248468936816200777073887891264      
   1.77362791645213970984425787407092010      
   1.65284014857299564846965583321723722      
   1.50952145508078435338107798087963544      
   1.32661400578002273284621324614709920      
   1.05105236801546032919025872720147247      
   2.01623169093078309534243938702498310      
   9.27962116068691098580489125498354151      
   15.3211535155238498280072831067107584      
   20.9475910245973709366383677833094335      
   26.3574905205545033468190111886888139      
   31.6474297808765156948605567586878466      
   36.8802541626451465821157817271307205      
   42.1045727036313548224217734681021836      
   47.3599361255546500555725585203579188      
   52.6752788446243055411734167959706944      
   58.0642579452284704193799279417399879      
   63.5205261300335341487270624264694840      
   69.0146242002116104308014087718293863      
   74.4915826095170205690185142916710750      
   79.8640803354141703958536073886837746      
   84.9744587997494980131312485977028851      
   89.5124088094372299274317231980054183      
   93.9430504078548795514096423343905945      
   98.3262890284123048981873431757488536      
   102.660203277316019429149608315990729      
   106.943462517678829327910693603033951      
   111.175217387769569060054235359172300      
   115.355000868622586858493296580300671      
   119.482642539983288727505625455998813      
   123.558196576743523253659482687810669      
