   76.4659051322225079325677167927289869      
   76.1146688029965857382359549452780976      
   75.7484461331973653822250230407794292      
   75.3671972022031348334622858754158502      
   74.9708939132628299076160238056315149      
   74.5595171915945263328365573665416640      
   74.1330542080895183012553435151107870      
   73.6914956331044408746353652279020958      
   73.2348329203191347421233026380914529      
   72.7630556165078202642878530434987488      
   72.2761486892482332843459106021543105      
   71.7740898610096539734772246903041392      
   71.2568469345983552246473799771305566      
   70.7243750915301035301567774944721809      
   70.1766141413965364391647349548511691      
   69.6134856965988941674951870810849882      
   69.0348902427694950135429732917811735      
   68.4407040706383308429982418761371193      
   67.8307760298328356769549285630303553      
   67.2049240588849905440499607786916331      
   66.5629314382789908868790393209328251      
   65.9045427043630414227870537972657670      
   65.2294591509230935685008410915790382      
   64.5373338316080118044703434047589417      
   63.8277659594990845135636549079820308      
   63.1002945789808487533264604459190120      
   62.3543913584559369660702368417376611      
   61.5894523187237520301512877310429822      
   60.8047882687947178174648541771682711      
   59.9996136655663766857038433136486759      
   59.1730335420454965684902620509863503      
   58.3240280550334357124834888921994530      
   57.4514340794617651238931011542676074      
   56.5539231117340905350818819217995502      
   55.6299745223947276893833158219299899      
   54.6778428959429130295091494381072394      
   53.6955177781848560227366937302323428      
   52.6806735676182588245165687646093270      
   51.6306064582533664872917812649003906      
   50.5421541445991100762268797759495864      
   49.4115922409152067389091418395782011      
   48.2344987302168568088735844079976082      
   47.0055737166174203947813175085738747      
   45.7183954010588041229271121109752932      
   44.3650829247038964394292970844561857      
   42.9358195502248979145561913895226273      
   41.4181598248695498611460576592785863      
   39.7959901508820010989213648295899620      
   38.0479080300432771658798240917587410      
   36.1445710528152403329245535941674522      
   34.0440871076210632478161819750377404      
   31.6833214736684461828069677228623152      
   28.9595710717763658644228385594658002      
   25.6852034127692835209902334423295684      
   21.4428516018528027196180375450042915      
   14.8013243613377933457458586552373900      
   6.53844308716318716627548221193408765E-0004
   1.47331508885734694348771778893284491E-0004
   1.14902233856062070860540313079601792E-0004
   1.01924711999663052601597627537106404E-0004
   9.17947195380407978464369063168954201E-0005
   8.21374503050121151541015570636417313E-0005
   7.45039800536181163071491609580891888E-0005
   8.71597222384410348083652879448236586E-0005
   1.04188831610496694018709972804351620E-0004
   7.59412812480440009093669839622126580E-0005
   6.67296076101452328994911674974361936E-0005
   6.00608787807407678871571834286396532E-0005
   5.53975536445712319789537151677369971E-0005
   5.07310605668178513238521792614966901E-0005
