   5.78551408603777818855740491555911467      
   5.79248864925201704558273555375418453      
   5.79989566242381083752612799556868689      
   5.80773100026174771541566452389709563      
   5.81598955859095152243597494703826976      
   5.82466532916704137344864754031952925      
   5.83375147049732294914027896570466021      
   5.84324037422402704284391896410196161      
   5.85312372674795927398675745491438536      
   5.86339256587070853032870297164114782      
   5.87403733231143415255230451041844338      
   5.88504791601144545377844086264977826      
   5.89641369717927209148824722946804040      
   5.90812358205067794119328117138255592      
   5.92016603334481048279931952636035794      
   5.93252909538890789792637172921859625      
   5.94520041386144756475472807066922037      
   5.95816725006634524346137166074325756      
   5.97141648959855660455725439187636675      
   5.98493464519314558466242896162654160      
   5.99870785346344327700828143934206847      
   6.01272186512610390013209148365803189      
   6.02696202817762225621696083716179796      
   6.04141326332284443927076840307881077      
   6.05606003075244173893681001208676013      
   6.07088628711323901315493491487028654      
   6.08587543119849236327458271642683715      
   6.10101023648467228325130274231489350      
   6.11627276813140595287352987295201526      
   6.13164428140506207043873937738356818      
   6.14710509763460043985709799943651763      
   6.16263445268957892735403985057031374      
   6.17821031148693573790112058583302455      
   6.19380914004044047561809644192005411      
   6.20940562386064663103414926292469959      
   6.22497231778538535214167323320405197      
   6.24047920711637790342774752374206934      
   6.25589315255543875849737720842008772      
   6.27117718078886508527309883016406909      
   6.28628956693354247039765410296572515      
   6.30118263162487662675818807939425321      
   6.31580113961220162624653306207355838      
   6.33008013029623264827943381825355212      
   6.34394191947546826972986214496710886      
   6.35729185959569026117718488791859637      
   6.37001218333934387511314905211604509      
   6.38195278342214088928622844805904350      
   6.39291689227434612977124228130448812      
   6.40263785612655881171039165837229255      
   6.41073944048468869186106631787430278      
   6.41666345077447958030225671226056408      
   6.41952631809423058763856502490318447      
   6.41780090424237313678362457533155065      
   6.40848142111406415889115402067686049      
   6.38417894101387959194190720292911784      
   6.31463129362236766850545246156775544      
   6.71320476059488597537113977813248491      
   6.89595054451354601588218960476028773      
   7.00620834970603098496733024929933523      
   7.09674392006384838137332435638468412      
   7.17798504327802053125996347067324325      
   7.25378496731162597856678933684764169      
   7.32592703618356822089019905799486445      
   7.39532356734297200351661222455731913      
   7.46244226293186929565386457641117363      
   7.52747367299355080986355276995405972      
   7.59039099059176293047572795857227681      
   7.65096227482228947302137427140638200      
   7.70873994892621661404541568953307304      
   7.76302197801366672776845519900430169      
