   221.197285622050877756207500904539040      
   220.446677541467167015863332330384352      
   219.666542081637543033604525041202068      
   218.856203797037803077218644330261354      
   218.014968098883270174326767975105827      
   217.142117372657305956201303824978498      
   216.236906999449991214541755071520291      
   215.298561260154723863397597225967697      
   214.326269095171233756268089290866698      
   213.319179685934428910028466538860839      
   212.276397818168125222036614022871637      
   211.196978980076540400243553695772440      
   210.079924141486284461552834387522646      
   208.924174152033289425620413760816639      
   207.728603687520433207153164315475688      
   206.492014663256258291541410867951656      
   205.213129021096405050530422511129463      
   203.890580782579852298825603539190017      
   202.522907243405154929948240194295616      
   201.108539163797567163564744411632766      
   199.645789784176455255535151745790117      
   198.132842464830354966067291485324792      
   196.567736710588404895922314286070366      
   194.948352294885385242741787597571727      
   193.272391139771839877601031154863628      
   191.537356536170344110050067491495510      
   189.740529197881285689589836067801761      
   187.878939528009123035895934941910694      
   185.949335330212553955469441579797566      
   183.948144009491543983843251359725093      
   181.871428064405534437761692599148950      
   179.714832355791311819417399426614158      
   177.473521219721313532828425555808957      
   175.142102937301459377242717121278840      
   172.714538327291155848612568865783371      
   170.184029211731461059105135129855769      
   167.542881105055201997334776957696030      
   164.782332521835681126830126650710260      
   161.892340525644358669836413899969431      
   158.861308144770144182219292166488503      
   155.675733414692708664621295103359536      
   152.319751024463458257154391725794515      
   148.774524098367384619414850322776555      
   145.017422537965705407807225998919060      
   141.020890263753919327263643312169609      
   136.750846818296093746493226726538617      
   132.164370189274657584683958971829652      
   127.206228840178524701182954683390187      
   121.803488149788384864455549598115706      
   115.856713603841924548413274839966189      
   109.224724729227371643642108451078687      
   101.695958022427336138750656051861819      
   92.9283807054588159055511926066668969      
   82.3015744341337543634865508019496473      
   68.4475008159171988673587954888205201      
   46.7324529995793674690863625636378347      
   2.19469536298113155373636187773350716E-0003
   5.07995399462292254368133471306845395E-0004
   4.02514495121108541234844590462580014E-0004
   3.61666790093933769241074440735741398E-0004
   3.29450561947978766579168087791691839E-0004
   2.97903701137901304492987596347508242E-0004
   2.72905360889041125470809036689218273E-0004
   3.22287173996505161310120342993056084E-0004
   3.88751570167831212692188287439441302E-0004
   2.85822997644025019914436990254154512E-0004
   2.53251906204884958270312157053979623E-0004
   2.29761758872061080620123132810065535E-0004
   2.13522667426344691925404821709558172E-0004
   1.96913169074074722471986287653268793E-0004
