   50.0530234229480080346107800078729173      
   48.1570371019323092906212754065168838      
   46.1215539919596171906113077649997061      
   43.9062630436551092172916309513044567      
   41.4452970672169339184174972570328656      
   38.6203233461670031538753834044607662      
   35.1963394289726519665762094330564528      
   30.7369527714134941740688905286270674      
   24.3768468484568962067390204459211532      
   9.31655412364198648052712748815911904      
   1.25068049070058608483804000292753896E-0004
   1.17464173062811951518024552441513933E-0004
   1.17211725336277485680113092049243150E-0004
   1.06349657349722100064013296737467988E-0004
   9.27123394480184598303454399217496391E-0005
   8.34403018475878740429065158924361607E-0005
   8.69251328557252943238393315560641089E-0005
   9.16989479975266258981909465380206719E-0005
   8.85080776198607711968393374390554446E-0005
   8.78706216492297181218752663764960182E-0005
   9.08035028937083486930678424477132486E-0005
   9.14164832965468578831356768218293743E-0005
   7.31172186205086069426505722848372702E-0005
   6.18340017924185048928082752357352029E-0005
   5.20460622399138900013893783345271625E-0005
   1.55193231098020764876749426643052947E-0005
   1.55191726000970912123606357460766989E-0005
   1.55190110582681702422109427660523247E-0005
   1.55188423335703492381010967952801780E-0005
   1.55186697553679473926750200875380698E-0005
   1.55184961130638857595957237304058734E-0005
   1.55183236715524472504368487642611085E-0005
   1.55181542112901563616490273435645171E-0005
   1.55179890829097455487204561103465067E-0005
   1.55178292681642500276227425027498269E-0005
   1.55176754411582565100118081919142544E-0005
   1.55175280258730120590893790916413280E-0005
   1.55173872476941185439908840979147857E-0005
   1.55172531779309274988933289056102255E-0005
   1.55171257711966164168434467546010484E-0005
   1.55170048960650497423632132053443484E-0005
   1.55168903597161747027274036239921757E-0005
   1.55167819274021515710669652891049107E-0005
   1.55166793375743275665777054363345955E-0005
   1.55165823134536695575705169673891393E-0005
   1.55164905717372505774223295828651994E-0005
   1.55164038290322500389990990159945805E-0005
   1.55163218065095005849124569641979288E-0005
   1.55162442331778428972007144508965025E-0005
   1.55161708481014433032690019766007714E-0005
   1.55161014018155114958039342273533557E-0005
   1.55160356571408640654324321066116072E-0005
   1.55159733895532619913287369667296068E-0005
   1.55159143872278876399283083046731004E-0005
   1.55158584508512093450720102902429473E-0005
   1.55158053932704535383642381299933056E-0005
   1.55157550390337717099029167407764014E-0005
   1.55157072238608803841834388953961124E-0005
   1.55156617940737903449951701469665730E-0005
   1.55156186060093724524198063229741245E-0005
   1.55155775254295523244695408586628796E-0005
   1.55155384269403908199810879613590411E-0005
   1.55155011934278585880022231922793236E-0005
   1.55154657155155719937411609637708166E-0005
   1.55154318910477914451725844825774305E-0005
   1.55153996245995821841832165272017281E-0005
   1.55153688270149813980405317285173880E-0005
   1.55153394149732591917785174301387122E-0005
   1.55153113105828212439586789162813546E-0005
   1.55152844410019266344530935782194018E-0005
