   1.19397151990113310158991273943303687      
   1.16800528253905574109146897429718210      
   1.14230713466253644398003273530124166      
   1.11697757198240191170153750744219091      
   1.09215045491925570370617458722158885      
   1.06801831345316077033419994117979500      
   1.04491867051342935070999780472104770      
   1.02401039094592815037412029069721125      
   1.00967838340911534147738212555274557      
   1.04448180898236068896562951516209125      
  0.867840827616331181760730862179870792      
  0.839649460324305303180933214879937443      
  0.812764351962610689697897910086739714      
  0.781821949161922818593840199717134140      
  0.745614559459450637059236559874821692      
  0.704051611110935183379141314243966934      
  0.657452736435912048918403087047898313      
  0.606468118749699140453867860628328281      
  0.552346858343358113394387110927567381      
  0.497222055251390044276094255818020508      
  0.443970265389318990628573640791991707      
  0.395641788604059122307562177509723253      
  0.354893965083544355329092791619325821      
  0.323789757857270722166025902744925065      
  0.304144034418204159803736330463633597      
  0.300267249858123226277813371701426185      
  0.308710061266010404167271067511753897      
  0.317021214365229282210635740779784791      
  0.325202281500990561443227239655982165      
  0.333254852815992953024371988289453282      
  0.341180531863921704491684101580968714      
  0.348980931864604384022071021728610947      
  0.356657672519406386039337605361877175      
  0.364212377313458738684216383144282518      
  0.371646671239210309561648963311129296      
  0.378962178882939972039626871358314968      
  0.386160522821692034674119585709155131      
  0.393243322284363409527692227565166075      
  0.400212192036792920047862989401233309      
  0.407068741453819275097225549764252942      
  0.413814573747965332072662333633326155      
  0.420451285326692176317860480328723916      
  0.426980465254872025226690074154168014      
  0.433403694801743766882236276268627686      
  0.439722547055211808642870131915277391      
  0.445938586588162185982844085932878142      
  0.452053369165011731866193711503579144      
  0.458068441476964263966664207624976996      
  0.463985340898394630192212669379850485      
  0.469805595256411584828145906325159105      
  0.475530722608677402142905084631272036      
  0.481162231024574779849368110509025242      
  0.486701618366197404485411293938635853      
  0.492150372067499563598777470570410367      
  0.497509968908746633302349578200161218      
  0.502781874785312853601391094802025345      
  0.507967544472589603889163178570487299      
  0.513068421382723675114760830708343239      
  0.518085937316915723974272003204269475      
  0.523021512212492161212070358687297074      
  0.527876553885494194584544170564319730      
  0.532652457772003400914220193465904600      
  0.537350606662417895831541196429769478      
  0.541972370440434408060489150802144967      
  0.546519105819163410795514080576067809      
  0.550992156079454255978436723103924788      
  0.555392850811019212857290995814415614      
  0.559722505657764210328661080370632820      
  0.563982422068462054022886407314802613      
  0.568173887053686704006813171861223500      
