   62.8713418765806142455818863932944491      
   62.3466333134709762810956922756608863      
   61.7901111700555839280799555871656891      
   61.1986834324032308826905859643200787      
   60.5688314412611075445166263055428735      
   59.8965231756849173477258424754149279      
   59.1771053207226056366366269442688064      
   58.4051675631646023772997847235044623      
   57.5743701519126608610739063120150604      
   56.6772224499440139059651841898899791      
   55.7047957200709139775278914388387988      
   54.6463474689870351729985755423099917      
   53.4888271780234586075653797447240290      
   52.2162240875720235465437115964450313      
   50.8087055907015612164370196062318713      
   49.2414705707836764637520804870457214      
   47.4831644637137507080984250989198773      
   45.4934387787665139729168577947989864      
   43.2184959753103343609267464881885586      
   40.5818818998349133782492722193029800      
   37.4649055570071307405831244684418268      
   33.6633242832710309121865236483954555      
   28.7725761437147959712969506006297106      
   21.7316252899181881571511793378256055      
   1.35431863071134809278950210116779472E-0002
   1.09840920166257314314403632497637426E-0004
   8.28055395981076522169763144549591249E-0005
   6.38236013488468162490748289310331417E-0005
   9.04292765469692211445713719900359603E-0005
   9.97721843898790913464368633588538002E-0005
   1.05731601905475133805279474965857276E-0004
   1.09135200348983078324345310291939793E-0004
   1.10592676657524093905164499239003903E-0004
   1.10423047166457001954506023960662622E-0004
   1.08891027351401771762980026603888628E-0004
   1.10258102515438303521809239853576675E-0004
   1.09484176488845764534815390362522034E-0004
   1.08888893008805979007318451076546633E-0004
   1.10673077693337695628034205294740266E-0004
   1.10106442960231279298749668563613863E-0004
   5.59055968124392925610890610040115893E-0005
   1.02141777682288431851367449357795611E-0005
   1.02029125189895176354788843682271414E-0005
   1.01935762727058978727180325503216556E-0005
   1.01857624255273252156489078660259160E-0005
   1.01791643624995855067661872490514182E-0005
   1.01735477056364934746663046502735852E-0005
   1.01687310625716811827574665009168318E-0005
   1.01645724483021616577889597630649238E-0005
