   25.5609701966351035855553402224603038      
   18.1244481185044916976391594068474116      
   14.8101904357639285158160420380408858      
   12.8299691710230762384455932909222828      
   11.4767693855534822774222736643587531      
   10.4768674322976589209060057780556831      
   9.69906242336382504866376480821648126      
   9.07156985495065898255873220505773951      
   8.55137486930354573268590907145333869      
   8.11092512527557798190862888037239717      
   7.73164652549346085428456616722690193      
   7.40049862178039301178563616982623032      
   7.10801735637938365183329002771136736      
   6.84714122638472450393396366545960436      
   6.61247547924427515271688512503122284      
   6.39981364179131659227376641329307419      
   6.20581665855506839844414815217359664      
   6.02779203468061539930435521458046858      
   5.86353836491720852130528216624546809      
   5.71123371362495944661294840426242097      
   5.56935404442656296305092777151126392      
   5.43661262743743477186565968583051759      
   5.31191433195540430159473849152976702      
   5.19432063913356996056516656791771527      
   5.08302248192105906081047327293403747      
   4.97731887569115485390331885992553480      
   4.87659988768102774618192047412484746      
   4.78033289802970846425347877483448334      
   4.68805138859505595225856792959849097      
   4.59934569638224985719125550942755907      
   4.51385531191493982660593948822070278      
   4.43126240653055073098722585061209418      
   4.35128634810141629714377554478675941      
   4.27367902020882305959865690520104207      
   4.19822080099476757537621646349622709      
   4.12471708871454845711682471839862279      
   4.05299528429262301756530160559122937      
   3.98290215888168984885960441385816951      
   3.91430154810234369944971671394187970      
   3.84707232520091718815707673319818051      
   3.78110661370709072867263442770443080      
   3.71630820676790352020564407295102559      
   3.65259116560797677509155940370546402      
   3.58987857384100813141743773559467107      
   3.52810142781673131523290170699331295      
   3.46719764604390737365792936094981598      
   3.40711118305539133596742164124755194      
   3.34779123503187174459201377721685647      
   3.28919152608163638853344227056532424      
   3.23126966542861823291920612224252910      
   3.17398656684447190397065129870201570      
   3.11730592256647094337266775460629261      
   3.06119372470458701872506140578173531      
   3.00561782772641312611398731059702062      
   2.95054754609944553830570375157259845      
   2.89595328151511122217715883073006866      
   2.84180617440385110493783592027407559      
   2.78807777457642093651108291088706495      
   2.73473972588307493667576207614191098      
   2.68176345971820153869467700517890323      
   2.62911989200167948094131495211816626      
   2.57677911792038043067757823870015979      
   2.52471009820416895016883593158406383      
   2.47288032997797118286867435913501986      
   2.42125549419940495032014700473878841      
   2.36979907036926204206251506139217539      
   2.31847190734323117385803311639464815      
   2.26723173664639802686726017441724581      
   2.21603261146328142995314710312178537      
   2.16482425008240669259394686732872552      
   2.11355125666965048691358317807138229      
   2.06215218421888464841924894071082514      
   2.01055839341571604478026561739837599      
   1.95869264569750504200245543965801250      
   1.90646734698480341204188115158343626      
   1.85378232727169679044315764603688500      
   1.80052199567795795273289521564479187      
   1.74655164299463810556173704462460464      
   1.69171256139026811489115239392437988      
   1.63581549247740475004029587122415139      
   1.57863166319407205223182258795578114      
   1.51988025715163564371062073867526554      
   1.45921047221872259074583913464191879      
   1.39617508701523807445927052860576699      
   1.33019018556137887164382747432605392      
   1.26047121365168443133695437056168965      
   1.18592601353218568064886662338442741      
   1.10496308576233466525464404853270565      
   1.01511366769986446910332253774606511      
  0.912180228264002638490829605313185551      
  0.787903694619113767882657086300334385      
  0.621080377303038260712665149828866388      
  0.288685953487858802419014375633265442      
   7.34774213357874979496137814685671439      
   13.7889078448905293678301392906801987      
   19.6617159454741546931807974075970481      
   25.2556017588099562013613415039631829      
   30.6943689130999235444563189635127956      
   36.0534864788161428590461066685261038      
   41.3893709477152872646631525266763074      
   46.7476860576841517800833793727795132      
   52.1627814128451554135909728622532508      
   57.6529722994198370746280759541713634      
   63.2153420452358828957008609935668068      
   68.8223732964768866389688449371908154      
   74.4199943749963169053648054486534210      
   79.9228759665012331548574954269313175      
   85.1904526685855985830967950176115213      
   89.8627698342668237170512594786445608      
   94.2791313750738490520954928728790407      
   98.6500398737978755255486045587525564      
   102.973099425500063921969002488040304      
   107.246566673049954600364280855356146      
   111.469242662600169692795523654475786      
   115.640370998115429031630708409835593      
   119.759546752567605244457639186371545      
   123.826637990045863416684046563339189      
   127.841720075896941756841769901141314      
   131.805021967753123555222012448416232      
   135.716883177983023574466804761180209      
   139.577719913670339340389206381828869      
   143.387998903277636047652686020253976      
   147.148217531639797173118737637647298      
   150.858889064880979411105466901141427      
   154.520531922635412407011111052598307      
   158.133662125702491184344148458437079      
   161.698788202742209272080472285408412      
   165.216407975639110384693820052793932      
   168.687006758806741851341885591193524      
   172.111056604013479209326062012966929      
   175.489016301442670877989290723023990      
   178.821331911698185551893346538037796      
   182.108437655338455361526891421420292      
   185.350757027166556336563752092318693      
   188.548704035638579151146876669587014      
   191.702684492771563310610175704938874      
   194.813097300483870529073400687281792      
   197.880335694553281861646972641498276      
   200.904788419575782880772796940155335      
   203.886840817499007660034911522189930      
