   2.63832749831767334627303024877432574      
   2.63841925767092640733337408697817459      
   2.63857210103608860417433120722422190      
   2.63878583732981973741224089081067399      
   2.63906019436988250598517538676908275      
   2.63939472865302995938460436630493903      
   2.63978828765449652465816144929406360      
   2.64023751539492463416090429082363718      
   2.64073451348918922641211013324216549      
   2.64126451160754132849987467705869311      
   2.64180431765395745447650708576200919      
   2.64232160630272092959293224254756043      
   2.64277449562194347023845981100630750      
   2.64311078901184545306758757696238083      
   2.64326665788681309797192360615522011      
   2.64316505120431755151009444537791734      
   2.64271441833543115995587520818228288      
   2.64180831590994014008096362594619114      
   2.64032622226548097822234271416790473      
   2.63813556149155833540995387396036234      
   2.63509467274528738332810975045221253      
   2.63105631288290011673925968459876139      
   2.62587125486176961853104087324308656      
   2.61939160842542830735645271501508257      
   2.61147360042646787637201556795304841      
   2.60197967249951505128132547879538478      
   2.59077985926892982400911487613686387      
   2.57775248952858764771535675875223820      
   2.56278430448590468469729602062880127      
   2.54577011567624736579868028144098018      
   2.52661213761803951462952478334963181      
   2.50521913412274001928970119385659554      
   2.48150551914652237484066539149978726      
   2.45539055925617479141857451349409647      
   2.42679784057093281008462616911715823      
   2.39565519439718978109063930751061180      
   2.36189532910536922483585069247624561      
   2.32545750039991721466424261324958865      
   2.28629067941524660230379075287250162      
   2.24435886523681903558003871598443682      
   2.19964945914517209379836522562468856      
   2.15218600861361816697647300901069410      
   2.10204720190450147114014175266588109      
   2.04939487500179863364272083399709943      
   1.99451528375154054997953282412212814      
   1.93788081104179374405841213985937152      
   1.88024597631504158339418400244092905      
   1.82280928209831505828298830341053490      
   1.76752678611655265513545290030036853      
   1.71804649562680100379619442574485130      
   1.69140538628017583976835058956361547      
