 0.11300293104855E-01
 0.11422896821932E-01
 0.11551340270275E-01
 0.11685975813648E-01
 0.11827211754318E-01
 0.11975523739443E-01
 0.12131469170551E-01
 0.12295705618573E-01
 0.12469014657648E-01
 0.12652333145310E-01
 0.12846794914765E-01
 0.13053787310343E-01
 0.13275029344150E-01
 0.13512682117593E-01
 0.13769508718386E-01
 0.14049112354164E-01
 0.14356302606184E-01
 0.14697680059133E-01
 0.15082610774695E-01
 0.15524935822093E-01
 0.16046164075864E-01
 0.16681949288424E-01
 0.17496958954587E-01
 0.18626623164259E-01
 0.20439456698030E-01
 0.24775418311501E-01
 0.60538415653702E+01
 0.15057226717046E+02
 0.22738298621909E+02
 0.29823952070110E+02
 0.36587306799949E+02
 0.43200586702248E+02
 0.49804471356171E+02
 0.56521861678466E+02
 0.63443516459944E+02
 0.70603218518278E+02
 0.77962735291544E+02
 0.85413510083952E+02
 0.92786236390244E+02
 0.99854414752597E+02
 0.10630742061121E+03
 0.11143587668410E+03
 0.11540580416599E+03
 0.11935554855376E+03
 0.12327904992037E+03
 0.12717112971840E+03
 0.13102746577698E+03
 0.13484453324559E+03
 0.13861952542134E+03
 0.14235026545629E+03
 0.14603511695201E+03
 0.14967289878257E+03
 0.15326280733008E+03
 0.15680434769521E+03
 0.16029727431472E+03
 0.16374154068715E+03
 0.16713725748060E+03
 0.17048465808625E+03
 0.17378407061483E+03
 0.17703589535720E+03
 0.18024058680646E+03
 0.18339863943778E+03
 0.18651057655109E+03
 0.18957694158649E+03
 0.19259829141958E+03
 0.19557519123061E+03
 0.19850821061422E+03
 0.20139792066173E+03
 0.20424489179934E+03
 0.20704969220990E+03
