   1.49212209850132554152522308661375669      
   1.47433382782162101415831478579926797      
   1.45650265197996246613781816353796952      
   1.43865976003874607902349197319934751      
   1.42083541371046452239816231422559875      
   1.40305901921947072138747713975898109      
   1.38535923028354077007087478653982877      
   1.36776408839955505268638367666697815      
   1.35030120964292889753545548355083384      
   1.33299803156558382639886222379232152      
   1.31588214029688075625824554457299363      
   1.29898170796412978269083544048201730      
   1.28232608641683869540288980066314737      
   1.26594662926505714377325858913763643      
   1.24987785861582753482078619978909223      
   1.23415917197862473414730148901373515      
   1.21883743315869739639292449233350023      
   1.20397108601670124495869224989237570      
   1.18963705668719295158745225048300483      
   1.17594313807541643385780571995063595      
   1.16305203919460080699958704039773146      
   1.15123234374603855167916607325551185      
   1.14097677480574285619446636497318308      
   1.13331195011555766912099521822232749      
   1.13087343124894213029047711509860513      
   1.14549368463005186636158814834463303      
   1.00098046116396902313878079557420431      
  0.947564986686499446387895186450451935      
  0.914325080024068457140160734610797523      
  0.886393188229169104285729513324087822      
  0.860498315143402063923673350248112638      
  0.835381858738598233538576898461806174      
  0.810510888366369152714727858796652029      
  0.785728525263526317596226946171859865      
  0.761145538872269760299449859753544385      
  0.737103084924134745888722357170384788      
  0.714133693430095825891289904254929584      
  0.692903074274922310992026029503541065      
  0.674155678254613123676063196394361496      
  0.658708274484592527929521439416809542      
  0.647594632185492967166378367199800467      
  0.643505745268739368911529149380634475      
  0.644849041071847212337303467312852894      
  0.646162913443301751883969599016400038      
  0.647449970750276321328719725493718084      
  0.648712650319199356661099233299835782      
  0.649953227478578248171760433250957671      
  0.651173824277643945192384302810033720      
  0.652376417874169715240208087623976064      
  0.653562848590315912487680375047387427      
  0.654734827629790284240661440422765448      
  0.655893944468512620170666257899741540      
  0.657041673911674081924243651682955004      
  0.658179382827797908509897078301004983      
  0.659308336564609964609632159863622786      
  0.660429705053563669095902477447876086      
  0.661544568611666926161700939409650679      
  0.662653923448948117118165056907525743      
  0.663758686890651359397953804376594882      
  0.664859702325622584771457723590326899      
  0.665957743886923561048504369876855843      
  0.667053520878705552326631908806495211      
  0.668147681958110059605469992526696230      
  0.669240819082312892307121883850213055      
  0.670333471232285146663324449462164491      
  0.671426127918746914099668101081658032      
  0.672519232486826960367910000185981980      
  0.673613185224457023715439411631724877      
  0.674708346285859170567122756227161991      
  0.675805038439184389353207634130477293      
