   4.34655454956759465315714433846916097      
   4.28861852710958633990892967784565893      
   4.23167577443932325954877423072875407      
   4.17564944717608328725757632760558092      
   4.12046586749113546910372133023500244      
   4.06605404792758211789962568397059940      
   4.01234524026513996270646837559736269      
   3.95927250532577528521107123326923665      
   3.90677029957050187220441543809418636      
   3.85477407420697942322215962857125449      
   3.80321988231024377824836699769336802      
   3.75204398914773524069202572274475096      
   3.70118248047871200695985421741786924      
   3.65057086304573957113402544727853795      
   3.60014365075915790289991498166254530      
   3.54983392915154319201510070365293531      
   3.49957288948986574176333612755720254      
   3.44928932240174275814953014078187945      
   3.39890905889423388678497612664554868      
   3.34835434408015461516032006395788299      
   3.29754312558670683277469047172572998      
   3.24638823424291994815443230830033328      
   3.19479642886078812361869268547676057      
   3.14266726922691982368504281398633241      
   3.08989177107247356350035096007815574      
   3.03635078272796187754641877773432332      
   2.98191300383277281307984456314236402      
   2.92643253951765211206215196911116731      
   2.86974584534628792651616474145708759      
   2.81166786343615828845376355764789473      
   2.75198706972821939643956296424234458      
   2.69045903189017219922430264150064650      
   2.62679789247304003112636601223799121      
   2.56066490052139153344520056588064330      
   2.49165264096761995964445940098756077      
   2.41926281303468747554611510645532589      
   2.34287400964619937196213210188503529      
   2.26169338135708846864999101673126156      
   2.17468109572230299161988630666577045      
   2.08042625146150049172919881527864187      
   1.97693008978605406400721831896552259      
   1.86119637486769914718841912618734477      
   1.72837252866877322554777685270683654      
   1.56966113192089625799193450669730550      
   1.36589089596665231814754425032813763      
   1.05590474994723194595892362082658368      
   2.60267623446150033963889799732955676      
   9.71621290521273610736313187404628585      
   15.5445315656879740776836105389966340      
   20.8067201082759971659637181786556163      
   25.7042419126842842812256338793924716      
   30.3334203372172120921946857830716283      
   34.7505475855791702867067961462201483      
   38.9924190479952530282046669865243442      
   43.0848590367938937140600763370489017      
   47.0468698024287348278371221633289875      
   50.8928707695875448599156461432550504      
   54.6339939518635874537860474457760599      
   58.2788638359364260322847993953458553      
   61.8340637320939078488214869467106863      
   65.3043730893296286469375718441139092      
   68.6927537370642135597397079034793651      
   71.9997514503494697254535962497543451      
   75.2188011232856218262963030635528629      
   78.3570270967537577788794918415321831      
   81.4245516743353458297798569408408383      
   84.4248579056803043595935646375209773      
   87.3611291669439734934186662663139643      
   90.2362828049530097547712205865643298      
   93.0529991491076376722735753911569907      
   95.8137467445744087105550819163068153      
   98.5208044378826495005400780014644140      
   101.176280797599980774237977703643643      
   103.782131250832244739603397718992202      
   106.340173244024032099107216175617039      
   108.852099683532485772903797265643695      
   111.319490871236180010156629951310881      
   113.743825118953705619106962786098036      
   116.126488200092872700538944703543630      
   118.468781776054610618238992488646915      
   120.771930917372905677232845420867279      
