   67.5942066046151511651171438954015150      
   67.3694815844591360416943976245690195      
   67.1383135357635760530217594660025574      
   66.9005950205157110401673435293512899      
   66.6562094775129105377655255488328598      
   66.4050301334565939606949384958055540      
   66.1469189256839482716254426132054937      
   65.8817254371808916450449553992798717      
   65.6092858422647928201195605783148529      
   65.3294218591717187144734311184167485      
   65.0419397037470277445845579208128910      
   64.7466290365169134580024786572827946      
   64.4432618936002370468886692096039748      
   64.1315915901742583568970978144318505      
   63.8113515834982283955278787348108486      
   63.4822542807739169771625112165144151      
   63.1439897753303795606952843805081259      
   62.7962244926882796952206083243494977      
   62.4385997259180539021840888804710911      
   62.0707300372659755648097345637476818      
   61.6922015001818341216371124282960258      
   61.3025697525291258511607256698013975      
   60.9013578277475052156248103384752658      
   60.4880537259082045982033208030817015      
   60.0621076807447493521968136118339054      
   59.6229290716067597500449456063751108      
   59.1698829205536856799839425340437169      
   58.7022859040785775766761452766343275      
   58.2194017957207513024423809264411551      
   57.7204362394262424390004938562087675      
   57.2045307330942598444182730421211764      
   56.6707556761792737839631125439396331      
   56.1181023030175090259661851616686218      
   55.5454732827290824382246078927365826      
   54.9516717144443560549257171588241519      
   54.3353881795841769530672925571385627      
   53.6951854260054614933824710098162815      
   53.0294801450833129296450678355581587      
   52.3365211525167823048366684438375081      
   51.6143630829847558597859913672607036      
   50.8608344377922091085766247717442933      
   50.0734984541337832526425368973348387      
   49.2496047511155887163927838150586342      
   48.3860289854277568464998565415468043      
   47.4791967169396646889438220938913297      
   46.5249861811522946864524113751859286      
   45.5186024321592502102764654790469287      
   44.4544119260370735197630394116513554      
   43.3257213235201768757374084683775856      
   42.1244757973394970504421695571852695      
   40.8408380311910445855777627293240475      
   39.4625847718273684223947649926228673      
   37.9742138890905445787596523883521323      
   36.3555713349785656941657310871746860      
   34.5796379973618689226865235649059163      
   32.6087457611294160294862506939171793      
   30.3875997034521795504699804319247355      
   27.8290503725368132290535676446644398      
   24.7806751093895187189458939826258132      
   20.9269320508271807836615646004643468      
   15.3520770001766036444936993645181140      
   4.45623689777189198840815607422242577E-0003
   2.16729290867948506783659822253263230E-0004
   1.25722051258868728490612069557818653E-0004
   1.08331642889140684590763191012002855E-0004
   1.00789942513868758543417143201747622E-0004
   9.57326005058446111455815893355283191E-0005
   9.23475644849977083210258880245463053E-0005
   9.19867092554744361222408414211942708E-0005
   8.53574329347253425303712473815623176E-0005
   7.32324119894109190403207682173145357E-0005
   7.14775795732136689228999064701160811E-0005
   6.90906800412221899368407435788080630E-0005
   6.68394935773453307411499305276436182E-0005
   6.39416979953159563705358881142824692E-0005
   6.22407872633235865090458855614649886E-0005
   5.98329457544266711939443020373808096E-0005
   5.72057044561284388627971639941247473E-0005
   5.41539012448147613581222607951405236E-0005
   4.89373653250306757551486683593455962E-0005
   1.02806605650649507060577486966974708E-0005
