   64.5133608630852421549446497031266472      
   64.1044993232730391666169487298162730      
   63.6763990447745616273771787066410461      
   63.2277548591204907173093212979615089      
   62.7571386923608603489712105817485105      
   62.2629808793114380626667735936230030      
   61.7435486315283892170139071847583809      
   61.1969211211228988776589039973374062      
   60.6209604830721538664709078201697682      
   60.0132778331606095086261386162152781      
   59.3711931307150564628835722737891702      
   58.6916873619914684375376260757993170      
   57.9713450491261079401007322103113353      
   57.2062844549950299849695871570341313      
   56.3920719896512445970727731661815497      
   55.5236161311331203698256365947383764      
   54.5950345037982666700153608849464023      
   53.5994853756859035744551631352016032      
   52.5289513506579043500208506988027002      
   51.3739577417056362287766315743509987      
   50.1231996757820497820791858162129644      
   48.7630376523618941340794971391509133      
   47.2767951856703694186785021653872225      
   45.6437415062549135361355284483714563      
   43.8375392724441078931752374447215917      
   41.8237218685835134284168357364835329      
   39.5553037374552432274444259331157469      
   36.9645835399008386721826523736965075      
   33.9465218352287911552195065619251289      
   30.3206707609847963827435574114338533      
   25.7239303428773380844109363410082347      
   19.1594141282575771414096965041394953      
   3.97576357850694491990348267052125840E-0003
   1.14262920185205279966639147204862200E-0004
   8.79943119564704332740596735373868056E-0005
   9.48756068229988104911305996860005933E-0005
   9.21671737875270579026419257780056622E-0005
   9.19461873157070785276496026157555360E-0005
   9.18361945635490660854964842036314005E-0005
   9.23495218353886496573973754004472345E-0005
   9.31560417806145970632178923821995221E-0005
   9.45696647954927933660881924483612183E-0005
   9.52955257348603191814240241819395828E-0005
   9.68111075277775093668449264282391835E-0005
   9.97068370499423777608938710914263288E-0005
   9.95841449708458438788159254839784786E-0005
   9.34967699020351934561622165781119995E-0005
   7.86098629784611127561611302313342074E-0005
   1.02526699566562432295893684685346057E-0005
   1.02343110516895113781808417619181423E-0005
   1.02194651616331491930284933424120363E-0005
   1.02073147912278278475750312123490191E-0005
   1.01972624918185201639942170848383515E-0005
   1.01888644547032583305374850385567633E-0005
   1.01817860999977796033555968664247138E-0005
   1.01757717867544648587567443379529371E-0005
   1.01706237818607797651407908431626193E-0005
   1.01661874171672474903516445600709477E-0005
   1.01623404559589923524478669039536968E-0005
   1.01589853693299336894544426790709320E-0005
   1.01560436543443782235878245327975154E-0005
   1.01534516047213876357532998741840480E-0005
   1.01511571281181320122929979729268055E-0005
   1.01491173265322905708827828903883615E-0005
   1.01472966393149423035734152537433803E-0005
   1.01456654052761350473293634255514836E-0005
   1.01441987400092656892316948046260943E-0005
   1.01428756524662983367177124907425001E-0005
   1.01416783446786938510302755920252283E-0005
   1.01405916528054248325032219886268350E-0005
   1.01396025980665889014919746726094286E-0005
   1.01387000237290043513043115438251915E-0005
   1.01378742999368416822285700616779177E-0005
   1.01371170823764051223573723606645850E-0005
   1.01364211139180451087750200850187029E-0005
   1.01357800607664513402993857112262662E-0005
   1.01351883764719469747918071644146974E-0005
   1.01346411885538254417405602840121980E-0005
   1.01341342035673813376829521066721711E-0005
   1.01336636272864177777458563386789894E-0005
   1.01332260973300295878721570875105517E-0005
