   84.7290503831216973642201309025508515      
   84.7260941869651993494979471084698427      
   84.7211561688949210703004323114052766      
   84.7142273681849054619115636108728134      
   84.7052985610763794800820717815735191      
   84.6943607604410989507901974068898340      
   84.6814055961224336731040870921247976      
   84.6664250861391968923320027040555764      
   84.6494093760757685625368666266036767      
   84.6303402136004140208774112555889617      
   84.6091778492044086058471058157100018      
   84.5858395788367549275531032624195148      
   84.5601696936146624560894987694669061      
   84.5319036734969018605749158299430845      
   84.5006327551822259119339200513488474      
   84.4657762266136311389433386057311388      
   84.4265670617303242578639018812626237      
   84.3820529196276796407474374776433901      
   84.3311109268199347748673803766780990      
   84.2724723153876313645064762837253631      
   84.2047522142548889226274371293819170      
   84.1264803414405762828772989720485236      
   84.0361294463924530395709046583481965      
   83.9321396036167959208242437575000633      
   83.8129375456126348473651855424295555      
   83.6769510067969049515458988462740344      
   83.5226185203326182345810276301289115      
   83.3483953230593629872543304589631201      
