   235.280614361362568539609003427063999      
   235.267398252924457508062102282019574      
   235.245344475391395441030906401570870      
   235.214438640266711038140409311744270      
   235.174671039071556865421711576259295      
   235.126036566656728890783499114262842      
   235.068524344387129476371886839742907      
   235.002083321617938715181799250985555      
   234.926559975236151498330846563860377      
   234.841619074712218251332393345542902      
   234.746659301159365482897698360679238      
   234.640730881518706164659660714920666      
   234.522468294945878106600532381146445      
   234.390061322571021159232118666849791      
   234.241285759228388562876514418486964      
   234.073597941160509961520110861969981      
   233.884276129135983638183039280474015      
   233.670578671671683460744544281190064      
   233.429887921360085992647697592254040      
   233.159817194912807281595272620415815      
   232.858270138208669710591764017154416      
   232.523453036236107364484389529583494      
   232.153848351153552248387978597514386      
   231.748161531526886342182520333075903      
   231.305253546805573322419101481437654      
   230.824069832518822641132414203294296      
   230.303573509988518677867772622618502      
   229.742687756999369563343477072991303      
   229.140249603446776161191718964652406      
   228.494975434906328751481372761660336      
   227.805437170252601632372920383231212      
   227.070047329256333158947721613274608      
   226.287050901033534176516324151857091      
   225.454521910694098354791572681517300      
   224.570362754001800736133502965309227      
   223.632304613769911510308846443120078      
   222.637907549262453233492952020943725      
   221.584559095373980526436407292201926      
   220.469470421787201602423801976415830      
   219.289669256653863552287932322357930      
   218.041988879232782677773489319111901      
   216.723052528115463475437258688751902      
   215.329252557234119671979751174812336      
   213.856723597323637015205360791907536      
   212.301308842565100964965882126964986      
   210.658518374289973472136177830352507      
   208.923478137786703465904927716447940      
   207.090867785599347114831253691379077      
   205.154845050735244308752444876315457      
   203.108953580150678896018470692154140      
   200.946010142996375494220897432485120      
   198.657965750809769062879000162480438      
   196.235733292343578315208654541440685      
   193.668971556428411125688731991742829      
   190.945811595973999577938714078148215      
   188.052505646931910505473050315823408      
   184.972970253034409189698230621869599      
   181.688182197591663986817718965110336      
   178.175365482358386729491024942219840      
   174.406875020255561248382501430395050      
   170.348629126978695963205921490607493      
   165.957852150652192270449823062914536      
   161.179729970813677015247791279386294      
   155.942294959114425122162759612608383      
   150.148324648604588401688995275778001      
   143.662020725788322399722774115330322      
   136.286237450061165113872485361763577      
   127.721837421214902263174226505708024      
   117.489284599736357825240233828116300      
   104.741876445098380974156672695177770      
   87.6231324387067496443507805708308435      
   59.6882821840889910346925366215211813      
   1.55719888954332375364893861463956671E-0004
   1.46063911034124182452301949890309077E-0004
