   18.7786855331590000848092430367807878      
   13.2955293881793539121888316345246866      
   10.8593957174084198539950385408573528      
   9.40546479495417499806888159332376191      
   8.41248914885229129962546057767999199      
   7.67903097440175169366075150840013381      
   7.10863431126461897560934808608632307      
   6.64855860589757310512122412284378437      
   6.26721456815031795815123799544688230      
   5.94437485597506730258311550453501286      
   5.66640678825390305370622540424574960      
   5.42374080490882494235415436173685631      
   5.20943215394468346405876631021786739      
   5.01829811653001456046046264724879524      
   4.84637705626981041773387466579479490      
   4.69057673861428303738481158025346305      
   4.54843878730205817931244955104009677      
   4.41797694379548911882284830412256766      
   4.29756357027498065728396196541744540      
   4.18584840992353449750827383971130860      
   4.08169932314491248376604300553880546      
   3.98415824729105593373012909632215624      
   3.89240787453538103183863960961968216      
   3.80574600286242066436010963468102141      
   3.72356547690609995496099497395944653      
   3.64533827430025202204068072474247502      
   3.57060272066208349615361517274136481      
   3.49895310455885485787431576692722898      
