   2.63832749831767334627303024877432574      
   2.63841925767092640733995819541989510      
   2.63857210103611414704660809684116496      
   2.63878583738207625921273042151218111      
   2.63906019958603990809236035958346217      
   2.63939484305423102302101857938969527      
   2.63978934200485487642730926735481482      
   2.64024315975546415905419576587391116      
   2.64075552796425428712068764910977095      
   2.64132515320052857003678541893081377      
   2.64194971993741889105183763746692926      
   2.64262523412399563431621625824426085      
   2.64334527709348898570737972255032433      
   2.64410020724793512779073424727191861      
   2.64487631168104281103625890246782028      
   2.64565491877626930281347901452380156      
   2.64641153270297403093195257992585512      
   2.64711510373381235356882028282897985      
   2.64772756886227642323115046027635678      
   2.64820377407202930614147917538454479      
   2.64849183390310752200065276890112979      
   2.64853391708392543675185005607563539      
   2.64826738838683890895390657763205338      
   2.64762619825842987579686901564641872      
   2.64654239640189078516064229773799363      
   2.64494765034211777620349257930686862      
   2.64277466896597397884491488814753057      
   2.63995845735246330787636687088675465      
