   4.44068987158912186789154730577108189      
   4.37664982895188752235384756659471672      
   4.31346731314724794985542990119399527      
   4.25108936928660824795910631559404197      
   4.18946615256757000149617937920928314      
   4.12855048778577573474690462516426579      
   4.06829746390229588876711699400124572      
   4.00866405874709681474937209477327534      
   3.94960878921701413409685445995661821      
   3.89109138253260931119424257726566484      
   3.83307246425241182852419818745019687      
   3.77551325880408474298998273738510824      
   3.71837529827378550155738346780257022      
   3.66162013509034301572408031344019438      
   3.60520905403488305708567106785094408      
   3.54910277868348349577921383041031054      
   3.49326116692396179745699302472133869      
   3.43764288954669552238692353829036500      
   3.38220508504795525538826904443614248      
   3.32690298264417848919020739608822541      
   3.27168948399611761444136636420072056      
   3.21651469217389143183361740658808308      
   3.16132537380853425859058251907353963      
   3.10606433696556899953612083404605941      
   3.05066970275337105360616429599153392      
   2.99507404263526498386616299015014107      
   2.93920334526889467673095777108845267      
   2.88297576560214774130318414338759194      
   2.82630009367911130312762947597162730      
   2.76907385929797779611280133548927125      
   2.71118095852007564419859911102128702      
   2.65248864472529063128324719685043059      
   2.59284366363093956841368614488287521      
   2.53206721745830294488853763183921723      
   2.46994830012083563693425376044691599      
   2.40623472219300222417440456599798936      
   2.34062078767615926650334000666647566      
   2.27272999668347408459477985838845437      
   2.20209014473569948591871521171554549      
   2.12809640470183966228455585095050129      
   2.04995464271088899399626914789349494      
   1.96659060145769760424364079347653653      
   1.87649642965953886459855810503051953      
   1.77745276696689558273697092869687638      
   1.66597640455982805687699691186025140      
   1.53606995978728219462916744087824713      
   1.37579008827035006458932842856406230      
   1.15417987507199330410076631478252491      
  0.699811661894718848922360718774432057      
   6.44412518435274814712489250619828860      
   12.5914718293739016057764770532271400      
   18.1912724205978339243566764264910468      
   23.5323976313506417648893549861213515      
   28.7313472783500499953792466320960174      
   33.8557878037458660633500696668570522      
   38.9547108569911822978460522178973035      
   44.0680089735176119421877222818368286      
   49.2277724680022108814046472681786293      
   54.4551733529576679857859512674943078      
   59.7557128359423548732491804275135095      
   65.1151423985454329999830186834123852      
   70.4967151195533881671511553051702451      
   75.8375152413851556461085054082782539      
   81.0341246996982452975841845818566561      
   85.8174949764956903682207140820051049      
   90.2968757840727044628637353361277532      
   94.7287302354414130826777777078204842      
   99.1111279800106524014981579500923823      
   103.442750211159694369126279872937991      
   107.722773375316699736615485017179503      
