 0.13717754749202E-01
 0.14086480642803E-01
 0.14506373224259E-01
 0.14996863468315E-01
 0.15593342100516E-01
 0.16370802701553E-01
 0.17508726174596E-01
 0.19455302821997E-01
 0.25651744043715E-01
 0.15161587756926E+02
 0.28474030538938E+02
 0.39490795805458E+02
 0.49482883444926E+02
 0.59053308718438E+02
 0.68660583450659E+02
 0.78779984270704E+02
 0.89989541336119E+02
 0.10297829671656E+03
 0.11837275022456E+03
 0.13638537492423E+03
 0.15661098814317E+03
 0.17798068151884E+03
 0.19870533850586E+03
 0.21621745590501E+03
 0.22675782585971E+03
 0.22672944019667E+03
 0.22646259588699E+03
 0.22646395000790E+03
 0.22669795485506E+03
 0.22713279243141E+03
 0.22774018207545E+03
 0.22849516050196E+03
 0.22937583507728E+03
 0.23036311763631E+03
 0.23144044882404E+03
 0.23259352301605E+03
 0.23381002244558E+03
 0.23507936707368E+03
 0.23639248454002E+03
 0.23774160254578E+03
 0.23912006440133E+03
 0.24052216726234E+03
 0.24194302175407E+03
 0.24337843118514E+03
 0.24482478830870E+03
 0.24627898753037E+03
 0.24773835052915E+03
 0.24920056340024E+03
 0.25066362361321E+03
 0.25212579527780E+03
 0.25358557140764E+03
 0.25504164205832E+03
 0.25649286738553E+03
 0.25793825481833E+03
 0.25937693967308E+03
 0.26080816864486E+03
 0.26223128570690E+03
 0.26364572003024E+03
 0.26505097559752E+03
 0.26644662224589E+03
 0.26783228791435E+03
 0.26920765191138E+03
 0.27057243905000E+03
 0.27192641452051E+03
 0.27326937939553E+03
 0.27460116667724E+03
 0.27592163781168E+03
 0.27723067960708E+03
 0.27852820150268E+03
 0.27981413314282E+03
