   1.22790941664156199082567362684281324E-0002
   1.23070473915392644618190431549295857E-0002
   1.23362007986665311998399065079181868E-0002
   1.23666175069990612834264555862439862E-0002
   1.23983656874115700112985806389458793E-0002
   1.24315192041936734529211512828135514E-0002
   1.24661583352446244855258765524105448E-0002
   1.25023705804029184436389484814191795E-0002
   1.25402515702739838732933241201914535E-0002
   1.25799060911075407296539247415313175E-0002
   1.26214492450905868046136376188451278E-0002
   1.26650077700449561359812454398306109E-0002
   1.27107215481680506548312364077482080E-0002
   1.27587453404407204608861216040667066E-0002
   1.28092507920436832993518848656901629E-0002
   1.28624287651080220018816880232725170E-0002
   1.29184920691039039552728940406709655E-0002
   1.29776786771133665598764115377396812E-0002
   1.30402555394837724403134159922273259E-0002
   1.31065231367678015925142867329984459E-0002
   1.31768209540124851561098823158638514E-0002
   1.32515341120306386602008330757719375E-0002
   1.33311014635171780208242609055389246E-0002
   1.34160255603762290209180459740618205E-0002
   1.35068850346167283275913221849720298E-0002
   1.36043501254300327459003325310835386E-0002
   1.37092023550845052170748790622810489E-0002
   1.38223597455974801629858197230978461E-0002
   1.39449095392799969505487189235560654E-0002
   1.40781512402757220394016171113275613E-0002
   1.42236540987423075878939889592480995E-0002
   1.43833351999004871777109104960731075E-0002
   1.45595675989191759836650344635083060E-0002
   1.47553333731577040187948847252729112E-0002
   1.49744457751621246310465219850474902E-0002
   1.52218812864178124846402823372166438E-0002
   1.55042934260322768338137069843824806E-0002
   1.58308414363812487476872510459719240E-0002
   1.62145958962852586665709815535197708E-0002
   1.66750767368085090285117609562508519E-0002
   1.72432157245222486809197628784648830E-0002
   1.79721362466832830741633337553549604E-0002
   1.89642828992129663582875909542196167E-0002
   2.04569608522031860249909287121808003E-0002
   2.32289515862948175988242153062267748E-0002
   3.69019255680296160578348514761681822E-0002
   7.56996465579284536607921784602664416      
   13.7523709241627574191986185240414432      
   19.2197471341126620178864517346342288      
   24.2614581604418787982393877200105391      
   29.0009668003390391452113923779135631      
   33.5066436493592070817835952952230022      
   37.8217716060902814349474375117996392      
   41.9760981440414133763064523781207115      
   45.9912053024551908439647794064477600      
   49.8833218096436403443515561344265325      
   53.6649183695773376183338765376671333      
   57.3456592412516717283390688001262974      
   60.9329766885747341901735289765620341      
   64.4323883262192804056905733857914137      
   67.8475714686666681118441557868553236      
   71.1799940999935358823714875657321264      
   74.4254980948446549749486817363580723      
   77.5835592879072855422325809971570764      
   80.6693504601866858777543670197009331      
   83.6865234385732967111366995222241374      
   86.6384076886946757279655812062192334      
   89.5280477787953744692578756543548027      
   92.3582354165878541577889420708031147      
   95.1315371112684165792109646506860751      
   97.8503182330962262950830089022365470      
   100.516764055557129919308837875602720      
   103.132898236292652544055187036928430      
   105.700599101783685707059308756810245      
   108.221614034246469328548665931637642      
   110.697572209161229691617574471679770      
   113.129995893116237197816515874120554      
   115.520310480869231446418403604787787      
   117.869853425514966097982727097811977      
   120.179882194939425690868265744791734      
   122.451581370341525037588470103177514      
