   4.34300160995448309718359920760255764      
   4.28489680982356809358880855863359284      
   4.22777507617549419155495417311313883      
   4.17155868657613874796551177791264972      
   4.11617302605892717320130180664333872      
   4.06154610119233810744725686156642674      
   4.00760807818931687982846458866462391      
   3.95429084082352383442870468074075144      
   3.90152756382776976408497489988991797      
   3.84925229726891381335150401128049868      
   3.79739955711625212997428808444884870      
   3.74590391683720929314295890371827221      
   3.69469959434519680380549479111959649      
   3.64372002796229631762248836109346508      
   3.59289743420506964697865189717137267      
   3.54216233910233110630496242265336739      
   3.49144307334005088550823431816856224      
   3.44066521970512284185965014194544102      
   3.38975099894069309587746019088347398      
   3.33861857705858345764219482831282944      
   3.28718127314297005792576454785814548      
   3.23534664139744856067339300199325283      
   3.18301539417613037913416655036273408      
   3.13008012334737340704517988210782170      
   3.07642376462838204161280322710186342      
   3.02191773212903913198583881933900442      
   2.96641962621310841661438559595793340      
   2.90977038383643538298317870643389632      
   2.85179069198096636656426780053952416      
   2.79227641412377906824177699532335962      
   2.73099267464988290391502797045820774      
   2.66766608636502647195434148687617022      
   2.60197435686914563846494499533840676      
   2.53353210843185949248304974193944113      
   2.46187107871488624201127097492729504      
   2.38641171609410370397934173695036575      
   2.30642109969377593361912856882216552      
   2.22094815613757670740210895244663782      
   2.12871916955801550781943989940333669      
   2.02795932956792885982187313732766008      
   1.91606527735569363374699947467115909      
   1.78894527418936522513877886567491641      
   1.63950552518303832079870041983587863      
   1.45342020470781380126020285565638350      
   1.19228219430694801100891423084349107      
  0.584302129078760203216119306012169064      
   7.56996465722869603950335399089570340      
   13.7523709245792427599649752090287248      
   19.2197471343961421778614341176561386      
   24.2614581606592677935987742818552834      
   29.0009668005183810867753999686704449      
   33.5066436495570655220883553999173564      
   37.8217716062872805297998295008774565      
   41.9760981442299417105712447454727810      
   45.9912053026333419182499369991332691      
   49.8833218098101645030811722221426273      
   53.6649183697313140363084109710901868      
   57.3456592413990107050527527861038061      
   60.9329766887180612235964168797208033      
   64.4323883263536958415220176883725077      
   67.8475714687880137522068914540991928      
   71.1799941000921481327052215442845649      
   74.4254980948475656184440406054315647      
   77.5835592879101519160556970677010023      
   80.6693504601895118770486961244172585      
   83.6865234385760853714766385262254278      
   86.6384076886974294528613261633715395      
   89.5280477787980951896701594679719177      
   92.3582354165905434463734486309863657      
   95.1315371112710757336948990190307668      
   97.8503182330988564001303072699430229      
   100.516764055559731893092705700261424      
   103.132898236295227173760033998863808      
   105.700599101786233676236025800953659      
   108.221614034248991238385945970864778      
   110.697572209163726077609575399539483      
   113.129995893118708542906164717766270      
   115.520310480871678191414808305650484      
   117.869853425517388649851312738131644      
   120.179882194941824429347878320716081      
   122.451581370343900320483917111431784      
