   72.4479686713211523636435424169413897      
   72.4427898225563463025598012630255440      
   72.4341425295758241034221381560425614      
   72.4220171621470410272025103332041942      
   72.4063917361731371679091912488066133      
   72.3871793733606123931242126887627595      
   72.3641453179041606884347448166144472      
   72.3368546000543959606958733989244565      
   72.3046797934657620516904927184050779      
   72.2668449240029905297496618865514201      
   72.2224684720848128449824359543255675      
   72.1705894478865133883764294391565670      
   72.1101876331810580417405864852248637      
   72.0402192915525836568741671766234243      
   71.9596794729531299525192527491454857      
   71.8676842129908802420163007692262240      
   71.7635539007175707109534295798503042      
   71.6468777045869520001479623251108895      
   71.5175455795597251912474739444618669      
   71.3757438946377066390685373887930435      
   71.2219189992275834379712221259094689      
   71.0567180976833464011281934035644612      
   70.8809184322481747217964417719443526      
   70.6953548117011076064678846160947940      
   70.5008531087103630375499315467224231      
   70.2981744947982904723755859812542822      
   70.0879725744886066265968826624388178      
   69.8707635660168515187930526929530326      
   69.6469083393568079386556873099763978      
   69.4166043893167763962426795214528210      
   69.1798855489532448031673657489530913      
   68.9366272841382466551054779214380927      
   68.6865556237303944706998341300684162      
   68.4292580747327881980090344060220195      
   68.1641951838630283848920277773492177      
   67.8907116981046572629603092667297935      
   67.6080465278381205362548565867111281      
   67.3153409199504802411532051582657798      
   67.0116444048330113218787892179765777      
   66.6959181937895458717077991945675822      
   66.3670357766805398533305990293636818      
   66.0237805079895296724833703096786835      
   65.6648399762662729660674950821827290      
   65.2887969288982861868159061179592552      
   64.8941164714034489414123217242392003      
   64.4791291756998109309435976670208596      
   64.0420096102583706560620993006768488      
   63.5807496384636702759586011878376591      
   63.0931256072464289529097828911617168      
   62.5766582473663944905323354951718479      
   62.0285637023053198656106786706191917      
   61.4456935550753028629348762804793478      
   60.8244609743481428114088271785544978      
   60.1607490711982676916745465742301898      
   59.4497961283414001883279514349347713      
   58.6860503704380610449376102377985897      
   57.8629841625807373887327010385425740      
   56.9728536677372641145449033384535441      
   56.0063847439114429412553283928451070      
   54.9523589783273694020288940271371421      
   53.7970653425726514622800499686489550      
   52.5235737957576637071258564929922515      
   51.1107780314360684193521493365553018      
   49.5321387650341097401007090562805712      
   47.7539886686830367467890091008159756      
   45.7329516117810081448252815490278758      
   43.4110578361200278369813279299444699      
   40.7050810036734989631000321766346561      
   37.4832606688042939494520952512665079      
   33.5133294693498442255519927789486929      
   28.3200906745251639552609932122920251      
   20.5616393264698095295457995416956892      
   1.04130517252789915913975106334329259E-0004
   9.26698611946524922304417697176449087E-0005
   6.50250185795625188972948537199713668E-0005
   5.76965587798355085331525386920571729E-0005
