   5.75680180862328832789351820703013421      
   5.75669425692907361772361262685335465      
   5.75651514666352858170955759697014393      
   5.75626476313309571126306641764671242      
   5.75594350855143404594090184711338791      
   5.75555190698382139350406281400868987      
   5.75509065656698857187890143474593533      
   5.75456090685897359519987549655441641      
   5.75396502745095586584489793699577144      
   5.75330794121165388055056273433591746      
   5.75259874559928161222926038236170839      
   5.75185218273928121807843536254603226      
   5.75108963944635515473387986006410445      
   5.75033959882532111696948139994875798      
   5.74963764466381013256564227993130859      
   5.74902617139868366572520441867867638      
   5.74855390809049922608882687356562579      
   5.74827529244125006466780731922321399      
   5.74824968061639353144738966260422223      
   5.74854036841405787106098359273690054      
   5.74921342121675280930046437811506180      
   5.75033634597995069186806543969015107      
   5.75197667073527998173300016554836537      
   5.75420051592471848036248976807595066      
   5.75707124413866261078432078860398911      
   5.76064826312183659430671650175859272      
   5.76498603638536115537401469050156904      
   5.77013333172006808397879321789811552      
   5.77613271498332844400806773933733963      
   5.78302027767840800504222267303741212      
   5.79082557302691097364788791689856851      
   5.79957172726738792957558381796280000      
   5.80927568929850980171147856070298614      
   5.81994858224332508375938704384484631      
   5.83159612341486826827470406383484995      
   5.84421908348197246131556752724581933      
   5.85781376086250245601835859133961638      
