 0.26859175772073E-03
 0.26859428185392E-03
 0.26859851268248E-03
 0.26860447292240E-03
 0.26861218850111E-03
 0.26862168777638E-03
 0.26863300336358E-03
 0.26864618588566E-03
 0.26866134418741E-03
 0.26867871764401E-03
 0.26869876865550E-03
 0.26872227440338E-03
 0.26875040090181E-03
 0.26878475123902E-03
 0.26882738643710E-03
 0.26888082027069E-03
 0.26894799046594E-03
 0.26903220950458E-03
 0.26913709919914E-03
 0.26926651404894E-03
 0.26942445882150E-03
 0.26961500570190E-03
 0.26984221574860E-03
 0.27011006843984E-03
 0.27042240195606E-03
 0.27078286568980E-03
 0.27119488542541E-03
 0.27166164077216E-03
 0.27218605380159E-03
 0.27277078743656E-03
 0.27341825194186E-03
 0.27413061783441E-03
 0.27490983362558E-03
 0.27575764697997E-03
 0.27667562809418E-03
 0.27766519433235E-03
 0.27872763538380E-03
 0.27986413841834E-03
 0.28107581289973E-03
 0.28236371487512E-03
 0.28372887068661E-03
 0.28517230015800E-03
 0.28669503939196E-03
 0.28829816338316E-03
 0.28998280870823E-03
 0.29175019660353E-03
 0.29360165678890E-03
 0.29553865244321E-03
 0.29756280679237E-03
 0.29967593183379E-03
 0.30188005980000E-03
 0.30417747806216E-03
 0.30657076830024E-03
 0.30906285092316E-03
 0.31165703592977E-03
 0.31435708166185E-03
 0.31716726324045E-03
 0.32009245292258E-03
 0.32313821518961E-03
 0.32631092014815E-03
 0.32961787983918E-03
 0.33306751342058E-03
 0.33666954904524E-03
 0.34043527280650E-03
 0.34437783867498E-03
 0.34851265835236E-03
 0.35285789712979E-03
 0.35743511225802E-03
 0.36227008575926E-03
 0.36739392690051E-03
 0.37284455546615E-03
 0.37866873371202E-03
 0.38492490690618E-03
 0.39168726613689E-03
 0.39905171278851E-03
 0.40714488140397E-03
 0.41613827463989E-03
 0.42627134332275E-03
 0.43789111705377E-03
 0.45152469665551E-03
 0.46802336735350E-03
 0.48888413898685E-03
 0.51709856003525E-03
 0.56006617068043E-03
 0.64614415808686E-03
 0.21077676814278E+01
 0.10412366597236E+02
 0.17195418738043E+02
 0.23449809248120E+02
 0.29422990331222E+02
 0.35242166571311E+02
 0.40995617584342E+02
 0.46754122121876E+02
 0.52573369896722E+02
 0.58487685960581E+02
 0.64502053267508E+02
 0.70587473372173E+02
 0.76680303378565E+02
 0.82681642372079E+02
 0.88446937214820E+02
 0.93712075655681E+02
 0.98079302394229E+02
 0.10236485062947E+03
 0.10660936728210E+03
 0.11080967766155E+03
 0.11496332021021E+03
 0.11906845267833E+03
 0.12312375648767E+03
 0.12712834596269E+03
 0.13108168624725E+03
 0.13498352165488E+03
 0.13883381481068E+03
 0.14263269608499E+03
 0.14638042234809E+03
 0.15007734386839E+03
 0.15372387813753E+03
 0.15732048946720E+03
 0.16086767331474E+03
 0.16436594442817E+03
 0.16781582803817E+03
 0.17121785345239E+03
 0.17457254952267E+03
 0.17788044155540E+03
 0.18114204931994E+03
 0.18435788588034E+03
 0.18752845703384E+03
 0.19065426118662E+03
 0.19373578953536E+03
 0.19677352645376E+03
 0.19976795000725E+03
 0.20271953253831E+03
 0.20562874128003E+03
 0.20849603896688E+03
 0.21132188442137E+03
 0.21410673310157E+03
 0.21685103760045E+03
 0.21955524809153E+03
 0.22221981271863E+03
 0.22484517792972E+03
 0.22743178875601E+03
