   25.5609701966351035855553402224603038      
   18.1244481185044916976391586214758477      
   14.8101904357639284161566009495077352      
   12.8299691710220435369140126858522456      
   11.4767693852859069909489840387355191      
   10.4768674215408176970618993200206092      
   9.69906227243643884422196240878248584      
   9.07156876293430907370042777939817261      
   8.55136978669036761889803131611212561      
   8.11090774069127598497483131908273861      
   7.73159894887034523440780232305229807      
   7.40038835794062043663024443829778753      
   7.10779229723366714817483903417273227      
   6.84672529252552447045523789546701036      
   6.61176537863230284246273686468848387      
   6.39867705230064111124586409503300476      
   6.20409197933413919670862924752423350      
   6.02528968591563561790868874326304935      
   5.86004346441077620145947190521459385      
   5.70650984576882282669194097018592796      
   5.56314777655131883962521958131357479      
   5.42865841918716024350230818821785178      
   5.30193951420627672201464743486802655      
   5.18205019481279672484884034868234609      
   5.06818342795879903759000461990853783      
   4.95964411233820013620332287318441978      
   4.85583144165009002841578391148258075      
   4.75622453563892344712162230330994892      
   4.66037061314236869982894322651190442      
   4.56787517077182644846384480011064509      
   4.47839376448179575077781346792459513      
   4.39162508685345892827366378267489517      
   4.30730510220254166639323320911441327      
   4.22520205269212960704905350594074474      
   4.14511218680653227597883123906972926      
   4.06685609055927047065833656785880769      
   3.99027552419884255697926577290152776      
   3.91523068469688289599472107820996531      
   3.84159782819356416829840998904124518      
   3.76926719770718882689455426638320636      
   3.69814121045975651731500855334113713      
   3.62813286649236253601304787923808228      
   3.55916434633159033042212026543365330      
   3.49116577039409498538781109072862576      
   3.42407409695523958106743724563133619      
   3.35783213887016364247670171441727959      
   3.29238768201538913576895851189291291      
   3.22769269069784100419888595628288486      
   3.16370258709894671259217786529866115      
   3.10037559328857902426427406957139109      
   3.03767212546309044124009414954533531      
   2.97555423089827497701205381289218381      
   2.91398505864265613029159707439068171      
   2.85292835530176147927942795642097783      
   2.79234797724200622897017282242821239      
   2.73220741031741028382675062851677103      
   2.67246928764808481409450437236160341      
   2.61309489500325997397584876382033615      
   2.55404365201046789582272307603736713      
   2.49527255540357216750696950415400058      
   2.43673556785833257203773049776777341      
   2.37838293226671428265785680854427464      
   2.32016038629607117087994980354928083      
   2.26200824524289681520219467497793410      
   2.20386031172910882344547219974732897      
   2.14564255772782762523128553317946678      
   2.08727150600745080401905303689697142      
   2.02865221190783381536748987047126019      
   1.96967570859917688278094523853245607      
   1.91021572348367078342661405316409781      
   1.85012439051221199599048455422736170      
   1.78922655668088027582038888189501157      
   1.72731208370605205994515837241918176      
   1.66412523021096108120211510332369585      
   1.59934968029917845187832759986479353      
   1.53258690040068014751084749451095110      
   1.46332394129424716033349346137126770      
   1.39088388959371874635175741986560639      
   1.31434638548168143431151418247587873      
   1.23241305469868893853318523937227798      
   1.14316196566494636290153377544222858      
   1.04354808859853356838027383066454552      
  0.928213306349716704157656848321443087      
  0.785924149221558095309068910539359171      
  0.583553585231132463625579615109539212      
   2.10776768189272293606598501013401708      
   10.4123665976316983787762936815214137      
   17.1954187383626864147496332500279540      
   23.4498092483651041350150950656610695      
   29.4229903314001065369576496210412031      
   35.2421665714444990447329588835189243      
   40.9956175844987439326056275273925476      
   46.7541221220978631011043929906552912      
   52.5733698969786387624241010470094717      
   58.4876859609212451511681073550110528      
   64.5020532678196521195504737006508129      
   70.5874733723886936653992558479501978      
   76.6803033787347554756387513212318914      
   82.6816423722244752418292100188141660      
   88.4469372149392548522262038832884638      
   93.7120756557418127446371862713958462      
   98.0793023942417837913319373522614484      
   102.364850629482080209105227687867157      
   106.609367282112604490912489482576180      
   110.809677661559086625820560047804708      
   114.963320210223160228572075080869858      
   119.068452678345655221021028712642953      
   123.123756487685058556358512616775390      
   127.128345962704724319935240024122870      
   131.081686247259424855594944850090350      
   134.983521654890631321454364804667142      
   138.833814810697683155468406903002622      
   142.632696085002425986478536577026696      
   146.380422348103785222639214889014537      
   150.077343868399274420065128583098925      
   153.723878137545749864204180108178357      
   157.320489467214309306737428323869663      
   160.867673314752124436735028288479143      
   164.365944428184489407951870865845162      
   167.815828038184384437936893901061750      
   171.217853452401843052124391353656453      
   174.572549522677823630304393603776104      
   177.880441555409423075748260821797297      
   181.142049319948336747173461696409946      
   184.357885880355859399217244001080512      
   187.528457033856463032694481001679206      
   190.654261186633978404229247211498205      
   193.735789535368749112980080358897322      
   196.773526453769151185522098201028656      
   199.767950007258549138431034709619517      
   202.719532538325708902613144596194449      
   205.628741280038036098436336810171625      
   208.496038966894361252363447777134968      
   211.321884421379113200975381654171009      
   214.106733101584990724689124150940085      
   216.851037600465482125882448440775572      
   219.555248091540307820182358117434503      
   222.219812718645271969672280714304496      
   224.845177929732597143637255814053696      
   227.431788756019550297196176271052508      
