   75.5107818239164856378999687195390560      
   75.1004210215191779476660261951065740      
   74.6741597763714614420645920155126527      
   74.2320366952188456723699299897796154      
   73.7740955477661461135204853085708367      
   73.3003819816815526750283271011477917      
   72.8109402971782445542525545542534595      
   72.3058102744140197840001477228002769      
   71.7850240423655399812491152106094137      
   71.2486029734798446373686406647854400      
   70.6965545841917831705192176880097151      
   70.1288694171782642334690998764229610      
   69.5455178768704601096097451864255317      
   68.9464469850795047903340897917996347      
   68.3315770184554682382491544487083700      
   67.7007979836226732627736787109317107      
   67.0539658790107608572302347800108055      
   66.3908986842483799683392838929360381      
   65.7113720081659641690428363723974768      
   65.0151143144175966196190935024656220      
   64.3018016288842936498455923578145400      
   63.5710516145185538399963440507938373      
   62.8224168760892218375061265828657762      
   62.0553773279639204369326770294650359      
   61.2693314207668129855612056204615693      
   60.4635859749616572519923816508479681      
   59.6373443076812507084058591697954855      
   58.7896922587973270157585649015707530      
   57.9195816167204092877313661188708894      
   57.0258103045799234372919012916070755      
   56.1069985001553895625099554593341999      
   55.1615596093636434681224339843997054      
   54.1876646656368759439750487460185360      
   53.1831982451702972046320516296537195      
   52.1457033088255354512261701285580073      
   51.0723114102334842752143226269989559      
   49.9596532969171713784470593441103060      
   48.8037428374618722219546976988462065      
   47.5998240392025883629881626049778030      
   46.3421660126823306244125358114312977      
   45.0237829331086052381391009297236540      
   43.6360432541807997588337944517288597      
   42.1681107113599210003751247274434954      
   40.6061212343056137988843329960462976      
   38.9319284799140985073443794189170583      
   37.1211096702415883170108193605401636      
   35.1396230864337335181772318413262319      
   32.9378053536164992065763226391273418      
   30.4385392620480230989961764372797754      
   27.5106809973374585490236210133253309      
   23.8966399746609057452755781045224529      
   18.9372147090420453522876825098450896      
   8.80069443186975358406266008300235024      
   2.27846619093882632322893926995835673E-0004
   1.22486126645581233483029458857122750E-0004
   1.03423323222649897049890957644342799E-0004
   9.17892732369492537642879730159242667E-0005
   8.12661240664070936495809394893277868E-0005
   7.05899927129619427534549312513820618E-0005
   6.93376709609877972839208692966655138E-0005
   8.68607116596690432573303365466545968E-0005
   9.44864312172132437344006027391591395E-0005
   7.35583015088400156015398576664039697E-0005
   6.42594533339903717583305153499078887E-0005
   5.81589152865865004258021058841582294E-0005
   5.32624234962102348686418472085885621E-0005
   4.84228131997099647144656472155239632E-0005
   4.30040446609225550925174554849794981E-0005
   1.55806536181946102095688102581022241E-0005
   1.55685909264253320885530911746766639E-0005
