   5.82919540056770608825392383961069432      
   5.83876310260465975165874577520269685      
   5.84878507698650032517579196784693305      
   5.85925208330326763431836156406390886      
   5.87015410628476480375152570999196922      
   5.88148042886144878714291758808525927      
   5.89321969819821492536822518450064476      
   5.90535998479831706802558692191037887      
   5.91788883481522108623328286284924737      
   5.93079331572934125034839071327050512      
   5.94406005554664733274544235159985454      
   5.95767527565977495490178773062128948      
   5.97162481748048719359620513809613244      
   5.98589416290714765140378597066752941      
   6.00046844863044373076368771297123006      
   6.01533247420709944246852137320025977      
   6.03047070374026381226921989265392669      
   6.04586726089731753348762408444502925      
   6.06150591686466653151825956424733526      
   6.07737007068220597671151891062958124      
   6.09344272120882600409435762508627919      
   6.10970642973688882430398165708511477      
   6.12614327198461507685933568223087243      
   6.14273477783510719088925151379413756      
   6.15946185673627909054040664003873412      
   6.17630470609608800746544877628425019      
   6.19324269926168857732693371016071838      
   6.21025424869820608281049826440304777      
   6.22731663870237625771103902463314028      
   6.24440582027929109556034849631201403      
   6.26149615850850736252740555308872366      
   6.27856011958021255901987885757038787      
   6.29556788032498746841114746648347327      
   6.31248683693544100198247183941324202      
   6.32928098082811869703914326423292391      
   6.34591009687395799105620367950231917      
   6.36232872037587613897501966186961782      
   6.37848476064065211734964234237367800      
   6.39431765477906677631606935496024331      
   6.40975584503535191460305624252206502      
   6.42471325772999597310798143131902553      
   6.43908426680560351217456062766048434      
   6.45273628198262459797056345004979862      
   6.46549847210580660435094421124425324      
   6.47714392031163572836560221319575097      
   6.48736002512030616214149623416790011      
   6.49569651137313961915037079160966988      
   6.50146732753775422313267369358140255      
   6.50354728949307726457801727563060226      
   6.49989082502527449226802963390264385      
   6.48613106753193695804923718253562147      
   6.44964020133584273260066379838368156      
   6.29101223778978273982515688410551598      
   6.90632338937716537864177886624067548      
   7.04392587264222545534370106907029667      
   7.14495969183134094915265087469240851      
   7.23215988570290633831590071979711920      
   7.31209023165348555861867549734054811      
   7.38749749119019037274285769706418760      
   7.45972796924646132673955588632634791      
   7.52947691035780212387868979173000326      
   7.59706917008248781140606828802620210      
   7.66256398525420605958330377550345463      
   7.72578430152229539602947553355010773      
   7.78631366237360095148613128437341980      
   7.84347039521470549977939358786183475      
   7.89622490511628856867536679556326141      
   7.94287856140912756295282926835536001      
   7.97835779685217185912497214996697699      
   8.00663018129645820468831122403721109      
