   4.49107894354826706848803578834996569      
   4.42954174801563561693559959839322239      
   4.36887613269608076236646839826539328      
   4.30902773884798804439296546350055463      
   4.24994575934054024948116933200328891      
   4.19158250755646726529085457468138435      
   4.13389302268866502963577889404736551      
   4.07683470708538790491237945913110713      
   4.02036699161001179322186298924988560      
   3.96445102523885827571130310859104491      
   3.90904938532974880264594334932386134      
   3.85412580515540349775350070565945083      
   3.79964491541020461505093516276446102      
   3.74557199646398818308501764525479182      
   3.69187273814955518571163912683615881      
   3.63851300382503399383011529030921467      
   3.58545859534112878920236506970191854      
   3.53267501535498093266558845207104180      
   3.48012722315316907010879326860636525      
   3.42777937975657545111751948069042403      
   3.37559457755437770431566207303851444      
   3.32353454901945126254262621342838558      
   3.27155934814884510916779611420872311      
   3.21962699708997537817187648843701103      
   3.16769308887616963766181593711408906      
   3.11571033519447523010758422774246675      
   3.06362804549399950948394876314792365      
   3.01139152030866645556163485229498018      
   2.95894133712346881075928835927459449      
   2.90621250105115137200769806103869284      
   2.85313342442078443579773851061842560      
   2.79962468826597609263245253578091880      
   2.74559752339119622609813928074643883      
   2.69095192733493087612324252720641517      
   2.63557430331160843620901139753588005      
   2.57933446373883954478758455305338345      
   2.52208177735048488978462975422589818      
   2.46364014404030744167222035908275920      
   2.40380133706986896376082914770956565      
   2.34231602680589393335594545385379753      
   2.27888143874867156306718781385530677      
   2.21312400119585276855772225274777369      
   2.14457431449146215560333117445974139      
   2.07262994571565910896895459861686754      
   1.99649811934411809529511056843705069      
   1.91510352065198781601496434803863507      
   1.82693167207225735029872074103987265      
   1.72974339888762034457544182196338935      
   1.62000244451212313025897675174880744      
   1.49156476404010152138716071804663640      
   1.33201713844397459860596424086247056      
   1.10823779112146603468202983382016638      
  0.606278004589701056503472873057892331      
   6.72016221355280771657573028825084148      
   12.6278238395264743171930115349994915      
   18.0503507088962517573613178743805691      
   23.2411654348577231380372739922128516      
   28.3052775106318649939994661196031674      
   33.3040971273525211035917308859178367      
   38.2822928839340909265813937038665984      
   43.2766764521062448942247438968630300      
   48.3176548626878163455565999348218220      
   53.4264883588554023781805997241524577      
   58.6107075231598976198628547157682812      
   63.8598633060995390595446244428530462      
   69.1424964044118292718575806493578325      
   74.4025754866990293173473913850670375      
   79.5469712286532742581840438048885965      
   84.3358933155584540285344246066689344      
   88.8405963093663500099301192379676056      
