  0.419972642134318506794615018532913527      
  0.443465425113235666827105904754163185      
  0.469100224489130991707914277302846349      
  0.496870820111164586231691597805792186      
  0.526785279736755914876262032838074863      
  0.558871006277624195509638100514364050      
  0.593177515676982888954770432060219054      
  0.629776669883558309153063431469920596      
  0.668761871328049068288024438712380276      
  0.710246290445301359870292535481587740      
  0.754360829770951292030284750821569673      
  0.801252554271033960963523980183983080      
  0.851083130726036161635732076954249624      
  0.904028154338017914208569630063685353      
  0.960276546728491324583856440050162640      
   1.02003057059713824127553287047582214      
   1.08350599688904104925312239459989526      
   1.15093258087124703588180428232275734      
   1.22255463436278335168143010022883436      
   1.29863176296183850243569437366004608      
   1.37943969324254321259249794468734961      
   1.46527119408158460297001325718301112      
   1.55643704691118756496553353993755887      
   1.65326711113184401967179060973438282      
   1.75611143931815972385240234903801845      
   1.86534146523288077758838999203232021      
   1.98135125120847364040143740892840563      
   2.10455881231434577909534152125206996      
   2.23540749789298441266706124656060233      
   2.37436745104654770585424137679850947      
   2.52193713201788219084959854799955599      
   2.67864491796991585827825788762873535      
   2.84505077037626436443410395580025254      
   3.02174797444214968850715411041323805      
   3.20936494719177677592058638520419790      
   3.40856711224307328820731582870645136      
   3.62005883693253887363615893385078050      
   3.84458542644403550060897761575933679      
   4.08293516669923209748958464737315166      
   4.33594140643129931147548864264207495      
   4.60448466457983270092738312447421704      
   4.88949474654967521242696119237818391      
   5.19195284782210958500556155067640979      
   5.51289361850474249859161393070443885      
   5.85340715611959499272128045216744227      
   6.21464088644251961004600633217984189      
   6.59780128340523258113228252056266726      
   7.00415536879363994357296919584232010      
   7.43503192021221592326289127670837953      
   7.89182230167223517428629822750015552      
   8.37598081484501764332044908581574473      
   8.88902445042037650690352443329212658      
   9.43253189820385940738909693803720649      
   10.0081416518113181191552750361637660      
   10.6175490197207100058707383567736723      
   11.2625018302284443355665186721593290      
   11.9447945956650082606112449068922943      
   12.6662608845316760128935551095807654      
   13.4287636446516732444907094888729375      
   14.2341832348783772365035586171545703      
   15.0844029712080678604070237392694466      
   15.9812920965116479017694309021473943      
   16.9266862729247680341476197774144022      
   17.9223660165054917151006342887037847      
   18.9700340028472360628971609884037423      
   20.0712929370318024708412546990724847      
   21.2276267662959820554115096481910986      
   22.4403894624207006210885769473586960      
   23.7108074165372302838497183999690636      
   25.0400036318373779270329311040693620      
   26.4290543079824862796014177876419984      
   27.8790910271406202554089562334405101      
   29.3914644745428108649609030022753050      
   30.9679880847628189997364605916490558      
   32.6112811090551256314225533807201430      
   34.3252280567928681151651894438329207      
   36.1155617940469069008989919285479367      
   37.9905574315550490168017323531680332      
   39.9617932686835475616859824476774943      
   42.0448995132135095472927978021863663      
   44.2601869907815290353235551891115388      
   46.6330368833277534284393059469849031      
   49.1939378014807249393501758979629884      
   51.9780638536556397546089494755690148      
   55.0242814740337848093042880526149292      
   58.3734623351271924750112615495057384      
   62.0660293210664774964742637887654562      
   66.1389377132320091935259003265504259      
   70.6231597577491397473983989526665034      
   75.5450024761912475766785746679788535      
   80.9397770582716014615638066837567597      
   86.8950808651076270421320567899182023      
   93.6420616822781254525847498385754166      
   101.670341875427469165183219793157559      
   111.760409852624388302244716832402773      
   124.841604430379772138530823363373984      
   141.730696155007755189951912154751145      
   162.904158754768662563663503377292873      
   188.429040650361992732914885455792084      
   218.076041765003839736465720679923070      
