   1.20043527630877246270904508529621565      
   1.26932720995747953460605627326085677      
   1.34480127194234152724755066347069574      
   1.42688352253321723916449646618915443      
   1.51563151041956016293210706037423088      
   1.61115131766806783300745272977042565      
   1.71360945403236943564504013775876982      
   1.82323762587300705165660490953431067      
   1.94033373666369346113569618293291440      
   2.06525896028721954269985717020368073      
   2.19843297137276509558300913882898520      
   2.34032974549677901033298022514194583      
   2.49147299472016644503421165508364242      
   2.65243402807793552991658388284639302      
   2.82382987706164007990209482521826743      
   3.00632332286436361074037139835089595      
   3.20062351422114357969566866739516267      
   3.40748761499989734455360040326195500      
   3.62772284904878658751798073907918657      
   3.86218912153570707481518589463516297      
   4.11180198522505141031728792550718466      
   4.37753595383759697952107201353035498      
   4.66042802498034168366677041393650796      
   4.96158154519874571907940613324480386      
   5.28217028486730961029400747307615805      
   5.62344279192889651640210249670741086      
   5.98672698803931079505383832445795601      
   6.37343506233433517171033489264766809      
   6.78506861009672312406621353768196412      
   7.22322408223067063141144041157110617      
   7.68959850956957136567947443432967122      
   8.18599554519868431138864733991524871      
   8.71433180523295103892017960387764785      
   9.27664352819643699373253007081528506      
   9.87509355048099518524055324873676119      
   10.5119785999769790601714910344847646      
   11.1897369034351962108594749324644812      
   11.9109561006452000502237526825445562      
   12.6783814503778424883234798720009451      
   13.4949243096330779763253918554526099      
   14.3636708554359775237000599622316773      
   15.2878910112440953749308946738169701      
   16.2710475254095048944605142894403376      
   17.3168051349733518153764489963010169      
   18.4290397296869032824433457283534290      
   19.6118474090803952353565556957935951      
   20.8695532992540629702243250911015307      
   22.2067199653113283315707843959656489      
   23.6281552183569310421811424460305301      
   25.1389190730687838015705594065855028      
   26.7443295617880252712898404894840425      
   28.4499670534126174671171928711331734      
   30.2616766600927297918913228448789001      
   32.1855682421638216216693345398959235      
   34.2280134434026701590408022835954859      
   36.3956391076360158908561766195973303      
   38.6953163497608847630118956301322809      
   41.1341444891757056558255570088719993      
   43.7194290178980857771804279798742551      
   46.4586527960101246022278378478920061      
   49.3594397862991955604591435971277832      
   52.4295109254783989129004242427776903      
   55.6766322841964641905837939982399505      
   59.1085566434145810539049889774885187      
   62.7329612193834041106742194669230671      
   66.5573867688808262758425377767761578      
   70.5891870029980816581741367449969979      
   74.8355024310622977368715151659812499      
   79.3032796971957664225555082561528364      
   83.9993663433166170848193070314903231      
   88.9307218668173379557729061076006773      
   94.1047989967666567725141280249412830      
   99.5301639679951729384091428937677138      
   105.217439638873500778971258827843286      
   111.180666194559990399104074150585854      
   117.439172273017932755006602300710485      
   124.020022233546849290941954167998169      
   130.961041830256341334565799099879224      
   138.314325774433997849454699502570276      
   146.150021351405438607175767527329754      
   154.560110130167186178029613408478763      
   163.661921308614077753992365733310515      
   173.601212343457311940109993558257174      
   184.554791138326099397142572171169774      
   196.732733839291057030632504087674114      
   210.380193174886061994118812389040827      
   225.778598009928947483987936205507692      
   243.245883848886460697191800939052379      
   263.135826475359894935621173221934488      
   285.839357122478756997554964652955809      
   311.800791816265157851131635363649993      
   341.585102744331947238453633003059874      
   376.043860132249221334009615747282935      
   416.523807907816488259781465888348136      
   464.871122028886398734148694750246542      
   523.126584824627498258287240021041384      
   593.178704537204931041691354058399099      
   676.523955374215140033663297070481025      
   774.051731689177240252301507506958178      
   885.974775990456500515855334542495453      
