   8.71589561355050621964680916467551378E-0003
   9.66742778908632942518941676981261273E-0003
   1.07685587919494662365206288548670317E-0002
   1.20366658256284354479662219219142954E-0002
   1.34908591566448137441969774244407129E-0002
   1.51522665910541566442161386239029779E-0002
   1.70444474987945900922688742837416403E-0002
   1.91939129183622990654932305688916076E-0002
   2.16307306865575247430805049680083585E-0002
   2.43891613540921486300838122711649886E-0002
   2.75083002449756294968473447010892115E-0002
   3.10327324966312781246495472538157807E-0002
   3.50132033459099302743857017683732616E-0002
   3.95073526479885406782120221228031489E-0002
   4.45805221957728197691968171471064550E-0002
   5.03066781973379083484905012530040817E-0002
   5.67694596047806673065457266927416456E-0002
   6.40633781890042226618282946675691762E-0002
   7.22951835306698318113476945015615878E-0002
   8.15854160458921168644050376908501133E-0002
   9.20701681938621185050442785899859339E-0002
  0.103903079651476087736153329820441859      
  0.117257593456076333181523410270003079      
  0.132329508357585093913975608424232195      
  0.149339862977784264231594261508582192      
  0.168538195729691774122386259227635166      
  0.190206228439513557815827144786018889      
  0.214662029975721073923272525992353591      
  0.242264721361087137477836213248370327      
  0.273419794823497448716567214673762931      
  0.308585126560602602160429238679719817      
  0.348277775782785489807943587812242775      
  0.393081673473911454188101195310717540      
  0.443656319511605298079605304613945154      
  0.500746622398871134684269324898202511      
  0.565194034505378038986143937892080512      
  0.637949156720211689371634926734386773      
  0.720086010642304047034340600934666244      
  0.812818204030594461498822617629733272      
  0.917517247171245553874582364621231876      
   1.03573331421772720230791206971462777      
   1.16921878578229035831348309865299557      
   1.31995495750587939564358249711326721      
   1.49018235544256613786886468627448852      
   1.68243516395807225884753163748729175      
   1.89958034700400135861985665666451285      
   2.14486213088043501188579349425577457      
   2.42195261805298633287603367941697027      
   2.73500941965178659970464898495641275      
   3.08874133190782026021820457035621634      
   3.48848324231690118601063654671422674      
   3.94028163866717956120604824554080089      
   4.45099231270022612640413034826466217      
   5.02839210511474654995952815397807787      
   5.68130683536486139211885353586181655      
   6.41975790395485607803772404954954376      
   7.25513045204400946608584767514878343      
   8.20036641700057798712505023235074692      
   9.27018633343657368839278325503649880      
   10.4813442910580063343777073308855366      
   11.8529210569748626804880485690170525      
   13.4066609721789345243287820632594749      
   15.1673588031819067950456268869839805      
   17.1633032476463164904897652236321129      
   19.4267842999582426309636511209846560      
   21.9946723750341117928018544136164392      
   24.9090784135204242104937513142319600      
   28.2181068600446993586574682572384398      
   31.9767181268662074245663012996106528      
   36.2477238454155435990823042749161373      
   41.1029445676819609249004692232653540      
   46.6245593351838222816656576311642340      
   52.9066583181884858783475800677214503      
   60.0569581484453839462481243111281991      
   68.1985399180941871041855755193134343      
   77.4713158996357748956886176126834648      
   88.0327305245041793447033921245291309      
   100.056968534854848001661932189506764      
   113.731680661867934026150163073159461      
   129.250935238015203997108691919881658      
   146.802808638811772392831300243020918      
   166.549957491189290298605989025027257      
   188.602128934221014439880447492175232      
   212.981487742017631575377655548161984      
   239.585481799421982244462234501946636      
   268.158064197025787194399621573911563      
   298.288122132374532922537080004197832      
   329.462490533612584332836053023083394      
   361.206656994306968283695197042001740      
   393.339924692584075968685288448677518      
   426.317179643268231245585721062830634      
   461.419914809524696468249651034742724      
   500.166621932305917107493435975785552      
   542.612707527956720673978961939064465      
   586.312012146387600084944164730244815      
   628.263704374916939306096864507361681      
   668.222083965301592246556326948322781      
   709.642201176177480628736631441080151      
   757.657360086963283606546460733029273      
   816.525867697156688326848763106386288      
