   52.7059408269116536466461471752309713      
   51.0386835502133654595240459536146947      
   49.2799853620349645928977670737685471      
   47.4123749963231705521888688397482609      
   45.4108957368765584956132704763924639      
   43.2382571719175753536816693061850465      
   40.8353537298882868677619234411098475      
   38.1013687910690834134061352924165373      
   34.8523554308372064134331167417862909      
   30.7591954642259749144065829788359882      
   25.1541787419610395547994516642721296      
   14.7851322613151718510605606428209909      
   1.37467618528119224722959107818123653E-0004
   1.13714963837954672049693485344645140E-0004
   1.10052909878953215666429483518740524E-0004
   9.83646255969005754110572144781654677E-0005
   8.56796334069147876324341834230693497E-0005
   7.64536983899580863046140775124627882E-0005
   8.44134809492145398940479546281845053E-0005
   8.90087549906353093113801199758771744E-0005
   8.77789442644091314681642851722000153E-0005
   8.67059956234260397945091361178322197E-0005
   8.93829567146235490515107750053195336E-0005
   8.81172234853167447131281110290491300E-0005
   7.23933880531761931895124511505324088E-0005
   6.17390789324708574029911229219329364E-0005
   5.23889217098172071084015987825304465E-0005
   1.55216583298603313864339552941488631E-0005
   1.55212914858672903357729698258967474E-0005
   1.55209300314735414363586911361494047E-0005
   1.55205779970490695405502170866603765E-0005
   1.55202383771436371412396640313119537E-0005
   1.55199132752543942302716154451609063E-0005
   1.55196040364308601036035705347203264E-0005
   1.55193113839422852935211577258051781E-0005
   1.55190355492735309348970669922402012E-0005
   1.55187763888252412387435102791675720E-0005
   1.55185334840692658108053000347351938E-0005
   1.55183062243837047083546025722621423E-0005
   1.55180938734100565462646884202464200E-0005
   1.55178956206916822209114886399734914E-0005
   1.55177106207534525044984773194061265E-0005
   1.55175380218391425896388492258756445E-0005
   1.55173769863747280589170159755277880E-0005
   1.55172267049735916305493799719622291E-0005
   1.55170864055113748283424769825982691E-0005
   1.55169553585149485269306401824593775E-0005
   1.55168328798537395087372291953889645E-0005
   1.55167183315019084409179152187144296E-0005
   1.55166111209582980335487477003888430E-0005
   1.55165106997651764288471500415988206E-0005
   1.55164165614520695874217645495121381E-0005
   1.55163282391423149585938467908989312E-0005
   1.55162453029924533629954093537477054E-0005
   1.55161673575838379793750652509272475E-0005
   1.55160940393480773087291443787315363E-0005
   1.55160250140802864493281918656313329E-0005
   1.55159599745739632573371452062516531E-0005
   1.55158986383969143830901129136296916E-0005
   1.55158407458174806764100390160649127E-0005
   1.55157860578832731657249742500017523E-0005
   1.55157343546498716747982394572179469E-0005
   1.55156854335538573066802283559564878E-0005
   1.55156391079226134267556603729605040E-0005
   1.55155952056123276242189965447435129E-0005
   1.55155535677650946749510538513406993E-0005
   1.55155140476759988581327543149704096E-0005
   1.55154765097612418888918205588275718E-0005
   1.55154408286187622135356811864298268E-0005
   1.55154068881732726863704964347547334E-0005
