   184.686498274805239048666159270522700      
   180.661182115733522897237977086596084      
   176.232179210820796831379709691052360      
   171.318877892570530499536159446902694      
   165.809392833762135480195405970965512      
   159.540778409064210645331638016569070      
   152.260589540969904932418770320177466      
   143.546395916489906486244037124040865      
   132.635941062242961773394784319947696      
   118.153113963321888621064590433354872      
   97.2961043287815229804044513233020797      
   56.9682093403848546880169808476291319      
   5.72183714340346829494427541518424030E-0004
   4.82805565796921747263105621686480986E-0004
   4.75128450761149281002365856357856477E-0004
   4.32580388175972734108438738760997917E-0004
   3.85057469869849058134905764577606748E-0004
   3.52504336383198662354084902571735544E-0004
   4.01044843422967019130422819475805643E-0004
   4.37794474586921194767165471906176279E-0004
   4.49094604305443229065890469857149244E-0004
   4.63334701243635339454851012422210744E-0004
   5.00185781081007909945208094353217986E-0004
   5.16469210803630123849473217886939581E-0004
   4.43078610327192192816542757981161882E-0004
   3.91935726142445772093422295562796679E-0004
   3.41201811198483130622485152459085732E-0004
   1.01904082552103977634628234462467847E-0004
   1.00843305036602575948537035053828864E-0004
   9.98318949403290849569283918001586504E-0005
   9.88664841933111554904177101147876616E-0005
   9.79440095991557315938048205364659647E-0005
   9.70616784533814739540339305753839495E-0005
   9.62169388075743734430134698863186859E-0005
   9.54074537504467710303794512687339654E-0005
   9.46310790326501242026145394525035313E-0005
   9.38858434952087171575606042504287862E-0005
   9.31699318678655718334262306629399508E-0005
   9.24816695874566268110150140740949175E-0005
   9.18195093515252940785688588316151492E-0005
   9.11820191729794977932715247262431258E-0005
   9.05678717410390064857603401427151519E-0005
   8.99758349244518169117063050736321612E-0005
   8.94047632777079215938680605297367756E-0005
   8.88535904306206149315284462524815830E-0005
   8.83213222581680319131220791107809779E-0005
   8.78070307407899047993917256418388934E-0005
   8.73098484370409658981018957133200568E-0005
   8.68289635000334804155362576755799588E-0005
   8.63636151776720938932522789405067403E-0005
   8.59130897438386798046826083776619985E-0005
   8.54767168139992475080196118594070312E-0005
   8.50538660041771636520323464144179452E-0005
   8.46439438974443465849772449005344065E-0005
   8.42463912849033184088493894172328396E-0005
   8.38606806541497482998875264891025345E-0005
   8.34863138990207103611242241743406893E-0005
   8.31228202287641003488312484212334991E-0005
   8.27697542567141246165801256476580905E-0005
   8.24266942508532857779866820795877583E-0005
   8.20932405304836446238074392246661108E-0005
   8.17690139950746237942371962119217062E-0005
   8.14536547724860268289032370325085931E-0005
   8.11468209760523517107802072316096885E-0005
   8.08481875594481451029420143643923229E-0005
   8.05574452612560686187117257813035984E-0005
   8.02742996307099872481223543471068586E-0005
   7.99984701274293698741397531015218220E-0005
   7.97296892886239462728127323271019092E-0005
   7.94677019578986596426562182368101662E-0005
