   1.24191228361924607783403891672658189      
   1.21705809479296834405911528771228610      
   1.19237481284216490295915536912158833      
   1.16792527056493899113696509424412562      
   1.14378383779089069211016785396154624      
   1.12004384464561881064341761896644422      
   1.09683097416598563609334529287873521      
   1.07433233320630914944767921693244222      
   1.05289217740281679005073383243257017      
   1.03347904694262623034378446375268913      
   1.01922826325639137711422482551876281      
   1.02713461843169067512058734880888522      
  0.880180837590439485615233048994423684      
  0.845926783273519457520166598220736257      
  0.818131403272888951321496186060178670      
  0.788472064449688658915354656202087575      
  0.754998641183580452447118085201235660      
  0.717315386298736602452208864637088463      
  0.675584726221508602701395325449779107      
  0.630328548131946552529289389457658491      
  0.582568647740510252903558401750205628      
  0.534011586424215643053729749676779573      
  0.486954996362579540978664144235100061      
  0.443889439214192429707081167425184422      
  0.407078636575963455103809214466311308      
  0.378383912471068979455577005096132655      
  0.359499540920831779944500315532084553      
  0.353781523908448605500966730839586868      
  0.361246497206499411651942449648482031      
  0.368586079709513888619751467319942535      
  0.375802510389304829749397783450280877      
  0.382897995716525864456078192909106041      
  0.389874707866178673875232978077137805      
  0.396734783453241287611055737902343148      
  0.403480322711724581601295060788928760      
  0.410113389048506176682759044413255874      
  0.416636008911162032700453004073304108      
  0.423050171916190508309971219311125950      
  0.429357831189679649053275691427005640      
  0.435560903879124881154871120516391574      
  0.441661271800293290280740032231093963      
  0.447660782186954505442054295762729858      
  0.453561248517076916893543947010115556      
  0.459364451391249652815977968086387111      
  0.465072139444518401416132293936439833      
  0.470686030273556981334108400461043241      
  0.476207811366504232459308601900813540      
  0.481639141022584774926159196889113235      
  0.486981649253168689677181804041535644      
  0.492236938655936684160936185993332046      
  0.497406585256519287051966832158671091      
  0.502492139313323723030784546718718390      
  0.507495126082705327255942565793341436      
  0.512417046537969735425958790126659943      
  0.517259378052334631679010066715448279      
  0.522023575029802512846212338501967278      
  0.526711069496349619165190113197728723      
  0.531323271646854230934540835922682566      
  0.535861570349933697512300800277665596      
  0.540327333611854735710772062425476839      
  0.544721909002011251811805474740349435      
  0.549046624040755971409696050336646948      
  0.553302786555398795898459413593220921      
  0.557491684997307199219316562024971847      
  0.561614588736459170673557730703666172      
  0.565672748323469624101421515042139902      
  0.569667395727396467214790643775227138      
  0.573599744550596054528750189964326074      
  0.577470990222666891438641001753319319      
  0.581282310175363516727348145135636323      
