   25.5609701966351035855553402224603038      
   18.1244481185044916976391594068474116      
   14.8101904357639285160375854462155022      
   12.8299691710230869024446392993479805      
   11.4767693855593912198298109595990981      
   10.4768674328299040118839125394036291      
   9.69906243522528471403305498178068158      
   9.07156997774633117300298268747585165      
   8.55137563122914628224836487421878240      
   8.11092843055618915528431749930602449      
   7.73165758442578381897048716673508118      
   7.40052909167484065616856419446516572      
   7.10808968504614579769145520256868998      
   6.84729396246692910968735857898888386      
   6.61276913916942563897993084822691330      
   6.40033661391568259101582518287521759      
   6.20669059076856744133627884071850630      
   6.02917619810903156390168192312876759      
   5.86563260272544225624073676433328030      
   5.71427974358614938130685317757366725      
   5.57363505370818456347512335371905190      
   5.44245124968315112061144225884125067      
   5.31966921253491591892688966817226453      
   5.20438186799721368514967988824944450      
   5.09580620702494179136233976118348446      
   4.99326141051416112582228168935435744      
   4.89615160298834900128694013112124432      
   4.80395214954415789985733198208051227      
   4.71619868613910518443266791486175283      
   4.63247827213243603353207779260447672      
   4.55242219967661470702658903375055823      
   4.47570010296378632945702681073348165      
   4.40201509190349857993418378098465929      
   4.33109969688201852019065296886872674      
   4.26271245880389065013048812696877114      
   4.19663503528170564005038298111182975      
   4.13266972218584520641032979688731890      
   4.07063731177937872378007236167335809      
   4.01037522575899046470232857958171960      
   3.95173587477696432268321744529392809      
   3.89458520638491243278336614238913549      
   3.83880141130025774052213226139166249      
   3.78427376417426902799791559075648411      
   3.73090157981214435790008100045514944      
   3.67859326954987797498125829806578768      
   3.62726548538876587029795372308648453      
   3.57684234167083874482109348044286009      
   3.52725470587729358795415629035714267      
   3.47843955139758433258084515234124996      
   3.43033936619138983492780187284822596      
   3.38290161206285631710953580696671420      
   3.33607822990989251147555130248280513      
   3.28982518680380507080675227103765750      
   3.24410206117139014015822941759732352      
   3.19887166267518755857835055719391912      
   3.15409968366742262136787854345993823      
   3.10975437933232402779112897543804121      
   3.06580627380819228081614017914399325      
   3.02222788978650242413465101826188695      
   2.97899349920389325351774774564791726      
   2.93607889280728862049387771753236703      
   2.89346116646696764462410592928829360      
   2.85111852222370296829149397947371905      
   2.80903008214024569900888724906526171      
   2.76717571310051899940543128953102529      
   2.72553586073528809377648922978903176      
   2.68409139070877565053376480127664143      
   2.64282343559142548963561034895734806      
   2.60171324552967182388333389422732878      
   2.56074204089614405421516960795451077      
   2.51989086499957427503111946879547735      
   2.47914043483576199190932878821920627      
   2.43847098768406398457214725631791911      
   2.39786212113053458136496618693265406      
   2.35729262379449730892996980727607995      
   2.31674029365591435877623816683314098      
   2.27618174037443926604888635549830490      
   2.23559216734871887387228604289488530      
   2.19494512842553544120816865120380468      
   2.15421225312434720338396768381150840      
   2.11336293283976031505049762614555744      
   2.07236395872047439087991744535583191      
   2.03117909956212486865709719343938829      
   1.98976860500350308144536402820872528      
   1.94808861520629464726067112215525509      
   1.90609045273637669574043470754917358      
   1.86371976495149366218500101277655918      
   1.82091547500964863912342883792972561      
   1.77760848550882538567631156424613945      
   1.73372005886505329269304657187200383      
   1.68915977008607790714128009771112672      
   1.64382288623870857332863176760415004      
   1.59758696552950502290376899787791122      
   1.55030737614865329415001718665047961      
   1.50181129118532225554958329362345972      
   1.45188948722944989458001572960078364      
   1.40028489931292974848226781405394294      
   1.34667624830565360218524001948936212      
   1.29065393083723700990704432908134104      
   1.23168326932058009625557633661185938      
   1.16904609068882372489914811043800736      
   1.10174282721347605640276462081460340      
   1.02831686287765140157138237100810314      
  0.946509096290838920039672133329370988      
  0.852485833980006143904111767939388454      
  0.738752684007940617195681001281139173      
  0.586364639044584566617832282647481591      
  0.293415641887963865997074435608280615      
   6.22135935445673148775338200279134994      
   11.9730893619951097076406474649836410      
   17.2467911560309142511530787218826190      
   22.2976274208678618340963991176131232      
   27.2281157674766488671735727798191518      
   32.0968075096334760998814051320387920      
   36.9456845760092764016432849084912446      
   41.8096030459969552269275865212873027      
   46.7185301282595844135368492855406307      
   51.6955117720938500978336393695737994      
   56.7523081291180448720689718996857594      
   61.8847930468703110855171354812288679      
   67.0694798436767402396650079306037497      
   72.2603819033561035587286045481587330      
   77.3806202500557241963565334069099530      
   82.2549465722489172255138207280438120      
   86.7922058382356245356035161503274715      
   91.2806442706393469138236945152898052      
   95.7187272255716485887083032751858656      
   100.105496396918017237881371305911801      
   104.440445551024980969938810117739827      
   108.723412881638501149310473884229309      
   112.954491163104808618549061774677845      
   117.133954901919004756946225697903122      
   121.262202689191524575690406743687468      
   125.339712569054786753598584888609791      
   129.367008217649088831447422699650552      
   133.344633894228183418277026793909654      
   137.273136379698745497287385919748107      
   141.153052393387342814847505477126806      
   144.984900243387225624518084367214958      
   148.769174702265196176111311880816096      
