   1.26232135081975735110610103747273703E-0002
   1.26772352616093669411898357640544611E-0002
   1.27353569349725041311241813798802729E-0002
   1.27980793934560781454958653859639441E-0002
   1.28659904670143290400633098254001413E-0002
   1.29397859937524822819865678380221137E-0002
   1.30202972363233376863229357058209940E-0002
   1.31085270785999088146965964250924430E-0002
   1.32056985051916604208924651006734149E-0002
   1.33133205342579158113724689871306672E-0002
   1.34332793476184208782130112826068597E-0002
   1.35679663862769743192023150540440779E-0002
   1.37204615721444228414591667822595767E-0002
   1.38948002410145276148555239361074281E-0002
   1.40963703221839954079257136359389453E-0002
   1.43325207644336335251109395499796133E-0002
   1.46135397937465691787952280252325471E-0002
   1.49543606049486960397402258285143533E-0002
   1.53778770805416445319107046922662173E-0002
   1.59221129964008893861628836583144722E-0002
   1.66574220812076033762486486307390003E-0002
   1.77350817914699049087422566213264004E-0002
   1.95744007747630661646037502354521729E-0002
   2.43458041399086200639067604824706484E-0002
   7.78976074672541092164254688947506598      
   17.3679310948348080295450611923772376      
   24.8028972176430875266764129423434050      
   31.1857568589070741942426773545499435      
   36.8946119926561973756902776495024560      
   42.1204157638990635536179637583802923      
   46.9767846372104595742179541024043979      
   51.5380739972865079706121005523111268      
   55.8560279617332146009730246816598342      
   59.9681826639763541992978686409521888      
   63.9025244939298431716795138932486626      
   67.6802040698847231648659997506035355      
   71.3170928175689486680452910685335381      
   74.8244870008185798677946456766657260      
   78.2088461211452603447825286502407390      
   81.4693034851440649986495101886236580      
   84.5763003826618292197803129817667909      
   87.5364960875607401131656853462061396      
   90.4187783552293484700754355887447572      
   93.2278494897769075973313085747251402      
   95.9679343991041311871731075096268430      
   98.6428466272457838050336796572022314      
   101.256042761441917046403680980507586      
   103.810667750217034735923357328949886      
   106.309593009436725206298756624965729      
   108.755448728458064748635370475291789      
