   1.27248657519762704074999912487568393E-0002
   1.27890408798147001788894023050967348E-0002
   1.28589298759104074164387030901586276E-0002
   1.29353804481128641016238841439247722E-0002
   1.30194238596236589852688239346264349E-0002
   1.31123306278331847315334053405571567E-0002
   1.32156879326851106390439298609642512E-0002
   1.33315091889174490493287697538049905E-0002
   1.34623920353199283843428149350241266E-0002
   1.36117501122524607162142305444415816E-0002
   1.37841580130229152161086220362959146E-0002
   1.39858698888731378493166169286708085E-0002
   1.42256072105084091501295228957151240E-0002
   1.45158010395024044196029997640538570E-0002
   1.48748118027946644648044165962324332E-0002
   1.53317712729797041689632184064818506E-0002
   1.59384814558506967143591237875458624E-0002
   1.68008717668144732475242594653409298E-0002
   1.81826505681590066999895082721902647E-0002
   2.10677977238802259179999760166649445E-0002
   2.75515065735189687620449431866866786      
   15.3247158328740754177601248787578601      
   23.7372508532272973510689753375087815      
   30.6743543522793003972657129560484380      
   36.7467584411511811725395568472038552      
   42.2279368431163658428370159531254831      
   47.2709610389171655386331784792518176      
   51.9723615971110606588749505169840028      
   56.3976137255134429366542678199550376      
   60.5933569972142031229570884025334321      
   64.5939791807631536946053741518677718      
   68.4254151375226976001082566631874597      
   72.1073802338945803372260040667531976      
   75.6545775470614036676642354375921353      
   79.0770185159066824604331791026632207      
   82.3790737597240408834675748020365588      
   85.5548834950041103482056746386901885      
   88.5518907193742789041870169168667262      
   91.4060537060355464136146149414335761      
   94.1876092653128384516861794384919068      
   96.9006073639245331585360235730736100      
   99.5487291205755650944807214640425251      
   102.135332003494195313328872860147519      
   104.663487938035283894005611971783467      
   107.136015750077697327942790508685055      
   109.555509015702091926915566176287410      
   111.924360134410117418385278820984044      
   114.244781260235149735173853412768409      
   116.518822591074581292637129989036908      
   118.748388416922818766662577518541858      
   120.935251252415435179234903310092707      
   123.081064321328495111113961945078822      
   125.187372615657719180368951440427494      
   127.255622716252733985786058818940248      
