   4.10680169421308041920825005388829632      
   4.03448704791405441628052832496234464      
   3.96162917301713628132069145135768439      
   3.88792424990735122181337682571402369      
   3.81302799949816876793743216327917785      
   3.73654320822083100319800097473184902      
   3.65800317369026868983892354832089187      
   3.57684939026918614433249050171906959      
   3.49240111733989867204962614485774737      
   3.40381369010878146352319623244948883      
   3.31002185617927130119618298652769709      
   3.20966479124021639118217489972024183      
   3.10099094518600753211004531055862710      
   2.98173514385183691471306320427163560      
   2.84890512527651367597427496871191137      
   2.69823279166753052705624050547141272      
   2.52277868193763473573025976821782808      
   2.30977133162738739685740009691623915      
   2.03220104075927959224464179929725091      
   1.61276735843892952122557318427222235      
   2.75515072990180426541523280818515659      
   15.3247158332273575405998104255452437      
   23.7372508533279233269822016742456357      
   30.6743543524193154684412292886423935      
   36.7467584413221758136741287524917584      
   42.2279368433347896691575172100232414      
   47.2709610391764715445150082512624583      
   51.9723615973753979111204441537582003      
   56.3976137257730409821604739505023161      
   60.5933569974638778648698306738667689      
   64.5939791810017204632044170341607592      
   68.4254151377500769674883018645244449      
   72.1073802341117664466941974585671109      
   75.6545775472734120318521540226504432      
   79.0770185161375166630652771003018332      
   82.3790737599110723500032335992375459      
   85.5548834951137011091650395777839051      
   88.5518907193759273007999726971503856      
   91.4060537060371745740908673839261919      
   94.1876092653144496903422315135829145      
   96.9006073639261302485147212325700515      
   99.5487291205771503572541369308107775      
   102.135332003495770691281121449161160      
   104.663487938036851010004748505316288      
   107.136015750079257534693972735059207      
   109.555509015703646348148634189894351      
   111.924360134411666983426131681870027      
   114.244781260236695208095380469097195      
   116.518822591076123296930161116409567      
   118.748388416924357806178160022724493      
   120.935251252416971656005759151373113      
   123.081064321330029340551962144083540      
   125.187372615659251404248045657805744      
   127.255622716254264383350307984278781      
