   5.75680188116313107596348891236242931      
   5.75669440201721261164825571346291683      
   5.75651536431632311931050849620578892      
   5.75626505339127331376841623720417948      
   5.75594387356521893715806391606713843      
   5.75555239905639044145253623958274593      
   5.75509175073759101369912940597629431      
   5.75456487606980639104128681736560818      
   5.75397895681819957380769150586878430      
   5.75334827777212885124008426774283661      
   5.75269650175359948959904549831175152      
   5.75205770662259705532859964551793750      
   5.75147620516001226566035735372574242      
   5.75100558983706905703394274423384317      
   5.75070749969574470834560062693301457      
   5.75065042346219982528713182496927668      
   5.75090861657468776308217110814005929      
   5.75156104717661158686084959893579490      
   5.75269023678742416142787703521298205      
   5.75438090154075336263094964732877394      
   5.75671838105096855831539103995755842      
   5.75978692047714966440285729139697638      
   5.76366792155278263832462404862928814      
   5.76843829306102592044085348456096595      
   5.77416901609002928117215977058730542      
   5.78092400578164983505837420431627721      
   5.78875931104090529118423403021020849      
   5.79772265590479213823091696689166161      
   5.80785329651557417210563727021876845      
   5.81918214791537455370700301316535108      
   5.83173212487108327293562743022427891      
   5.84551863885363426455706890725444754      
   5.86055019692410779226144303916933128      
   5.87682905531127640688578017064024937      
   5.89435188913178788232423602091305889      
   5.91311044863554116511940929939669185      
   5.93309218063128011746287057627254614      
   5.95428080094312781537964178200326192      
   5.97665680962832340212598828104934054      
   6.00019794524690968112512604410378193      
   6.02487957783989304708271933293388365      
   6.05067504263036674186050149318528163      
   6.07755591794738930817421974081173925      
   6.10549225171295960034276482989752425      
   6.13445274114941882732357134521222983      
   6.16440487031299944605812228227457182      
   6.19531500971655396135662701297900411      
   6.22714848177139372996262696086472439      
   6.25986959506654006054614905439855158      
   6.29344164970325907135744078694143281      
   6.32782691493778086877412424372354530      
   6.36298657933660976464627077255319559      
   6.39888067240836072073208295280749425      
   6.43546795519622479597881134504009553      
   6.47270577559946084532652784499570264      
   6.51054988191481299862210614335197357      
   6.54895418528739918262616460647303303      
   6.58787045794693802189082311942059834      
   6.62724794894306894560603463749318919      
   6.66703289195796856991972860443707554      
   6.70716786951032938462118318163616587      
   6.74759098296625018680277682481223783      
   6.78823475552309120242454214651927103      
   6.82902466124037806390345484863298944      
   6.86987711949086195624786735662138450      
   6.91069670688233048874562549901211337      
   6.95137219152407302337948485921477079      
   6.99177073576945409918686630761559404      
   7.03172913684622336159158101827430700      
   7.07104004731096655801416690754477294      
   7.10942920111032676518260041136706148      
   7.14651544678189421823870378118645668      
   7.18173543903690065761091519678892361      
   7.21418979904589752155635336415198047      
   7.24229907157694349935071912974793043      
   7.26293300576621994954287746391462064      
   7.26857284411336547807740610677908690      
   7.23062234150960338762123577205570513      
   7.65495819388951032046998342183307613      
   7.90320791542110216146411599829591719      
   8.04907132328493586695409173015193355      
   8.17328611100028679117561984550808702      
   8.29068233544564621380864953051162916      
   8.40711443656256943365809119838310081      
   8.52542980623871850229952982457915457      
   8.64692858699048912945459150186171306      
   8.77172574828592745375668213138681943      
   8.89873296062321847986746277117635647      
   9.02557958443736889368685112207065368      
   9.14862832409127618014871066362645624      
   9.26307364534812545388508892368207438      
   9.36295092064527882943555977051934965      
   9.44052867298052264186616951445116155      
   9.48045209567406751314910371963828168      
   9.47688567862279825445732000313788188      
   9.47340188415002414687126267607801981      
   9.46998442752916738549774119435505087      
   9.46661828420686830968310251876903871      
   9.46328961431685489931829131815778586      
   9.45998569127356614416280666018543751      
   9.45669483423242056444286397284141464      
   9.45340634418212811842081203042847663      
   9.45011044348661113428337040723018515      
   9.44679821869488341340112726658020722      
   9.44346156643979149574738744767255940      
   9.44009314227484924610125830287544526      
   9.43668631228130175410952956401029218      
   9.43323510733418527327402027804244785      
   9.42973417986502427663535878685825235      
   9.42617876300683386253462452195334054      
   9.42256463200249067175200165169929973      
   9.41888806776360869582954674113325914      
   9.41514582247183335265817562584604580      
   9.41133508712572728573110546225042665      
   9.40745346090727020662060830894080968      
   9.40349892233801231104216134921661802      
   9.39946980206963303324588165165054077      
   9.39536475726475280512558396914016969      
   9.39118274747422542033537608017404992      
   9.38692301193848420337558607891669673      
   9.38258504823858583036673516387191233      
   9.37816859222679938201952072052271428      
   9.37367359917185781309327456545541537      
   9.36910022605406966218600441655371515      
   9.36444881494909749740417266067056444      
   9.35971987744318046788390077024478887      
   9.35491408002491520675546058557105837      
   9.35003223040079054771391010892951652      
   9.34507526468212135757589571514787867      
   9.34004423539746843186774253720356534      
   9.33494030028567022729150860533659974      
   9.32976471182154635037000607161394846      
   9.32451880743799588079960294144881144      
   9.31920400040323311413532830225604637      
   9.31382177131166290040395059643882812      
   9.30837366015945524479762783523905385      
   9.30286125896527574178957847312409186      
   9.29728620490981056607513636369400468      
   9.29165017395402790700252201075420220      
   9.28595487491988321009388455774754016      
