   235.280623255560065767173916372200344      
   235.267416041613366799043348683024336      
   235.245371159244081326330904597965329      
   235.214474221318927252960281058895027      
   235.174715614678171206072755423140301      
   235.126091985107675362139883644265616      
   235.068604794701731297106009898513315      
   235.002249408382403211908613409195849      
   234.926987513368354767325676477797309      
   234.842701730446781353388355218879896      
   234.749136721213376458758045263189665      
   234.645832595949318060663049657539333      
   234.532059762126718121569068380713735      
   234.406770614182604115709623120264843      
   234.268585396287915512102570906900618      
   234.115822273888175409646267646391652      
   233.946568530159981468672063421527751      
   233.758778137541896476756867029905863      
   233.550375656752573763539296714410722      
   233.319347977889579191965225967701236      
   233.063811410366599161020087361295380      
   232.782048956176047897380468483882565      
   232.472518939630329726510052569406858      
   232.133840379566416951259969679325231      
   231.764762426554156802075962528430956      
   231.364125284702153170598180504635844      
   230.930818947692460998495005193888600      
   230.463744428402089146494754776677898      
   229.961780424283075683569980624887283      
   229.423756834267213833505278527763518      
   228.848435364289597186015779291625630      
   228.234496654516731364413225794687992      
   227.580532888692202777161014528739889      
   226.885044635474194645047815423460283      
   226.146440644079064025840587072803234      
   225.363039403852258802589050293300562      
   224.533071426595762829101987763604047      
   223.654681380820936839124695875319561      
   222.725929374176488381766826242431618      
   221.744790828931167310836702513225485      
   220.709154517468831841460533591059937      
   219.616818416853371383241253396178041      
   218.465483104729205855887055287493695      
   217.252742452984756851560268900671354      
   215.976071383068246039620478562045394      
   214.632810428036981025111759959174515      
   213.220146802148634362161694307472943      
   211.735091607390316141694902799322064      
   210.174452706073550286296206736466081      
   208.534802653315385785242713877286813      
   206.812440907532450176583993388354630      
   205.003349307884631901780694677173106      
   203.103139511057228371752103843247075      
   201.106990693267590006358714548781893      
   199.009575312806461478042579690060796      
   196.804970052736108271296832656265903      
   194.486548150794042821055877243922557      
   192.046848082161648564308117928678757      
   189.477411844580034054785237276583808      
   186.768583687122761720226495709316873      
   183.909256695492593819647169297719257      
   180.886549677849175878858312413503540      
   177.685389464744218977847915213004041      
   174.287962708391845913954534537528494      
   170.672984319355641217561513624867860      
   166.814703030564012189357004474660479      
   162.681521613849124557081355830230929      
   158.234038099634413905943680784642995      
   153.422192862927256151075709598080935      
   148.180992058436868785148077598486588      
   142.423884452373732294994816134756583      
   136.032108536450296111876361190004715      
   128.836736695295020551704793814052941      
   120.586334493976381119000574522601178      
   110.881945063455587878180334150793591      
   99.0199188224733291071831055123011948      
   83.4963326860292981702880132941052633      
   59.5660374911611423322874822432185597      
   4.23494882183440108146494140419230051E-0004
   3.89601258910055666433102761962234571E-0004
   3.44758232216735337655016431615442518E-0004
   2.95807101071297431683140192362209080E-0004
   2.49412072600828648510323906880150323E-0004
   2.35037734661606730818464882245810846E-0004
   2.92760952871716790714274954443947239E-0004
   3.14559539959275607928323208934676953E-0004
   3.32457744078445001226245616270805346E-0004
   3.70668006809090482846962750006767227E-0004
   3.86299729393882167374710550237334038E-0004
   3.14713558950629745535723300485282987E-0004
   2.76043682632605022399431747834303507E-0004
   2.51985932661436893427805673220158948E-0004
   2.25217733609219688189611065064604266E-0004
   7.32208393034052639098555628541922288E-0005
   7.31932946037859398979469143323700393E-0005
   7.31663880301631095122903008131517554E-0005
   7.31399938091970523614147998206674639E-0005
   7.31139959005743815381699721715062767E-0005
   7.30882874138295724605795525696110128E-0005
   7.30627700568262743703727355837358556E-0005
   7.30373536141075781337468030694789707E-0005
   7.30119554533018933041455844257974886E-0005
   7.29865000581743917120190741799463352E-0005
   7.29609185869203055305660481253591345E-0005
   7.29351484543162991841607771492212816E-0005
   7.29091329365650592595688019540263256E-0005
   7.28828207975363199181618356856991798E-0005
   7.28561659355449976560497858836380739E-0005
   7.28291270494123053844599943891666081E-0005
   7.28016673229266889467394109023716021E-0005
   7.27737541267858944976749245110288973E-0005
   7.27453587371484046827664212875515319E-0005
   7.27164560699593939835071752489952471E-0005
   7.26870244303033327434272902966890082E-0005
   7.26570452758102353205310515538791221E-0005
   7.26265029938841300954530640674146788E-0005
   7.25953846915546939490328295277777447E-0005
   7.25636799976110308410193972206597161E-0005
   7.25313808762933445880529465332021187E-0005
   7.24984814519831181954559372534580447E-0005
   7.24649778443175131573714285568971703E-0005
   7.24308680131861707003531389588127986E-0005
   7.23961516131092972306068665376713944E-0005
   7.23608298564965400704762155464622626E-0005
   7.23249053853140314028212180641949388E-0005
   7.22883821507176474255118853995892434E-0005
   7.22512653002285787284570921665977276E-0005
   7.22135610720433822695481221392773543E-0005
   7.21752766960741599208524049963465226E-0005
   7.21364203013642598842925951973033739E-0005
   7.20970008295329207064877752012261310E-0005
   7.20570279538785991269667790522566326E-0005
   7.20165120038608017789653132608818659E-0005
   7.19754638946417747816742369728787666E-0005
   7.19338950613675485990988102856601172E-0005
   7.18918173979648214886713326112043721E-0005
   7.18492432001482735239020322945050782E-0005
   7.18061851124347135857812531607631285E-0005
   7.17626560788546763109869198171763850E-0005
   7.17186692972356350899181195754892277E-0005
