   1.84051559052455421330919815460376769      
   1.84058431708064881109657379705088655      
   1.84069880964710938686231889127406838      
   1.84085889853644609150168582283335977      
   1.84106434294295867233781255263383421      
   1.84131479823214178413305286641054208      
   1.84160957459666392673016557129160410      
   1.84194681707208910816631791717022102      
   1.84232196166575905718017553554701393      
   1.84272589255449874373586800194882968      
   1.84314347501650687508734426681290162      
   1.84355287857789450357032388488874181      
   1.84392568126388002407302629172449260      
   1.84422747724457068977244499255255631      
   1.84441867468506073697796424904144519      
   1.84445528723692962494760752072035699      
   1.84428967342079008491375799608989218      
   1.84387128169544059583880478505058436      
   1.84314748956877240680635942148106467      
   1.84206459749749651994650304212701171      
   1.84056898357338572302840086500428422      
   1.83860837144797028659722488384489245      
   1.83613312868570545974993682709250056      
   1.83309750103325090461668722197941676      
   1.82946069682193083989387159998408081      
   1.82518775775450360430245802123895953      
   1.82025017992059231583072408850240174      
   1.81462627582181714102585589542051364      
   1.80830129043260838114698340041690014      
   1.80126730011694244160430849849637646      
   1.79352293239154297244181510792919858      
   1.78507294799506823555121353289465738      
   1.77592772581862339064676985002886865      
   1.76610268747755257109131402789605295      
   1.75561769289138332319510486300089720      
   1.74449643220207908128087050863795966      
   1.73276583343407483498415043493550526      
   1.72045549988402413308426811217604085      
   1.70759718658331089072462167604381040      
   1.69422432138320652655424026307587986      
   1.68037157324494951288130828967190863      
   1.66607446808749348932926299930201924      
   1.65136905097695947620052993378205275      
   1.63629159239097060765214683340330985      
   1.62087833566915437174421315913006129      
   1.60516528245687381534590014646678260      
   1.58918801289400444415145271090042443      
   1.57298153741434228966944347247897011      
   1.55658017727351898563161077323824508      
   1.54001747124538265252280880777097582      
   1.52332610633766529685496434145521645      
   1.50653787081681326955431356700444789      
   1.48968362833568131175584198990912526      
   1.47279331252792863590662150353564535      
   1.45589594204677307120493651798290478      
   1.43901965680988267007997284609359203      
   1.42219177711127472672039442677352232      
   1.40543888845313347894596593372153257      
   1.38878695651545718472815127010741513      
   1.37226147880093548082289072199851020      
   1.35588768252626648279987645790016500      
   1.33969078270829182064314378168103884      
   1.32369632093283746989350618266895561      
   1.30793061534304399048999305570022269      
   1.29242136827931842107280090370548136      
   1.27719850398560568192411861753012874      
   1.26229535283957410218101833883108776      
   1.24775037646822338470570539476748534      
   1.23360977248988009724747518417219845      
   1.21993158010621552441524705838991583      
   1.20679249432000180470935952360023066      
   1.19429989536414924906633482186820067      
   1.18261467188492894104028966558749480      
   1.17199818649154454595081630441376375      
   1.16291817366761168848876277634338352      
   1.15631987751829287082017405338658981      
   1.15452614792135754387270863706764887      
   1.16667719893267662483028822151580174      
   1.04091776679240641976059751570495697      
  0.976551728313856429067253143824666009      
  0.941478737565211158640139075142611307      
  0.913079650438921388644917373916109400      
  0.887404277018799116807107958637334019      
  0.862994742073749790286088328226351987      
  0.839207780676919418322623244490672476      
  0.815789898272662037930441974777478226      
  0.792742200982610355614070282687662912      
  0.770274851709642673743144664343433103      
  0.748775917065021597803676332586523943      
  0.728769350603898371723957937932781629      
  0.710872696489064860297177917590005622      
  0.695787422667907147926777106554992840      
  0.684399110623695806926122966011825850      
  0.678647059312429630762664274802845016      
  0.679157943150587415641968996604032257      
  0.679657548628774730473315669786428624      
  0.680148176529280219781724463842150783      
  0.680631957161439696049043277256388298      
  0.681110859879527526632588263835021464      
  0.681586702213000139090572888911253207      
  0.682061158608512653101378043545104060      
  0.682535768790695055845008064120711511      
  0.683011945745049208915295238353816446      
  0.683490983329608138843958719228606834      
  0.683974063524573882947349333183177141      
  0.684462263327627709052931939671583403      
  0.684956561307297127799750633619177546      
  0.685457843820477005986405226548366522      
  0.685966910909251246437824832631284770      
  0.686484481886620311053707891271492604      
  0.687011200622610233854492990871428148      
  0.687547640542377640443879923013304999      
  0.688094309348104843876986756862459816      
  0.688651653475595079244620626652198487      
  0.689220062301315033726454125940388604      
  0.689799872102138510353151395182846152      
  0.690391369788812662889235981394312796      
  0.690994796418254161036284492230480839      
  0.691610350497342035007456679247533026      
  0.692238191087955415544558608322914416      
  0.692878440723555757946673149352704815      
  0.693531188147056823667033385611544107      
  0.694196490879154261025268814734161034      
  0.694874377626304688163347146611802300      
  0.695564850537097210946314805076870670      
  0.696267887315312843302885503270659617      
  0.696983443197500496005288392449801612      
  0.697711452802767634766886314363362979      
  0.698451831862370825047449957939075128      
  0.699204478835720418140246219532365951      
  0.699969276419338977941245777824976522      
  0.700746092955697984857614332728945880      
  0.701534783747137712330585449728569759      
  0.702335192280886156178238244614246281      
  0.703147151371071793699077663553864194      
  0.703970484221916665266439515965788866      
  0.704805005417728367745024465984593573      
  0.705650521843459044869423860258436282      
  0.706506833541508154601146122937484646      
  0.707373734507006403898902217986669094      
