-11.910000000000000000000000000013	0.8118139119828095377365917292194
-11.82000000000000000000000000001	0.8103252293744783756563946575582
-11.730000000000000000000000000002	0.8089717281025832661907414760848
-11.639999999999999999999999999998	0.8077286276105756474470132305057
-11.550000000000000000000000000005	0.8065761613003970442572845462642
-11.459999999999999999999999999993	0.8054984241050471371842124766289
-11.370000000000000000000000000003	0.8044824763722566163983255289307
-11.28	0.8035176548521010273435146105682
-11.189999999999999999999999999997	0.8025950474505035474164893334479
-11.100000000000000000000000000001	0.8017070952557054790370510827604
-11.010000000000000000000000000006	0.8008472921131610709662685137761
-10.919999999999999999999999999996	0.8000099581485664410180852623245
-10.830000000000000000000000000002	0.7991900688770684639919684413573
-10.739999999999999999999999999998	0.7983831258416291950939098201565
-10.649999999999999999999999999998	0.79758505815829746524163265619875
-10.560000000000000000000000000001	0.79679214702477710522664615139672
-10.470000000000000000000000000001	0.79600096730054149972437810354941
-10.379999999999999999999999999999	0.79520834181568135363858061330192
-10.2899999999999999999999999999985	0.79441130522197703725706537820868
-10.200000000000000000000000000001	0.79360707505471081159301225858454
-10.110000000000000000000000000001	0.79279302830151823794764596458702
-10.0200000000000000000000000000016	0.79196668223291789551788472830834
-9.9299999999999999999999999999992	0.79112567858236596346632263079778
-9.8399999999999999999999999999999	0.79026777040522063994556201244258
-9.7499999999999999999999999999997	0.78939081112078402071308364920615
-9.659999999999999999999999999999	0.78849274536804454605579727729166
-9.5699999999999999999999999999998	0.78757160139713486947546893408211
-9.4799999999999999999999999999992	0.78662548478471235359592643098402
-9.3900000000000000000000000000003	0.78565257330944897648698645486277
-9.3000000000000000000000000000007	0.7846511128585967888110246110499
-9.2100000000000000000000000000001	0.78361941426183012757131561408468
-9.1199999999999999999999999999997	0.78255585096684624215141537639734
-9.0300000000000000000000000000006	0.78145885748431730373304218693579
-8.9399999999999999999999999999994	0.78032692853912236183243169271644
-8.8499999999999999999999999999995	0.77915861887121590043977274104061
-8.7600000000000000000000000000002	0.77795254363373096028279853226794
-8.6699999999999999999999999999999	0.7767073793384569683442106325197
-8.5800000000000000000000000000005	0.77542186529997252754896062079444
-8.4899999999999999999999999999995	0.77409480552991603433874345826156
-8.3999999999999999999999999999999	0.77272507103180690200492490642591
-8.3099999999999999999999999999997	0.77131160244572166055060831435872
-8.2199999999999999999999999999997	0.76985341298985075512080811893109
-8.13	0.768349591643258608788028169673652
-8.03999999999999999999999999999978	0.766799306511688385803101553258597
-7.94999999999999999999999999999982	0.765201808314880271716888125112016
-7.8599999999999999999999999999998	0.7635564339307249410995198765506
-7.76999999999999999999999999999984	0.761862609928273056680048975671369
-7.67999999999999999999999999999999	0.760119856018448180653988693654507
-7.59000000000000000000000000000002	0.758327788348130713545650916150924
-7.49999999999999999999999999999987	0.756486122560415948194717473652008
-7.40999999999999999999999999999985	0.754594676541220499954363802707473
-7.31999999999999999999999999999989	0.752653372769980076000986857542867
-7.23000000000000000000000000000006	0.750662240190112195751611453760486
-7.13999999999999999999999999999994	0.748621415513005624866112194865514
-7.0500000000000000000000000000001	0.74653114386761809099084937638301
-6.96000000000000000000000000000009	0.74439177870595574115274828343371
-6.86999999999999999999999999999997	0.742203780872734153198221066181064
-6.77999999999999999999999999999996	0.739967716745097450506162374136233
-6.68999999999999999999999999999998	0.737684255344845817777390073627865
-6.59999999999999999999999999999994	0.735354164321064833763286117095916
-6.51000000000000000000000000000001	0.732978304694770654327844108965737
-6.42000000000000000000000000000003	0.730557624248964678379982395493094
-6.33000000000000000000000000000004	0.728093149437245277982234405553591
-6.24000000000000000000000000000001	0.725585975672307805908627398223892
-6.14999999999999999999999999999996	0.723037255843943316984681351443519
-6.06000000000000000000000000000002	0.720448186904761427744396413107513
-5.97000000000000000000000000000002	0.717819994364725213739458728557974
-5.88000000000000000000000000000001	0.715153914571602404790341909430699
-5.78999999999999999999999999999998	0.71245117464998685700296490842546
-5.699999999999999999999999999999995	0.709712970168442598380055525239846
-5.609999999999999999999999999999977	0.706940440806547043909545512410452
-5.519999999999999999999999999999994	0.7041346446297103746768830189454493
-5.430000000000000000000000000000009	0.7012965322844634552536599011282593
-5.340000000000000000000000000000018	0.698426923365147791625602432521668
-5.249999999999999999999999999999983	0.6955264886289728754909241188995782
-5.160000000000000000000000000000011	0.6925957436505248256310015389587222
-5.069999999999999999999999999999988	0.6896350618310429908705280700556226
-4.979999999999999999999999999999987	0.6866447170050725005413468523650639
-4.890000000000000000000000000000001	0.6836249672048941200669070326200756
-4.800000000000000000000000000000006	0.6805761894758651003408585652103459
-4.710000000000000000000000000000007	0.6774990678230723173652741920709709
-4.620000000000000000000000000000004	0.6743948185253692887427402213845523
-4.529999999999999999999999999999999	0.6712654067178037429825388852154341
-4.440000000000000000000000000000007	0.6681136691995229208273180748345501
-4.350000000000000000000000000000004	0.6649432280912700239175470374124946
-4.260000000000000000000000000000006	0.6617580919797410984083239977930977
-4.170000000000000000000000000000001	0.6585619326290581243640935378072429
-4.080000000000000000000000000000005	0.6553571980217639405318389288859517
-3.990000000000000000000000000000004	0.6521444001601383046221833086505664
-3.9	0.6489219576121297441571251263189811
-3.809999999999999999999999999999996	0.6456867825835869695712556520859081
-3.720000000000000000000000000000003	0.6424354565770077737768889559618361
-3.630000000000000000000000000000004	0.6391655643328304873951607759710498
-3.540000000000000000000000000000002	0.6358767374977970038595723249163132
-3.4499999999999999999999999999999989	0.6325711771060068841983475617466909
-3.3600000000000000000000000000000022	0.6292536974703571917600438541867058
-3.2700000000000000000000000000000012	0.6259314982603295394623620439628758