-11.91	0.8128139364338777577748670631291
-11.820000000000000000000000000004	0.8102296831346209986283628646649
-11.73	0.8078000080801382766844409722801
-11.640000000000000000000000000005	0.8055043077342555002041578349366
-11.549999999999999999999999999996	0.803324607539391400759620473021
-11.459999999999999999999999999999	0.8012450867146884718367138016302
-11.369999999999999999999999999997	0.7992517102742885482960921096903
-11.280000000000000000000000000002	0.7973319418593674509617924520962
-11.189999999999999999999999999998	0.795474517546219018126107044417
-11.099999999999999999999999999997	0.7936692658220704146637211154478
-11.009999999999999999999999999999	0.791906962717600081029179277001
-10.92	0.7901792139225479417267006530711
-10.83	0.7884783578139954437064881178416
-10.74	0.7867973848773705707703517307104
-10.649999999999999999999999999998	0.7851298701367713500757222280093
-10.559999999999999999999999999999	0.78346991605188820526322655588408
-10.469999999999999999999999999998	0.78181210394178875303419639940905
-10.380000000000000000000000000001	0.78015145244916967797482428189206
-10.290000000000000000000000000001	0.7784833818930416145568803111573
-10.2000000000000000000000000000009	0.77680368359294626364445902051864
-10.1100000000000000000000000000012	0.7751084934351607274318625082422
-10.0199999999999999999999999999993	0.77339426908414812750939207757313
-9.9300000000000000000000000000004	0.77165777035035860652580841464077
-9.8400000000000000000000000000006	0.76989604226126325063903776266316
-9.7500000000000000000000000000002	0.76810640056091735423435958032862
-9.6599999999999999999999999999995	0.7662864192377811282213076888766
-9.5699999999999999999999999999994	0.7644339198062398099136378776115
-9.4800000000000000000000000000004	0.7625469621761277102680339462117
-9.39	0.76062383679576098581539502166428
-9.3000000000000000000000000000003	0.75866305789593925752793314316458
-9.2099999999999999999999999999997	0.75666335764391500552507964135772
-9.1200000000000000000000000000005	0.75462368100788745998201042313232
-9.03	0.75254318118079151559476822712874
-8.9399999999999999999999999999996	0.7504212154061511859649039472651
-8.8500000000000000000000000000001	0.74825734104157999963078372231669
-8.7600000000000000000000000000002	0.74605131173798121946788698934044
-8.6699999999999999999999999999998	0.74380307360162622476837158427358
-8.58	0.74151276121496676267372265173599
-8.49	0.73918069341661417263405975832795
-8.3999999999999999999999999999999	0.73680736874288770981174609269045
-8.3099999999999999999999999999999	0.73439346043509042219073793832026
-8.2200000000000000000000000000001	0.73193981094645005986555514515353
-8.13	0.72944742588030565170073561801769
-8.04	0.726917467307903639769492427112726
-7.94999999999999999999999999999999	0.72435124642459499028501765164916
-7.86000000000000000000000000000002	0.721750215514973946142295367245546
-7.77	0.719115959208291496617320653288224
-7.67999999999999999999999999999994	0.716450185018991926439250075107443
-7.58999999999999999999999999999991	0.713754713176015949145364348863957
-7.50000000000000000000000000000002	0.711031465757139535503303881320475
-7.41000000000000000000000000000006	0.708282455159481250396181015970489
-7.31999999999999999999999999999999	0.705509771950456141590749711904132
-7.22999999999999999999999999999998	0.702715572162611769581868321909106
-7.14000000000000000000000000000005	0.699902064121333791168832941936872
-7.04999999999999999999999999999997	0.697071494929667729702591694271256
-6.96000000000000000000000000000001	0.694226136786631920046881309429399
-6.87000000000000000000000000000004	0.69136827337810261160712099153325
-6.78	0.688500186683471522661080062425098
-6.68999999999999999999999999999996	0.685624144676099872851164162785637
-6.59999999999999999999999999999999	0.682742390567172724087803219019204
-6.51000000000000000000000000000002	0.679857134468373709382441349218273
-6.42000000000000000000000000000003	0.676970548604248046973875392342048
-6.32999999999999999999999999999998	0.674084767471694816500173740805985
-6.24	0.671201894514429920548724274003751
-6.14999999999999999999999999999998	0.66832401682019656454020371090352
-6.05999999999999999999999999999999	0.665453228719883709847889857419586
-5.96999999999999999999999999999998	0.662591663464584482671383726425888
-5.87999999999999999999999999999999	0.659741528635785256136252124058741
-5.79	0.656905134639506438672015151071327
-5.70000000000000000000000000000001	0.654084895950268851363717960066888
-5.60999999999999999999999999999999	0.651283272657167291922357674964481
-5.519999999999999999999999999999996	0.64850261062511254184213889976328
-5.429999999999999999999999999999996	0.6457448459970038688681330828422564
-5.339999999999999999999999999999992	0.6430110885898457663710303177103199
-5.249999999999999999999999999999993	0.6403012148974039681640336133896381
-5.160000000000000000000000000000006	0.6376137729409610045806286925040793
-5.070000000000000000000000000000003	0.6349466091037349052677702946664796
-4.98	0.6322984272888955401019576617848158
-4.889999999999999999999999999999994	0.6296708204420141112703135748442511
-4.800000000000000000000000000000003	0.6270695145411999330237996199967943
-4.710000000000000000000000000000001	0.624503525535204069082692108727447
-4.620000000000000000000000000000003	0.6219821471632277583415162364121253
-4.529999999999999999999999999999997	0.6195112724101889376437942220305921
-4.439999999999999999999999999999999	0.6170909840283928960626620598951605
-4.349999999999999999999999999999997	0.6147153172751537729709274792337888
-4.260000000000000000000000000000002	0.6123737373071113718780688545670578
-4.170000000000000000000000000000001	0.6100532568520544671803195930752868
-4.08	0.6077403112434888129973665050507594
-3.989999999999999999999999999999999	0.605421996169680446226050385489476
-3.900000000000000000000000000000001	0.6030866580218073719845468946541721
-3.81	0.6007240063057306053745154836075412
-3.72	0.5983249526540986992074432951014511