   64.5463097543375563431955015460078577      
   64.1395554644710609930668368344300201      
   63.7137584398986512471737401518639430      
   63.2676371773585713896613157735215133      
   62.7997904257855682345497068361841408      
   62.3086790625191236163998599144514987      
   61.7926052361159798061257293778713932      
   61.2496882656762669462567353936344637      
   60.6778366355037698295238566618064897      
   60.0747152296087439698346878269852650      
   59.4377066977267823532229713941669288      
   58.7638655118194672597199127435968481      
   58.0498628293332308635715126540507228      
   57.2919196840044238651268680801406320      
   56.4857252149007545427574004321113318      
   55.6263355286977763327757329507038316      
   54.7080472314790367056028884839450727      
   53.7242374486724772094751364093332440      
   52.6671589178761092020906997253222233      
   51.5276738609051024417655066820360650      
   50.2949026295934015943081933713294906      
   48.9557501802534249428526318764243129      
   47.4942502028264236262537780202338877      
   45.8906222533193894452380053434431177      
   44.1198477309571039390354655015324180      
   42.1493846879840780963446495009071349      
   39.9352459654035156178458482137354683      
   37.4147817892307292136500891977659410      
   34.4923034718148916879494938737811318      
   31.0070550663254371588431231103197252      
   26.6472721766953669331853138381896004      
   20.6240199776001896336032791659661702      
   8.01698340671893384304288093797896741      
   1.34211388159275595438185800290786165E-0004
   8.89112218999446543735649104035494475E-0005
   9.41136616648826312055241571075140207E-0005
   9.12794344628106545068458306182847820E-0005
   9.17624708520048116770242128289493506E-0005
   9.15895414699959137402459225778859651E-0005
   9.19451653024237172151308018584496656E-0005
   9.26248252914152540526747768810553614E-0005
   9.39957834567118217272120388241049155E-0005
   9.50057517597499958411852727423268080E-0005
   9.60108295214908149752207068061250479E-0005
   9.90806083013484035459006873149449183E-0005
   9.96273143133913233333838305723125361E-0005
   9.44372404046265962268710374607716671E-0005
   8.23779979550345643273856383325542637E-0005
   2.22786724138671155234436680611303799E-0005
   1.02380667874113182418064160028494394E-0005
   1.02225203729276924217450194183463074E-0005
   1.02098282157325975600384527355885678E-0005
   1.01993512075615583409839867247231104E-0005
   1.01906161567618349273725133911734031E-0005
   1.01832674008707722829481220384448578E-0005
   1.01770339340867303330893729491204461E-0005
   1.01717066647795346183890966879139237E-0005
   1.01671224175930934297095374629000088E-0005
   1.01631525071661573362930944927685407E-0005
   1.01596944619161166429766980881620069E-0005
   1.01566659514715449999347828351402737E-0005
   1.01540002773979064493773564663868524E-0005
   1.01516429874106394177394914966108133E-0005
   1.01495493067853792161185713233988955E-0005
   1.01476821708836500394386043931678847E-0005
   1.01460107045040986349461327934087647E-0005
   1.01445090366425838387632254554563604E-0005
   1.01431553693506273771237086317043698E-0005
   1.01419312407621703134363273836914880E-0005
   1.01408209377036520997409283763477853E-0005
   1.01398110244260676482120438959093241E-0005
   1.01388899621372177424977731490504653E-0005
   1.01380478000214106995991372016646209E-0005
   1.01372759229074097290124978933263380E-0005
   1.01365668441023804495995662411215671E-0005
   1.01359140344477257058432618009657310E-0005
   1.01353117805855011564759206296487867E-0005
   1.01347550669060173365180941236371269E-0005
   1.01342394767908113851075872480981242E-0005
   1.01337611096531332435084976878475022E-0005
   1.01333165109716589510200250893441190E-0005
