   1.24469885803580364060029751143847285E-0002
   1.24863937844638618390853066148067318E-0002
   1.25280473945018699151898612700192330E-0002
   1.25721395293375725297281495494449854E-0002
   1.26188826838286332590777574435429689E-0002
   1.26685155204338197122802108235586379E-0002
   1.27213073984057600613252415651171418E-0002
   1.27775638160140963651204339952488603E-0002
   1.28376329948962981887403904320998045E-0002
   1.29019139077876443571752442111514467E-0002
   1.29708661490332198496439175887299961E-0002
   1.30450221824577264482455094610085101E-0002
   1.31250026896825747027754898829738385E-0002
   1.32115360084931344425688956932103029E-0002
   1.33054830331705770303795865493772456E-0002
   1.34078695059102883099975687591773180E-0002
   1.35199284550038696566434397141921222E-0002
   1.36431567862102462998613092472395864E-0002
   1.37793919705819704746903570470575166E-0002
   1.39309178537630644849105264392355660E-0002
   1.41006136778828466923552826900110664E-0002
   1.42921690689022221778902674269969078E-0002
   1.45104032590892946998423594481408102E-0002
   1.47617561433696542613433761054041508E-0002
   1.50550775709581249097219722910355339E-0002
   1.54029668412736568303927942711322395E-0002
   1.58242020004050605583561216590557259E-0002
   1.63485180700884623910913347875404914E-0002
   1.70270299822733315364733251531325872E-0002
   1.79584867977809912377143940517112315E-0002
   1.93719625624568464204523823944391438E-0002
   2.20197984578662067143013406194096650E-0002
   3.53178703260845263734712353901024279E-0002
   9.87284171091579119551083713314619873      
   17.3441147694555555986473693717559158      
   23.6901710495476110395741173052312619      
   29.3753949870772044217551490596230644      
   34.6002379983906227717802502068842744      
   39.4761788471110611965153844396467179      
   44.0737905954328361342344780841057974      
   48.4413722902397756317363041735842714      
   52.6136830106764542636282230686290046      
   56.6165721613454495672233529870621765      
   60.4696354883159372570605716556180972      
   64.1877936687538232601633808584865442      
   67.7821865753128703824812897933349502      
   71.2604823246005859710922344948340439      
   74.6262386859520583370244071216171894      
   77.8733147613421559702234896218860826      
   80.9912321907655811831553129792176416      
   84.0269577675308250993980250613991644      
   86.9859070970728123117109760787724403      
   89.8726252544670851703594937211167619      
   92.6911891240416775593856322783044678      
   95.4452730803758591555742839314390458      
   98.1382030926093664674310115648038965      
   100.773001746188596402529020798997315      
   103.352426039111434328288060849087048      
   105.878999358257017216503238802187285      
   108.355038715963825830706692089433078      
   110.782678088608725047162390273421540      
   113.163888521588686736972418081005550      
   115.500495531251739795140849320092969      
   117.794194231872058904834944863216285      
   120.046562536408642660800644231824372      
   122.259072717546103775810044388138325      
   124.433101566128264927093596871418609      
   126.569939344670902766794479916175830      
   128.670797701628484229250916827043559      
   130.736816686159773687068689151500629      
   132.769070981723348853760309689121331      
   134.768575459264901341586853950540953      
   136.736290136049301457564683686449743      
   138.673124613941429434996482017318431      
   140.579942060640071155382361860038253      
   142.457562788674337723371510062437787      
   144.306767479600734437903825010603961      
   146.128300094571248067664885260072878      
   147.922870507089051363952279815153758      
   149.691156889186867929911254275606127      
   151.433807878322720020385652783611873      
