 0.85241612091311E-05
 0.85242358010851E-05
 0.85243607661343E-05
 0.85245367376281E-05
 0.85247644351056E-05
 0.85250446399467E-05
 0.85253781714620E-05
 0.85257658633532E-05
 0.85262085411985E-05
 0.85267070024968E-05
 0.85272620029940E-05
 0.85278742579185E-05
 0.85285444737649E-05
 0.85292734332860E-05
 0.85300621593133E-05
 0.85309121787363E-05
 0.85318258956489E-05
 0.85328070650939E-05
 0.85338613408666E-05
 0.85349968568089E-05
 0.85362247937270E-05
 0.85375598843019E-05
 0.85390208147292E-05
 0.85406304932606E-05
 0.85424161691141E-05
 0.85444093990853E-05
 0.85466458714283E-05
 0.85491651062569E-05
 0.85520100581800E-05
 0.85552266502217E-05
 0.85588632684805E-05
 0.85629702451881E-05
 0.85675993544112E-05
 0.85728033403227E-05
 0.85786354932690E-05
 0.85851492843039E-05
 0.85923980646601E-05
 0.86004348330501E-05
 0.86093120708637E-05
 0.86190816430288E-05
 0.86297947608821E-05
 0.86415020023629E-05
 0.86542533844180E-05
 0.86680984824302E-05
 0.86830865917338E-05
 0.86992669267750E-05
 0.87166888541203E-05
 0.87354021563006E-05
 0.87554573243689E-05
 0.87769058779332E-05
 0.87998007124353E-05
 0.88241964744380E-05
 0.88501499667631E-05
 0.88777205864304E-05
 0.89069707995513E-05
 0.89379666586816E-05
 0.89707783695789E-05
 0.90054809160304E-05
 0.90421547534035E-05
 0.90808865838643E-05
 0.91217702290843E-05
 0.91649076197113E-05
 0.92104099250973E-05
 0.92583988521825E-05
 0.93090081490980E-05
 0.93623853576842E-05
 0.94186938700481E-05
 0.94781153586191E-05
 0.95408526676701E-05
 0.96071332789741E-05
 0.96772134969740E-05
 0.97513835429274E-05
 0.98299738077189E-05
 0.99133625960284E-05
 0.10001985810430E-04
 0.10096349188837E-04
 0.10197043945824E-04
