   2.63832749831767334627303024877432574      
   2.63841925767092640733995819541989510      
   2.63857210103611414717227677521753813      
   2.63878583738208172650010683579355577      
   2.63906019958987120000500715647813484      
   2.63939484330840757274102810854863834      
   2.63978934763369410914181851158493709      
   2.64024321803476641078837759409436510      
   2.64075589144240116443230137381629156      
   2.64132674273870525255735441884356320      
   2.64195509059899322280567525305487862      
   2.64264019840988885305380209405322724      
   2.64338126354841351369461335340194255      
   2.64417738655780333555804522438791945      
   2.64502751127687455632594333815593586      
   2.64593032778355097655303045014563417      
   2.64688413250997282217496656247976685      
   2.64788664462240826982659271443616312      
   2.64893478458033101533501579395830810      
   2.65002442847419051423735189325061390      
   2.65115015825268050019826617239982086      
   2.65230503141926534758398358270454784      
   2.65348039349645644731772619874889971      
   2.65466575244929816416199195359961957      
   2.65584872778971990075896875142956300      
   2.65701507937846928526869681591135627      
   2.65814881355153490344396683431439381      
   2.65923235804504910650525241545014950      
   2.66024679287028124676754602078059949      
   2.66117212187940901648992244343490799      
   2.66198756915569869907095602888985555      
   2.66267188513987418847864684218617071      
   2.66320364919013513106814210107930957      
   2.66356155762824359277796578183920165      
   2.66372468891809732412152864310747752      
   2.66367274016452673607588473709168355      
   2.66338623145466186356725540672039366      
   2.66284667656657911965450040708129114      
   2.66203672016766412054850061932420037      
   2.66094024291240518069984014798242716      
   2.65954243669831577901318587608434763      
   2.65782985295522915084357493929803388      
   2.65579042715689257798761629046561033      
   2.65341348287544874979276808583175556      
   2.65068971866696804261514738538075018      
   2.64761118093326049425913036564388430      
   2.64417122569161301933558297122974345      
   2.64036447192121976640968006429355901      
   2.63618674886040585069761705814945624      
   2.63163503935562115234868115953617811      
   2.62670742106783782227256778482167323      
   2.62140300708642943240869236748090851      
   2.61572188725341474480086322200229189      
   2.60966507129226546306703826896917907      
   2.60323443465303480137235188937247260      
   2.59643266781827533015453473939838810      
   2.58926322970599578614026812909698549      
   2.58173030569773259243648379927025605      
   2.57383877075108234671428627830780035      
   2.56559415803695322980910399046673681      
   2.55700263351720665652334797073625957      
   2.54807097690421646089147776634139460      
   2.53880656952137171756941502966389401      
   2.52921738965999982603145049244853935      
   2.51931201619421784127281689320324821      
   2.50909964139583260330051415724109406      
   2.49859009418535388640987985748803316      
   2.48779387538800731149740311149274777      
   2.47672220707977325090680838185765045      
   2.46538709870332514460066939421232539      
   2.45380143349786640801152365733882293      
   2.44197907994114527417914564245231353      
   2.42993503441841495642629673437897213      
   2.41768560344814107591136825499145632      
   2.40524863677519763546432153742994251      
   2.39264382671366548704216502073781605      
   2.37989309507836230458495539636898139      
