   166.476511758873243438828880743035672      
   159.060480570101095655513987266863008      
   149.853941038768775191506352304906096      
   137.348989133017082603807985359726317      
   118.192205640612010629367700317895518      
   87.0469866655860926977989128205556456      
   8.41871045502905753920190566961548892E-0004
   5.05762003437694583662467580291875106E-0004
   5.52090070457731366936441264270485714E-0004
   5.54389685076877564829638211857585342E-0004
   5.25872251585870799386523647331174227E-0004
   4.65973920299322293334798229636305026E-0004
   4.33529016164722001315370754240241996E-0004
   4.37243800620495499852594982835811744E-0004
   4.83555689277311373749285653409223222E-0004
   4.96051668566774859233136797727893803E-0004
   5.29419790816252756662976880725611106E-0004
   5.77654998459399039975659734563958032E-0004
   6.64291342651647885946071332207203792E-0004
   5.55204886190105425111367827797744311E-0004
   4.97490897550484739280922551076213855E-0004
   4.35386061136119248362755601586502789E-0004
   1.30410048705407484954666393302148056E-0004
   1.27525191101963266537411138863513946E-0004
   1.24859177902022364632807176303895777E-0004
   1.22387044427279593478351876909915049E-0004
   1.20087625787852307442039571811094329E-0004
   1.17942844283118724667450382577655076E-0004
   1.15937153498432652781322137795296757E-0004
   1.14057099987393211950997419243435650E-0004
   1.12290974265621491031332166219425995E-0004
   1.10628530396443421359162087782189714E-0004
   1.09060758795543446016982676938905248E-0004
   1.07579700718676660215427507178821569E-0004
   1.06178295685368426284752230996654000E-0004
   1.04850255141221458587044657061805794E-0004
   1.03589957184808435121472007239543156E-0004
   1.02392358327737568606066431968715808E-0004
   1.01252919121730762798993727004853828E-0004
   1.00167541147278534089882896203850956E-0004
   9.91325133671926581522039109789957952E-0005
   9.81444662430280807033579961610874894E-0005
   9.72003323208216770382650344129865926E-0005
   9.62973122353113339225521799868663637E-0005
   9.54328452741743474730695853415856400E-0005
   9.46045837971332944373418967624877976E-0005
   9.38103709276347333955669677365748175E-0005
   9.30482210341634286854055932053655761E-0005
   9.23163025985771600015044040743315664E-0005
   9.16129231344096807499550237956746048E-0005
   9.09365158718612816720859799045141795E-0005
   9.02856279703994593882969627557711224E-0005
   8.96589100563573401044459708855952369E-0005
   8.90551069133600596215779183709405068E-0005
   8.84730491786490775869566849110636501E-0005
   8.79116459194987918984894740115169745E-0005
   8.73698779817898411944650794493670026E-0005
   8.68467920176866643488358878372049829E-0005
   8.63414951121133821481448932533518454E-0005
   8.58531499382715457090678540208517082E-0005
   8.53809703822830081249751198065531839E-0005
   8.49242175834345053973223417965087472E-0005
   8.44821963449498216187495379797897305E-0005
   8.40542518745900472017604623317037666E-0005
   8.36397668200020745595643230813575593E-0005
   8.32381585677535263553723656610790633E-0005
   8.28488767787955084354226068212173995E-0005
   8.24714011362597877156145568480859186E-0005
   8.21052392842100187254274720587453827E-0005
   8.17499249385481016386877289634016619E-0005
