   1.11744370297318961008468556442418982      
   1.09021558206271770366211276298528870      
   1.06364929103369895378919066560959113      
   1.03795125983080718673415247872267146      
   1.01459394872614206538966839920108572      
   1.00238594442795648147954096613769345      
  0.899794516475744864217609293935168836      
  0.864591619703366204385993482725372404      
  0.841985953260719863247675323232577147      
  0.815377966081497588068188722979916263      
  0.781945177926277289047195521715801154      
  0.741149862803837836128394311471808750      
  0.693182888718498825529385456342843121      
  0.638502093111093049975005464964833788      
  0.577856029857076316287009785526385847      
  0.512763074490273555802962571034480926      
  0.446046244600842631038950550217655009      
  0.381649181773401358758112232064247947      
  0.323699998702739472974803175193311200      
  0.275602252491853997903342677009674051      
  0.239760191037995119618550843634959511      
  0.218120432312769922992453773058979114      
  0.215886908166145114414769630795692161      
  0.225765521532103073499657814337512427      
  0.235509783534650408061324783771536747      
  0.245119893316548554562525044865720816      
  0.254596155290881696852363679058834112      
  0.263938971023540013417601624984362978      
  0.273148831860932073095386395839033797      
  0.282226312224960841424219213896685347      
  0.291172063504392193853568189634843237      
  0.299986808477526022811058055019736585      
  0.308671336207639297864254314797565527      
  0.317226497358824297874060900269876537      
  0.325653199883781925450698422437117785      
  0.333952405041925693370504144508258041      
  0.342125123709332795602572534950188612      
  0.350172412946918784740141259369371725      
  0.358095372796911365913271300931711627      
  0.365895143281419301771876810963809143      
  0.373572901579776779313715544096549278      
  0.381129859364505421603853790122185964      
  0.388567260278124503910173488405154477      
  0.395886377535792772120601827432212680      
  0.403088511640312567697951666765310327      
  0.410174988197957491594186808058539790      
  0.417147155826124700761078164493257433      
  0.424006384143896727787466880705139571      
  0.430754061838677848193995754036819428      
  0.437391594803380601943249369642932494      
  0.443920404339068859015905318811721413      
  0.450341925418786533316529646712114130      
  0.456657605009802338745881346771755519      
  0.462868900451128041492386373031042316      
  0.468977277884145431944720501663024839      
  0.474984210735003070579184120605174666      
  0.480891178246819417697215945047781144      
  0.486699664061016936384743066917654240      
  0.492411154846529797567170934991359792      
  0.498027138978100952404477207227312611      
  0.503549105257078877310233763770979496      
  0.508978541684592181289960250996747865      
  0.514316934276642534521875291065242689      
  0.519565765926659491973830137958308527      
  0.524726515313081570811343235621841635      
  0.529800655852531487195959940433374110      
  0.534789654697783737140164872176370598      
  0.539694971780116187632735256681967880      
  0.544518058896537311169233284429037931      
  0.549260358840333780566320599046819365      
