   5.75680180862328832789351820703013421      
   5.75669425692907361782960065877217193      
   5.75651514666371393009323599188031132      
   5.75626476338863675807193643452892580      
   5.75594352891500839234373372308979836      
   5.75555228887051475480111825603734744      
   5.75509379043894734777350001226712025      
   5.75457621274480125064306433315273538      
   5.75401784347539110870821954870180978      
   5.75345073606718270601053384969574423      
   5.75292191711641247319649840531635354      
   5.75249222579490022974214630916987887      
   5.75223381453231616169085179960839925      
   5.75222744447933142238700424577867338      
   5.75256028825935129023736398647778776      
   5.75332441121086776762995179756155271      
   5.75461571264588482675043183173455429      
   5.75653296462153590176171948645884626      
   5.75917664560933484811249904720239284      
   5.76264742954037074891492810453897144      
   5.76704436168176941523563039136456909      
   5.77246287211729972463833107971724453      
   5.77899282701845268839208969762088845      
   5.78671680605046604379049729642901588      
   5.79570874430068440983504205377985796      
   5.80603301195821786715261921333971102      
   5.81774394329472382907001683744246661      
   5.83088577847819819925181295075740747      
   5.84549295083018940371442855712627654      
   5.86159063809529204245005504944622431      
   5.87919549469197907495224040022790657      
   5.89831648935033640270717165748830258      
   5.91895578456237281833331217606128089      
   5.94110960829206934681135847931535708      
   5.96476908172111133851833190271365627      
   5.98992097907832994636751907341071350      
   6.01654840523948603077271602085602158      
   6.04463138468461074168683550885068002      
   6.07414736082942442109574732972517125      
   6.10507160863962862686652732249987711      
   6.13737756578421337656432046441637953      
   6.17103708880472510766692184063812966      
   6.20602064109849215606556570026376230      
   6.24229741924246583230016966065872340      
   6.27983542344795836418424556069263995      
   6.31860147675486685894764271732865992      
   6.35856119616202226554107573469952799      
   6.39967891709537330216081190693006927      
   6.44191757068017360870299541479772195      
   6.48523851046825118873367148494432476      
   6.52960128251156417469114532396736883      
   6.57496332828904567424225936845654367      
   6.62127960485138498067574478091778976      
   6.66850209928766947932531630471891583      
   6.71657920434108477323405282996717194      
   6.76545490733797065400291934676266150      
   6.81506772289424596195328362493675880      
   6.86534926679812300632709657405338749      
   6.91622231688249437128690307176749551      
   6.96759812308859749096741527911501825      
   7.01937258902222751280273078858683750      
   7.07142070097607396146551934493173301      
   7.12358812451258454728133322150650201      
   7.17567798487357076569814425857688988      
   7.22742890970453551269949410293269887      
   7.27847585864276091323635034707947238      
   7.32827348815722843508135826254887964      
   7.37592886873627977044431882570297153      
   7.41979575166180216829813738695083703      
   7.45640446673422624169055005318706182      
   7.47700017959011590385022803426788882      
   7.44433136788234770224051714243580108      
   7.95898869528640956963866071967837953      
   8.18476523556221774651779574838270759      
