 0.26859175772073E-03
 0.26859428185392E-03
 0.26859851268249E-03
 0.26860447293508E-03
 0.26861218951408E-03
 0.26862170696862E-03
 0.26863316241592E-03
 0.26864697009411E-03
 0.26866407562017E-03
 0.26868617275085E-03
 0.26871580920224E-03
 0.26875638126619E-03
 0.26881205784643E-03
 0.26888767361073E-03
 0.26898861242926E-03
 0.26912068674342E-03
 0.26929001228793E-03
 0.26950287824896E-03
 0.26976561620061E-03
 0.27008447401129E-03
 0.27046550203648E-03
 0.27091445821254E-03
 0.27143673666330E-03
 0.27203732185871E-03
 0.27272076787302E-03
 0.27349120031259E-03
 0.27435233721417E-03
 0.27530752465085E-03
 0.27635978280197E-03
 0.27751185866930E-03
 0.27876628228027E-03
 0.28012542397350E-03
 0.28159155109963E-03
 0.28316688314305E-03
 0.28485364484064E-03
 0.28665411733595E-03
 0.28857068778175E-03
 0.29060589809260E-03
 0.29276249379056E-03
 0.29504347409007E-03
 0.29745214456908E-03
 0.29999217398190E-03
 0.30266765702392E-03
 0.30548318517339E-03
 0.30844392814993E-03
 0.31155572908276E-03
 0.31482521722154E-03
 0.31825994303079E-03
 0.32186854187830E-03
 0.32566093441775E-03
 0.32964857438823E-03
 0.33384475823937E-03
 0.33826501624441E-03
 0.34292761235828E-03
 0.34785419125217E-03
 0.35307062770248E-03
 0.35860815915251E-03
 0.36450492243033E-03
 0.37080808019500E-03
 0.37757682955375E-03
 0.38488676792238E-03
 0.39283641467054E-03
 0.40155728343434E-03
 0.41123004961410E-03
 0.42211168678951E-03
 0.43458343504522E-03
 0.44924087606178E-03
 0.46707603950352E-03
 0.48988715219011E-03
 0.52140135163331E-03
 0.57163675123751E-03
 0.68957354664238E-03
 0.64737088203749E+01
 0.16451759617118E+02
 0.24824943615498E+02
 0.32480726846054E+02
 0.39756274855865E+02
 0.46869349985484E+02
 0.54006735145099E+02
 0.61343556945847E+02
 0.69017255879945E+02
 0.77080472171933E+02
 0.85473372537946E+02
 0.94029258397772E+02
 0.10249445818937E+03
 0.11053972039561E+03
 0.11773401880541E+03
 0.12319413125549E+03
 0.12686885790781E+03
 0.13053981727477E+03
 0.13419926418420E+03
 0.13784038245260E+03
 0.14145730463820E+03
 0.14504508357700E+03
 0.14859963072544E+03
 0.15211763447928E+03
 0.15559646906533E+03
 0.15903410187959E+03
 0.16242900464932E+03
 0.16578007172254E+03
 0.16908654719478E+03
 0.17234796144537E+03
 0.17556407689793E+03
 0.17873484236312E+03
 0.18186035508150E+03
 0.18494082949337E+03
 0.18797657176753E+03
 0.19096795918259E+03
 0.19391542354527E+03
 0.19681943793270E+03
 0.19968050614812E+03
 0.20249915437488E+03
 0.20527592460127E+03
 0.20801136946273E+03
 0.21070604821336E+03
 0.21336052359377E+03
 0.21597535940635E+03
 0.21855111864654E+03
 0.22108836207030E+03
 0.22358764710147E+03
 0.22604952700361E+03
 0.22847455025621E+03
 0.23086326008873E+03
 0.23321619413575E+03
 0.23553388418453E+03
 0.23781685599332E+03
 0.24006562916292E+03
 0.24228071704879E+03
 0.24446262670360E+03
 0.24661185884265E+03
 0.24872890782659E+03
 0.25081426165711E+03
 0.25286840198248E+03
 0.25489180411066E+03
 0.25688493702829E+03
 0.25884826342433E+03
 0.26078223971758E+03
 0.26268731608750E+03
 0.26456393650766E+03
