   25.5609701966351035855553402224603038      
   18.1244481185044916972836607603995822      
   14.8101904357634095805267070087925384      
   12.8299691703839116244521805738480456      
   11.4767693392836734120607517686217105      
   10.4768666191203011339503383701005535      
   9.69905606666722973355068058282857089      
   9.07153992572499743393963594636995317      
   8.55127440175155379898948775997094034      
   8.11065897614095071646599761596832671      
   7.73105279094711151772791085072803682      
   7.39933373333068297069874255648136326      
   7.10594612376483175679831804871987184      
   6.84373205064095568390315712558702505      
   6.60720062204646044068653029257197570      
   6.39205431603303608789648698708424989      
   6.19487249440260580924939661698905557      
   6.01289416904456992977562972302134148      
   5.84386512364797786526650995630797930      
   5.68592770659696963260141382227166237      
   5.53753950463880682825167143937457580      
   5.39741197051521841752827863222013427      
   5.26446314105991194461971651751852242      
   5.13778053993188510740536564289443236      
   5.01659162179514333998890100410588097      
   4.90023993447849141741942444625953008      
   4.78816571146181142592668727051613963      
   4.67988996079100010690353548146891241      
   4.57500135380591591498136316212906250      
   4.47314537991361410131077862960597477      
   4.37401534878420386765076883296669309      
   4.27734490539942764443702976940425944      
   4.18290178700985342554408389452082825      
   4.09048260045677676766123047307044022      
   3.99990843768784781782212659899971681      
   3.91102117921743327413499942681944765      
   3.82368036124479572022590235148769074      
   3.73776050360543614648598229976033783      
   3.65314881322468871776224140735140870      
   3.56974319216172000932881652981014225      
   3.48745049094369113294473902629427872      
   3.40618495730481322037664707752740738      
   3.32586683775251740470297417906787663      
   3.24642109498877693873748742974410873      
   3.16777620820416364237490772309017668      
   3.08986302569504247541017434186409858      
   3.01261364025494676145770285286808323      
   2.93596025713012951809692783800717777      
   2.85983402194637516321843327586589792      
   2.78416377141568463204379124054376384      
   2.70887466229636288329308978514281285      
   2.63388662304130113574017500270737741      
   2.55911255632681886058540656072414894      
   2.48445619698173014749695588738243967      
   2.40980949510013245453069261586477277      
   2.33504934268223753427566995158022872      
   2.26003338467597378925080462249388650      
   2.18459453656573581022365315152172522      
   2.10853364454528772886025155479805555      
   2.03160942562796995079705555739391825      
   1.95352433278931567291273542574877961      
   1.87390415557613009982691500619052396      
   1.79226770889141089443822865618009291      
   1.70798033963566671139223308666298089      
   1.62018012908050592094027177881426174      
   1.52765648706796029296641928860566506      
   1.42864307019479646105023012090692419      
   1.32044999311115999505328110400825728      
   1.19875552252497192455825425559937664      
   1.05588698606442223045744760269266182      
  0.874728993375025704905129543206071788      
  0.594350022842170993980733894958591732      
   6.47370882094555840807410059959533813      
   16.4517596175707511444952494956077356      
   24.8249436158200706978028435611217366      
   32.4807268462773851703915610186761181      
   39.7562748560227068207149930223228751      
   46.8693499856313988242469505843361297      
   54.0067351453177838219938160762336584      
   61.3435569460832493143242324596444809      
   69.0172558801983281809893035265933967      
   77.0804721722281739738159354427583438      
   85.4733725383416806321426593043947373      
   94.0292583980357838596055026794769438      
   102.494458189580283075688717364726205      
   110.539720395785641670371883755518152      
   117.734018805548852804629798606468518      
   123.194131255500986837461930405840229      
   126.868857907827697379354540509949504      
   130.539817274783005071526073244232918      
   134.199264184215206531771559994808930      
   137.840382452618149017138554996801578      
   141.457304638212126754034444024328865      
   145.045083577017317629490748148339279      
   148.599630725455168607059411129966477      
   152.117634479296705177203230868266281      
   155.596469065345481989460227710294595      
   159.034101879604941912669046388386666      
   162.429004649335287558102944753824165      
   165.780071722554564936489931927212229      
   169.086547194789432587744712686731976      
   172.347961445386798104338984800868420      
   175.564076897946672140095344828118219      
   178.734842363135249493756407911131506      
   181.860355081514021034354236142998276      
   184.940829493379249751054667312433592      
   187.976571767544061089907648742525226      
   190.967959182602727523390439476847892      
   193.915423545278484123983736985344392      
   196.819437932717393852904869008806105      
   199.680506148128574877952302589521965      
   202.499154374890259509423636611244598      
   205.275924601277987441443744641833158      
   208.011369462743279982848308468067867      
   210.706048213374759394952994188540090      
   213.360523593786814605670570088678502      
   215.975359406362715363863393051019169      
   218.551118646557254199888553534887871      
   221.088362070308399449248555399074324      
   223.587647101483464253112401473277927      
   226.049527003624036749528298157567288      
   228.474550256217685839941743387128934      
   230.863260088743700551745385374455673      
   233.216194135757183301862508891937849      
   235.533884184540354543372291643149874      
   237.816855993328226255142551286616525      
   240.065629162931127884855497283468083      
   242.280717048797589034759947380260176      
   244.462626703606013385080268450633900      
   246.611858842655935978761105531099639      
   248.728907826597341260371812719626777      
   250.814261657116191525605871426561441      
   252.868401982492544088111152142030580      
   254.891804110674860730017129586135029      
   256.884937028298293509958900266849876      
   258.848263424335777494696161182907113      
   260.782239717594527856763557800582468      
   262.687316087510082854796828493537060      
   264.563936507669557247293361007141734      
