   235.280623255560065767173916372200344      
   235.267416041613366799044398618009633      
   235.245371159244097756231905480690819      
   235.214474221392287571685746142096773      
   235.174715626892357860557608985372149      
   235.126092373586967089421763886329442      
   235.068609556739996208145379154577862      
   235.002281471418906215222935280553622      
   234.927132115707788008555298069738746      
   234.843194571635602345195522755244601      
   234.750508318549056109330626385697516      
   234.649113283655623388396454314552955      
   234.539039600210742796808986562779659      
   234.420292800682193026575120385546785      
   234.292835480459983906755274213238275      
   234.156567827729532085095017894607649      
   234.011310113723617372900936860010016      
   233.856789894991671565475933122146742      
   233.692635503829398130000887077736958      
   233.518375959775008563681954955097556      
   233.333446263740308535857335302054944      
   233.137196406850331876479178965128342      
   232.928902336115320839236500539265316      
   232.707777405317906446656551729852812      
   232.472983294015508444439471675960551      
   232.223639840861851813879467479245447      
   231.958833607683365455137468581934966      
   231.677625238318199292495653141545385      
   231.379055801700737371985152328763453      
   231.062152344772500663275491329112732      
   230.725932854790940617882902128025936      
   230.369410776303172746598191413811767      
   229.991599164565707875658133650011351      
   229.591514499138162190563182038013067      
   229.168180137207650436314234437834865      
   228.720629357969345536047802580317174      
   228.247907933969309290636566854220484      
   227.749076165900098941675724244680073      
   227.223210323009695235746808797995820      
   226.669403446374995792664983368417729      
   226.086765487917169538704868088276554      
   225.474422775539708977312005685171100      
   224.831516810980128630921547438522662      
   224.157202420408212601317260649906674      
   223.450645288671221500916296820661014      
   222.711018915712420544807093315097043      
   221.937501037227810882075951895986305      
   221.129269553346598584186556859067401      
   220.285498005671737389540598465319072      
   219.405350640107952260108979895436579      
   218.487977085180505641502646295511041      
   217.532506666792938899175288561603312      
   216.538042371612486491178244041880474      
   215.503654458648032592287125690983656      
   214.428373707230905660153696060655044      
   213.311184275916168359058101427510198      
   212.151016132456704726988503558993973      
   210.946736999674723374365216575204677      
   209.697143744813837508841097852925796      
   208.400953121740327525991462186105272      
   207.056791753949086826498030768546891      
   205.663185222653990436717283686031360      
   204.218546096602398794753714884366974      
   202.721160707700312424890051314908869      
   201.169174437171947385252205235747959      
   199.560575230866584117052316018867867      
   197.893175003786500100638318800368346      
   196.164588523782089358194062999498818      
   194.372209274903396300689141713632808      
   192.513181690676672447598223703846618      
   190.584369004702860647446244187776128      
   188.582315786695655169296702365874038      
   186.503203998168950872663641423418409      
   184.342801098159862815434474289145373      
   182.096398330940830304829655799635438      
   179.758736798005128657750951929508644      
   177.323918206554640207777485458959719      
   174.785296222927902959533405629905937      
   172.135343036469202626231060759402416      
   169.365483896931406478694071569628781      
   166.465889786323227907214928657663987      
   163.425214652779857276093300581816087      
   160.230258181741516640777712305283336      
   156.865526964389495752396210351021663      
   153.312654582425269250653687076343652      
   149.549621907958558992389820755653835      
   145.549688162302404778344732788538249      
   141.279892508866061189953945612807705      
   136.698899072851818725484111717058748      
   131.753803063441124423828400022782180      
   126.375223586290752468734310519241978      
   120.469422589003200019536762777246920      
   113.904914264369734722342679127993989      
   106.487956792731041538577782191668409      
   97.9128844660642950676024914751576170      
   87.6457497598681979615988086067006095      
   74.5844248446782803639663542118954366      
   55.5643354495486909259563076090055187      
   3.99814724113766151590606800687676474E-0004
   3.89813334615222354690347597044296706E-0004
   3.62862145421012221207947000366609650E-0004
   3.32235586000178751412345750768910927E-0004
   2.98643256512093517820659961355767287E-0004
   2.61290150762757673640890296621216122E-0004
   2.28048212390094491637020475779109384E-0004
   2.63987748036804014542900765789885784E-0004
   3.25001749669898610516476352605213116E-0004
   3.62777001079976899324807756132192166E-0004
   2.84543754063509606225673110746280827E-0004
   2.48293908911790010998061157345063737E-0004
   2.26251777590110576791266904113022032E-0004
   2.07668240468792143912978153688320685E-0004
   1.88654884815759994399387924241798671E-0004
   1.58678257649434154913184675357411250E-0004
   6.28850331763273700997686719401873075E-0005
   6.30805916917483118987546181323155633E-0005
   6.32725793717615958807840169985226426E-0005
   6.34609564585310425294376375774726466E-0005
   6.36456873506010430770050430659346681E-0005
   6.38267405475984200535764346886775916E-0005
   6.40040885892787959256579309126470265E-0005
   6.41777079891312311137623535538399580E-0005
   6.43475791628543949347961351468440732E-0005
   6.45136863516237463815889271388295028E-0005
   6.46760175409193133476795188709358675E-0005
   6.48345643747381221823313374615633604E-0005
   6.49893220657217898732391479805896739E-0005
   6.51402893014253405419854847257246084E-0005
   6.52874681470751437396844299821974691E-0005
   6.54308639451190522837552162021986111E-0005
   6.55704852119280698566503820857111667E-0005
   6.57063435319294778235091460614134721E-0005
   6.58384534495514050547138434676903891E-0005
   6.59668323592924940709778494570615480E-0005
   6.60915003942434585390508000141996961E-0005
   6.62124803133732806672311102455860375E-0005
   6.63297973879422147828725757126421741E-0005
   6.64434792872903862188328435656483074E-0005
   6.65535559643546404984791579424913340E-0005
   6.66600595411800673148084749637458006E-0005
