   62.0513973913599834307899962129052823      
   61.4591744430361231356186113925879325      
   60.8261855360966888490282883629678709      
   60.1477587507551034350958376195005358      
   59.4184403555040157026128322628350201      
   58.6318039388594296970823532631880165      
   57.7802011100886380691048309636799077      
   56.8544319744048821795653699198668387      
   55.8433050392833408026761727621552383      
   54.7330455143201038505586526272416285      
   53.5064999616359903833401083657561389      
   52.1420795841446272002965475652604380      
   50.6123926965161359307261221867489552      
   48.8825219336309500533720727434203841      
   46.9077176518579740893719424797570331      
   44.6292301742862974395353049063534421      
   41.9641724590151173365839781110774480      
   38.7814130494928252969630091847717381      
   34.8485846520863256473299276335270348      
   29.6949587237700234435678973044870674      
   22.0491031954438109345970315105556332      
   1.27102287697656096204484335626485338E-0003
   1.08011260497332862360701372677066192E-0004
   4.95846318181507905221472570126343716E-0005
   7.23712499082953324969251747198488225E-0005
   8.77834698396863139885214112051213062E-0005
   1.07996521787824092030583497093282013E-0004
   1.16095242598935846315518005944112916E-0004
   1.19631202815015194824597127561711783E-0004
   1.20543449531951333663263553504175196E-0004
   1.18930247709201472534441094281365262E-0004
   1.18606642422461269105697062487884048E-0004
   1.16843219308280312596727770088744414E-0004
   1.15018000219315669202342836074730232E-0004
   1.14214812474606593144900361892742663E-0004
   1.19254224467694454601379496224166784E-0004
   1.07629269528037363546388416540778432E-0004
   7.77430837368649219612775082666664166E-0005
   1.02060361651406505409092639991934486E-0005
   1.01961762871663727415125628030345443E-0005
   1.01879500343065261562812405665756214E-0005
   1.01810233913680275476384020721263176E-0005
   1.01751421400813292666412433814019820E-0005
   1.01701103184176829839009527781829143E-0005
   1.01657751032518282372719694124829020E-0005
   1.01620160345862018347097730241301864E-0005
   1.01587372239475673625186635092958311E-0005
   1.01558616459010999970690098053014493E-0005
   1.01533269045764500136163186321409926E-0005
   1.01510820584904126362648310040629213E-0005
   1.01490852140331066509468868994419606E-0005
   1.01473016836463942572414793517372256E-0005
