   1.26947518777557046615510599184795963E-0002
   1.27557687963898267736545505488917853E-0002
   1.28219685953304838364507344106032876E-0002
   1.28940774769032600837509231338900691E-0002
   1.29729688707672462274402730885215034E-0002
   1.30597051450369110750663659012278328E-0002
   1.31555944046342795823084888737608589E-0002
   1.32622691539255603888864964945602060E-0002
   1.33817971765097381561043255529814307E-0002
   1.35168406166447368517426423426294761E-0002
   1.36708880961331459415635667511326021E-0002
   1.38485985505093619473473815396072293E-0002
   1.40563177321179593272357059269559213E-0002
   1.43028702231500578764189199906667654E-0002
   1.46008402334580196522816048885926395E-0002
   1.49689143078614608960887527537237473E-0002
   1.54369205307775729385171754036460406E-0002
   1.60578791617830058804996259261255072E-0002
   1.69397668201284966550841040392103539E-0002
   1.83509535965018242643608374398384924E-0002
   2.12963185801902487691606487163016577E-0002
   2.81022202280032146778105536410779391      
   15.0367035795135794390874223062476971      
   23.3328847998422406639330176582293993      
   30.2048491744979703090521730023519243      
   36.2365685989566157198444517017659235      
   41.6915746651150597466040546361443920      
   46.7178253370714602410462586660635908      
   51.4088195919722705713167772984965784      
   55.8280961788081312154264347958286689      
   60.0209830513666611171408996448408220      
   64.0209251473615285891453469784909080      
   67.8531329416646760162407689222662005      
   71.5367219149688242410485349074868774      
   75.0858543372868145529309101350987282      
   78.5099965223588710301485580207398948      
   81.8128351746231659770898274648385761      
   84.9869169691638837441979648002739917      
   87.9774175497482196333610175466163946      
   90.8476808269006965944314443440980911      
   93.6445733791232049038201051352788442      
   96.3722626202677529503699205611210075      
   99.0345251442311778437343505702776920      
   101.634796281640944598672408124884595      
   104.176211635840681273698108433907051      
   106.661642240176149162065097371655796      
   109.093724567697947719431640381724813      
   111.474886331702500867951127055643498      
   113.807368803757755073764306206392113      
   116.093246220848886716116106406566948      
   118.334442737910004683094509434367149      
   120.532747294104257765302040235944570      
