   7.23140932498815871407360415078434372E-0002
   1.10760654955428149025442119610441890      
   1.14692838197628339764104771589453066      
   1.18761095176646023367951865322311463      
   1.22970414115783423602045203897130772      
   1.27325951928040406378207808092542386      
   1.31833035378164147881980416503534082      
   1.36497166284853027065741205053858681      
   1.41324035108813057040729953896796246      
   1.46319521414873191931096628663547995      
   1.51489704046792371822539372074006724      
   1.56840866458778955260513913574182589      
   1.62379504199358142819556192740697911      
   1.68112333125805705180261174858115659      
   1.74046298101759470130879700442233343      
   1.80188578847985426419960125207850085      
   1.86546599577212921465765198572122655      
   1.93128039691159702202415527516503950      
   1.99940837003816063921443481252519373      
   2.06993204715808408998473603710820396      
   2.14293632776452960678796436423038871      
   2.21850904950029835239189381363097494      
   2.29674104477122816023255954672315455      
   2.37772623858031751474029965987413346      
   2.46156179220856710829561545463331043      
   2.54834817841003959285306378007305565      
   2.63818932890059397063123830391222318      
   2.73119270466449778703056870299817436      
   2.82746945915259786462805050072882549      
   2.92713454402758709472896014706029170      
   3.03030682036724077473475255440878375      
   3.13710922499155747104083542229704113      
   3.24766886635589257422872768536920277      
   3.36211719374785245084700234330824217      
   3.48059011352478879419646573132993591      
   3.60322814296789445573352043580098035      
   3.73017656459620160000730579529440815      
   3.86158556913128231786945181765496362      
   3.99761041517574210382720713804254255      
   4.13841159259497598304411002332284836      
   4.28415496948589592961153549432454798      
   4.43501197966183859757332040667197809      
   4.59115977751538762142161909585451050      
   4.75278142028957010353686543478391093      
   4.92006603344397107139794870145492358      
   5.09320900261258319994556549067222954      
   5.27241215082846176776618856928496295      
   5.45788392098523301925465815095948473      
   5.64983957137740601571342322219320240      
   5.84850136379047405683334431174351963      
   6.05409874918400750809927285238363012      
   6.26686857518390872888022243080128581      
   6.48705527365300214016656613855479388      
   6.71491105934216901390655254869997662      
   6.95069613278863446911074458306229179      
   7.19467887161107496218254177826495833      
   7.44713603855727348718606414659637090      
   7.70835297327603862002294834455894239      
   7.97862378995836251807825673735685420      
   8.25825157762718721677043926376469260      
   8.54754858981680291017074141160716033      
   8.84683643677130868195147215125255586      
   9.15644627590142132157170560567573024      
   9.47671899289079084659051150336664115      
   9.80800538524058918067571331384013535      
   10.1506663385162069628916906667584870      
   10.5050729966090680149872307068425352      
   10.8716069290056745776661439558850299      
   11.2506602922658413004071753929312756      
   11.6426359882167514053160750178490302      
   12.0479478143155817717137862904823273      
   12.4670206137666297741789240214117798      
   12.9002904225364507996706599949500117      
   13.3482046151353537391074010072187549      
   13.8112220569344400510184818657521839      
   14.2898132667316424982663666316062209      
   14.7844605939936717189007997981094277      
   15.2956584298274151069405863322695982      
   15.8239134584897612369336269865175659      
   16.3697449757993277236176782705419207      
   16.9336852928795284864590571300837831      
   17.5162802508243875357027758778517003      
   18.1180898801445255821156200808527839      
   18.7396892216878198238244110346616923      
   19.3816693326459926416884211660321739      
   20.0446384831000313338015886194992090      
   20.7292235288350389225720616181002484      
   21.4360714269344386901427840978357272      
   22.1658508392389796074694582199141256      
   22.9192537436090390712054892357672163      
   23.6969969741618527333484691498382261      
   24.4998236199285502295474697951162705      
   25.3285042538430670573885963057919212      
   26.1838380394605139225661984865853189      
   27.0666538554054004951403481971134945      
   27.9778116994625235519337997533281165      
   28.9182047381967776227597608870176376      
   29.8887624330512749544165118303485818      
   30.8904551591619915841092450673921998      
   31.9243006190700859106157838401133153      
