   1.43127005906088889190490380779556448E-0003
   2.21204145202057232120407926892027254E-0002
   2.30046791514575847608668919188164199E-0002
   2.39192518617209656196557462230537393E-0002
   2.48651587642758560405706226842535343E-0002
   2.58434642271129804911134406466098115E-0002
   2.68552712128672980493445591708289712E-0002
   2.79017225224067405972636960162398989E-0002
   2.89840039103487296623403458840622482E-0002
   3.01033442432039157665470807172263388E-0002
   3.12610178245429599393223379805655348E-0002
   3.24583456205848227630997358973078475E-0002
   3.36966969549861775794593574635627994E-0002
   3.49774913531916385489285952208070539E-0002
   3.63022004808598686165949111276289050E-0002
   3.76723494341278625587182238681625240E-0002
   3.90895188636544851180918518940023946E-0002
   4.05553473231164828412213425400093641E-0002
   4.20715319433798550392056444341243267E-0002
   4.36398321607445615962772736602072934E-0002
   4.52620699622475207386694648365911992E-0002
   4.69401336187913460443354673069090882E-0002
   4.86759788768467481364457572178545332E-0002
   5.04716310647386772166934141335032463E-0002
   5.23291882128205006801963450168925291E-0002
   5.42508226537587348527884005635708124E-0002
   5.62387842256893138024581026089868363E-0002
   5.82954017683638267611759119517172329E-0002
   6.04230866787127133031900903537978187E-0002
   6.26243351992612323683453762929091201E-0002
   6.49017308347977782934192973388661517E-0002
   6.72579479937253020768663956427782560E-0002
   6.96957540838664778022898707030872587E-0002
   7.22180132371099069674926561716435034E-0002
   7.48276888788984950133117606322531676E-0002
   7.75278471423831637905694933500110947E-0002
   8.03216603094079480179131024695332481E-0002
   8.32124100213308255761481262000586352E-0002
   8.62034908801334441237086457095504755E-0002
   8.92984141560122445753866226732373307E-0002
   9.25008111629396392072021805668415664E-0002
   9.58144375568547521076643021226437216E-0002
   9.92431769533385927830743496306079146E-0002
  0.102791045188442903681014064005342522      
  0.106462194254690202655327179338160311      
  0.110260916872858669836950781776411106      
  0.114191650799249512316198205540268538      
  0.118258983314405451713913141150865175      
  0.122467656073478181303932355281218202      
  0.126822569877802398750341954606068342      
  0.131328789489402597551707447823906185      
  0.135991549031135460901050618991078238      
  0.140816257072271573317856353894770965      
  0.145808502094576860537466499904375731      
  0.150974058206985292840382500848394344      
  0.156318890782280080505623712749267787      
  0.161849162659441183260382291723117501      
  0.167571240214850217038971274801648911      
  0.173491699816579455945321214119632613      
  0.179617334624639614952893858719897941      
  0.185955161485073375368909001413007552      
  0.192512428248080210944230009248373715      
  0.199296621465620422902014280299441775      
  0.206315474357309447818894859045281990      
  0.213576975364979648800494872287987970      
  0.221089377153957813628001374435752716      
  0.228861206170291421855782118689712469      
  0.236901272910702686379340465640721676      
  0.245218682947803396614616739209764415      
  0.253822848883176311456984758567870859      
  0.262723503262752774109669131450682665      
  0.271930712772561160643869429674883468      
  0.281454893825586378279127348103965421      
  0.291306829777827453072632692725089415      
  0.301497690168320821229414228207751497      
  0.312039052321016653133405529313053270      
  0.322942925698640191810039002915796352      
  0.334221779761148675687736129645290751      
  0.345888575862812278198106264979851447      
  0.357956804207249231615907368789613863      
  0.370440526773197822670586328807805243      
  0.383354427358948502323001969974129173      
  0.396713870166482304522949912851585923      
  0.410534968078355305601703847905534437      
  0.424834662058483345437697829582891173      
  0.439630812858726437035798043045643005      
  0.454942305954788484851887857809772261      
  0.470789170417256681863666158595348253      
  0.487192712192721809156353403521668108      
  0.504175661998844592689654095625864590      
  0.521762338396722037860057088353129343      
  0.539978827182531599640856216009408319      
  0.558853179653566597100408874478022328      
  0.578415634552570409239642995062196774      
  0.598698871263160812814982749319720645      
  0.619738305432488003502285525055011767      
  0.641572441649023215204972739926916626      
  0.664243300704020213721492772622275372      
  0.687796940482256460630302871254597542      
  0.712284089304961995649872999294398919      
