   103.816422000000000000000000000000000      
   103.815724058893699493109983382114134      
   103.815658330789945220793731120720397      
   103.815586412789100588134338196036778      
   103.815507721962040901480735412704527      
   103.815421620482708698252012841963920      
   103.815327410458234425810361789180685      
   103.815224328272187438424496873053031      
   103.815111538395106708771945567525794      
   103.814988126612142702681667862188066      
   103.814853092612917278435400841574136      
   103.814705341883538949930452038854124      
   103.814543676835054494958070347992662      
   103.814366787096428848335321564755336      
   103.814173238893373329560583807790854      
   103.813961463426932626698499645398765      
   103.813729744157633533829885311241663      
   103.813476202892127504148990349340659      
   103.813198784559552731564137331059247      
   103.812895240554221035945622165213825      
   103.812563110509614217338428954288822      
   103.812199702355959572024374748081244      
   103.811802070499741867464157455790596      
   103.811366991948286487381450917669301      
   103.810890940185892296371988340129718      
   103.810370056589768029427120547066408      
   103.809800119154084965556586312899820      
   103.809176508268639664747818097359478      
   103.808494169274746780743966499860172      
   103.807747571494859900484176175293635      
   103.806930663403836272967272105505284      
   103.806036823578487504545684486576892      
   103.805058807027839325529945558626755      
   103.803988686469082013668455552193794      
   103.802817788073225512489193940026500      
   103.801536621159647645463711946119369      
   103.800134801269676767668816679400062      
   103.798600965995684165660426821177443      
   103.796922682883441525288102091228945      
   103.795086348661248883102490153966493      
   103.793077078979037884237165937299022      
   103.790878587763734068907330817174562      
   103.788473055212996819364919240874717      
   103.785840983357364321754478656276034      
   103.782961038020066989834817840940229      
   103.779809875893519521241840120417901      
   103.776361955330865457357675642794831      
   103.772589329318950981136277185512993      
   103.768461418954676814719425168949439      
   103.763944765588647814719586406517010      
   103.759002759627128306350910689765101      
   103.753595343794115818898369271710054      
   103.747678688448333167055171959989866      
   103.741204836323430830266992936269480      
   103.734121313811852361892944034463048      
   103.726370705641636258616139923239800      
   103.717890189498710302696738131898861      
   103.708611026822573821532437372283388      
   103.698458005648028064412746541123682      
   103.687348830976925627069624160011572      
   103.675193457738616051824680124084704      
   103.661893360932419189087541996151283      
   103.647340737036288780816842195269577      
   103.631417630208708963766972163781186      
   103.613994976201280272956833504497199      
   103.594931556232458272448346886867389      
   103.574072852343100856468853600771717      
   103.551249794955944120474180246875924      
   103.526277392487388988990837756496765      
   103.498953231903959451072284964326152      
   103.469055838069739293675614282996704      
   103.436342878586528880286667633623552      
   103.400549199576109557814446917696282      
   103.361384676483709772934533593962364      
   103.318531862482427068218287576447136      
   103.271643415417820955407383077626003      
   103.220339282436855888710559240152764      
   103.164203619481291578229649734761244      
   103.102781420676569886986485322190876      
   103.035574830295814502655530473878796      
   102.962039107405681999352988774477933      
   102.881578210485626426321142506270653      
   102.793539966231845853467101262761294      
   102.697210783386801143388491250919752      
   102.591809868747416110127527497117460      
   102.476482898469992971065309876437244      
   102.350295093374801422812560019715590      
   102.212223642122437516565072056544173      
   102.061149410848243369841937804793666      
   101.895847872057486700246108228815772      
   101.714979179255741476936053323085395      
   101.517077306864694160493377178643385      
   101.300538167397300017153030901959691      
   101.063606609576421384447917975767285      
   100.804362192010601875395535732928404      
   100.520703617115946860282590899941363      
   100.210331699113746943473854526765890      
   99.8707307280514775657089667177533540      
   99.4991480787938250986034079190340880      
   99.0925718997050487950826535423341334      
