   1.77336079888586036145398231713567930      
   1.79088076712842475608144033969318262      
   1.78769845528003002263490499246349631      
   1.78443325617302511009725996655609238      
   1.78109054842526035492359537071449625      
   1.77767547200763268135726617601908285      
   1.77419293216289559006860670994568350      
   1.77064760206611151851095547670181749      
   1.76704392092969080822719377987998535      
   1.76338610364192742574064185061248189      
   1.75967814417818776123499653199423676      
   1.75592382360188967196391024721796462      
   1.75212671719494690175511234272386100      
   1.74829020170072361510657820654445730      
   1.74441746276355130461348643686981487      
   1.74051150456522573729983592655665009      
   1.73657515716618531881291192468773671      
   1.73261108350192853087300191220430820      
   1.72862179097200484844217256304339306      
   1.72460963482494647573321202453851249      
   1.72057683076939232932299765385955507      
   1.71652545850182777568979972394408935      
   1.71245747169355862224218412143781944      
   1.70837470543663360395668543138130405      
   1.70427888136030962490772911112936790      
   1.70017161615599079241669142751986222      
   1.69605442644691638404625595164206662      
   1.69192873719512298773260462608038805      
   1.68779588571837232406453948939994156      
   1.68365712830319357878870180884856933      
   1.67951364635762449084275560886058839      
   1.67536655027819943715412981538745131      
   1.67121688608550559320297429810207960      
   1.66706563912164150059354769690423914      
   1.66291373972197031329882690461731265      
   1.65876206742467692287385308744104779      
   1.65461145519693067307158568334336910      
   1.65046269401836505429910413560377729      
   1.64631653689920872937299379016946971      
   1.64217370281902633570198783638992446      
   1.63803488114289311152069303878812763      
   1.63390073490759608165927778336952923      
   1.62977190508747147079390193667859424      
   1.62564901415909700937507826673562321      
   1.62153267017012668046797577983213257      
   1.61742347023277900413215706453011797      
   1.61332200448928632662163231467844370      
   1.60922886004664214970091024931062965      
   1.60514462476378321583101348972035096      
   1.60106989135588843261475645932849459      
   1.59700526168721315801425291424188781      
   1.59295135083701331475616853451926653      
   1.58890879175161683203044023497682199      
   1.58487823990738597404715027545465470      
   1.58086037816618481958897584982295137      
   1.57685592209163267719056102846747687      
   1.57286562531702572670747536081643845      
   1.56889028550074838703405041800101204      
   1.56493075056253449899701577710550952      
   1.56098792531125340181907591343541638      
   1.55706277866895951153193985636441112      
   1.55315635136864342588800323828897756      
   1.54926976424313598470441532131212019      
   1.54540422723678283956100841490454953      
   1.54156104908414865700184538338408970      
   1.53774164782943074708152438963833196      
   1.53394756224424647268511835136295088      
   1.53018046420717248270392179068895987      
   1.52644217216545935603578791985120934      
   1.52273466576900750948146091564680690      
   1.51906010182083167672635349397099092      
   1.51542083163160225768874893785166925      
   1.51181941994899773484399148381675561      
   1.50825866562055110678285483224603093      
   1.50474162416168792949381769750716562      
   1.50127163246022463911962317689161343      
   1.49785233588128274649497659396283628      
   1.49448771806877935018683290643052725      
   1.49118213383052550008621819123865114      
   1.48794034554105751339157570668421672      
   1.48476756358306933027305614714281500      
   1.48166949140169940050865483704267723      
   1.47865237581647982834736288622647264      
   1.47572306322996019082649861119342185      
   1.47288906236362200159808274338598817      
   1.47015861406495728527369204296307962      
   1.46754076857187880100389886557930402      
   1.46504547043598043231995472652291981      
   1.46268365111372880333014224253060702      
   1.46046732901757258319831528980703994      
   1.45840971679762725923583742140715194      
   1.45652533571348230300698466481056904      
   1.45483013735028921340368968315765919      
   1.45334163368374498175546721235695670      
   1.45207903745899839562089343480142137      
   1.45106341618881029099783793739797654      
   1.45031786440122531020507483739006890      
   1.44986769992142780580803251508126873      
   1.44974069058905794593953474942318238      
   1.44996731772480877697843421511996692      
