   5.75680180862328832789351820703013421      
   5.75669425692907361772361239387902961      
   5.75651514666352854605147610653220163      
   5.75626476313267600692232139157946066      
   5.75594350843162665965151679911563587      
   5.75555190174992180297185199364165725      
   5.75509057790529111906766010372038553      
   5.75456030328490753884672136659323502      
   5.75396207190499918604263638014151038      
   5.75329737931253237345658576430000709      
   5.75256873587252063765198471735496548      
   5.75178038360310976030709544440391744      
   5.75093909949920452234300149139622153      
   5.75005495461177485926990291331603208      
   5.74914193828866316866372698122338125      
   5.74821840782673822619428108332509670      
   5.74730735507564724139583195573298826      
   5.74643648935730871118141060070101053      
   5.74563813249445814371638050242185276      
   5.74494891991711664833771310094187398      
   5.74440930830539408140978242194685797      
   5.74406290418276147477387280752709474      
   5.74395564466688883880847174781000322      
   5.74413487584337972448731701013820614      
   5.74464838263704158238574617388529459      
   5.74554342535241845573026644132778279      
   5.74686583288170996199663026049624439      
   5.74865919289050139193902958191112572      
   5.75096416714379298878965769093516417      
   5.75381794761923235036037626600673718      
   5.75725385768641152791427032841426354      
   5.76130109327033500697367061355484880      
   5.76598459200035070374343699279945367      
   5.77132501398116659826628408200429943      
   5.77733881551752835472503382272508915      
   5.78403839654527980851002107993735559      
   5.79143230355547804211944822884267947      
   5.79952547115187714987039988145260221      
   5.80831948781916680964143676561603611      
   5.81781287370515672582445350328783100      
   5.82800136060172782528044302371885467      
   5.83887816652678030647076952945502792      
   5.85043425931613383293105672673585460      
   5.86265860516124836365682732915663722      
   5.87553839966793873187338721753167479      
   5.88905927986595471011628995444209289      
   5.90320551669099212535577180016272530      
   5.91796018793739464475526647112242381      
   5.93330533223526644334468134074534163      
   5.94922208491671006509618251783053390      
   5.96569079675343329378041539319540407      
   5.98269113671487763702814243056675546      
   6.00020217984760092777810507590273803      
   6.01820248140681688333164852612057650      
   6.03667013816421855657221441532581477      
   6.05558283785373185039514259041123463      
   6.07491789746641664574318841968610738      
   6.09465229090794093907517401191499842      
   6.11476266652653642774059632599023673      
   6.13522535456433623773866021869205729      
   6.15601636459956381530496894782176659      
   6.17711137263488499763151017130480538      
   6.19848569727531221368528401174721241      
   6.22011426405384370009392718884518727      
   6.24197155664039711500053352194196718      
   6.26403155312093118239540530736441403      
   6.28626764498350957542589565235082013      
   6.30865253562326120846767128940325370      
   6.33115811439528132051023581279072034      
   6.35375530076212055348198387307659816      
   6.37641385166260644671494919643835836      
   6.39910212288453817438289582712470834      
   6.42178677231202254138463368631836576      
   6.44443238881505363745327611855463676      
   6.46700102472525914573962183174792401      
   6.48945160176767549385420293720059947      
   6.51173914839978299737964196881448665      
   6.53381380908134235752073569957682641      
   6.55561953963474392106219473330075456      
   6.57709236222898034326548392272395212      
   6.59815798927220177415399395268559722      
   6.61872852050415944206177378138980139      
   6.63869774120974602351051523728415564      
   6.65793424095813930765844080013504552      
   6.67627101081274690695093940206955676      
   6.69348910452678339844015621595080500      
   6.70929078544120600742090612309514216      
   6.72325291932364076115027007159760449      
   6.73474048191076626113219491111049602      
   6.74273170485148647268171823361918505      
   6.74542033155258339382023859927993268      
   6.73913086125151320551822284355875334      
   6.71424847151211863751015118784267145      
   6.62268502620449645201947579695015182      
   7.12711151494669754125853825752212942      
   7.29639446837743203373506135100125657      
   7.41002542302260903462411038024660994      
   7.50600544973912630585990001802576152      
   7.59346094459367413245499000577374172      
