   277.063994752807950380999828051341283      
   277.054327991376201872858287044696376      
   277.038180672286391907104845555905371      
   277.015523493964962996424820430437627      
   276.986326294971558648077048023649270      
   276.950559702320941905773441946693522      
   276.908196652708787567615989004489030      
   276.859213762351049536182367422947188      
   276.803592449214471993070421249828952      
   276.741319511180225171394193295690838      
   276.672386396632292272807403849232645      
   276.596785713465007058600509533945690      
   276.514502854904584568457215858414096      
   276.425500504943800424785568568039777      
   276.329694696623966378964577772410628      
   276.226922996869719025025505191752292      
   276.116907521311072661830136465677882      
   275.999216919035191507687840782389362      
   275.873231727447998796249010684602228      
   275.738116706870114020165320311983349      
   275.592802415515083112302021038792150      
   275.435976872864656261076240871037623      
   275.266087006676697395861054511008860      
   275.081348793874617192940404664726949      
   274.879764569352636152501526800681910      
   274.659145802422418879996524876925975      
   274.417139643789202701083211409196773      
   274.151257658167583855951822353616625      
   273.858905328998193027170442364180108      
   273.537411131079041085584587292506706      
   273.184054183083554744503373117319364      
   272.796089714135526727268285915077537      
   272.370771788224602286335772343744812      
   271.905372922642929888615168575289778      
   271.397200406207892589607214327391207      
   270.843609266208905844564350440450928      
   270.242011946403612914977860572415788      
   269.589884846820389787541251198239453      
   268.884771935206940600776875079340356      
   268.124285678647651837043993152973524      
   267.306105560834436184889613251882832      
   266.427974452320961508744424474731173      
   265.487693088856589176903008548093608      
   264.483112891420547507977820916367748      
   263.412127331635061428228493136949972      
   262.272662014177614919803608223904875      
   261.062663606224514947857245297426038      
   259.780087706193338167138362599442913      
   258.422885700203627144358246656551714      
   256.988990611114803036778878402825113      
   255.476301898238676669995652508015729      
   253.882669117872972634662391230033915      
   252.205874300519997278126137255567581      
   250.443612849202405019054376508644672      
   248.593472692049850472204977174972169      
   246.652911352842036208008365132325412      
   244.619230518744074164209854509150641      
   242.489547573975713185154068805595798      
   240.260763450123066774081836530498565      
   237.929525977320883540178581199043375      
   235.492187728910887181899113510070843      
   232.944757093083271845184458987339005      
   230.282840980092804276554472690005195      
   227.501577142377376252999774479589420      
   224.595553518461692037892396891194232      
   221.558711253852966264232255248216042      
   218.384227019402122452238892191895447      
   215.064368845063675815822519573324936      
   211.590317718919994611564906280948372      
   207.951944435496353340388151378028040      
   204.137527199726902208625839257648542      
   200.133389680484674317671431866927767      
   195.923430537509078666859716865273724      
   191.488502223678747336858252817780824      
   186.805576194178574590073287327104345      
   181.846598429913482095647594734737383      
   176.576884053710246293758742203489159      
