 0.85241612091311E-05
 0.85242358010851E-05
 0.85243607661343E-05
 0.85245367376281E-05
 0.85247644351056E-05
 0.85250446399461E-05
 0.85253781714729E-05
 0.85257658636116E-05
 0.85262085443232E-05
 0.85267070256408E-05
 0.85272621237817E-05
 0.85278747435062E-05
 0.85285460721585E-05
 0.85292779284583E-05
 0.85300732939786E-05
 0.85309370221864E-05
 0.85318766810258E-05
 0.85329034534259E-05
 0.85340330050174E-05
 0.85352862316080E-05
 0.85366898164068E-05
 0.85382765523723E-05
 0.85400854123277E-05
 0.85421613744426E-05
 0.85445550306226E-05
 0.85473220192414E-05
 0.85505223313310E-05
 0.85542195414354E-05
 0.85584800119661E-05
 0.85633721141422E-05
 0.85689655009976E-05
 0.85753304593552E-05
 0.85825373592071E-05
 0.85906562112159E-05
 0.85997563364567E-05
 0.86099061472726E-05
 0.86211730342810E-05
 0.86336233519544E-05
 0.86473224937903E-05
 0.86623350475468E-05
 0.86787250212561E-05
 0.86965561314900E-05
 0.87158921465339E-05
 0.87367972785547E-05
 0.87593366204867E-05
 0.87835766250262E-05
 0.88095856250133E-05
 0.88374343962763E-05
 0.88671967659883E-05
 0.88989502716138E-05
 0.89327768777448E-05
 0.89687637605374E-05
 0.90070041722707E-05
 0.90475984015989E-05
 0.90906548490523E-05
 0.91362912418394E-05
 0.91846360176238E-05
 0.92358299142174E-05
 0.92900278108810E-05
 0.93474008786555E-05
 0.94081391118370E-05
 0.94724543322981E-05
 0.95405837839559E-05
 0.96127944690191E-05
 0.96893884238637E-05
 0.97707091954534E-05
 0.98571498666077E-05
 0.99491631004061E-05
 0.10047273847994E-04
 0.10152095615016E-04
 0.10264351551169E-04
 0.10384902181029E-04
 0.10514782442525E-04
 0.10655252030640E-04
 0.10807865189626E-04
 0.10974569661994E-04
 0.11157850633028E-04
