   18.7786855331590000848092430367807878      
   13.2955293881793539121888316345246866      
   10.8593957174084198542789643558122120      
   9.40546479495418595720358164254415293      
   8.41248914885994703120663043346858505      
   7.67903097483696184556630880362126574      
   7.10863432034475919662619623336313317      
   6.64855869555210471753552570438190216      
   6.26721510709668267641706803059723497      
   5.94437715570959876583633369937509398      
   5.66641446796203913907651861927706030      
   5.42376219080915616925873194659435064      
   5.20948393695813766073382999838037206      
   5.01841024981234832258403252343162528      
   4.84659852645450958045731746482836904      
   4.69098154384938226416767505727484368      
   4.54913134187906353181883539366314116      
   4.41909623593508070269825554059666578      
   4.29928565696740006120447184570066331      
   4.18838713353390816974507474637719837      
   4.08530539232636090949346853935643349      
   3.98911699580896245864164594219720685      
   3.89903609061264988209718949998878937      
   3.81438822600575125450828138086925472      
   3.73459011450686544856936745646655226      
   3.65913382088150514673457359103108918      
   3.58757428696830438031380631029869601      
   3.51951939358437467903018829286774227      
   3.45462196882680199132654777485504133      
   3.39257330161173905794937847185946089      
   3.33309782801182581576090306495416729      
   3.27594873804365752204489808884890134      
   3.22090431008400990798557386401775532      
   3.16776482474565265288730492160416955      
   3.11634994377691710746284760400256742      
   3.06649646517590101856901960970634046      
   3.01805638524007202113628368425112827      
   2.97089521324498735312500896657152436      
   2.92489049589446215195566674875617344      
   2.87993051750834714136836900410243704      
   2.83591314868613114318371780210255015      
   2.79274482141655407601655977930979754      
   2.75033961263304779968138085502563176      
   2.70861842133963134795879492402241638      
   2.66750822684455573411752593085014265      
   2.62694141754487860978243250658771029      
   2.58685518113408605132105461164094307      
   2.54719094827588646641197319483743422      
   2.50789388266015219835442601450946431      
   2.46891241104625270887735168238275247      
   2.43019778740789528375106979095882401      
   2.39170368567302974371557626059723565      
   2.35338581577822428251839703400800679      
   2.31520155793741077072959208236220045      
   2.27710960996426427328267207778157702      
   2.23906964240883168894887489595749019      
   2.20104195602782009608508012785791648      
   2.16298713562292982653252660299404497      
   2.12486569373964165334781505645363607      
   2.08663769676720942148143864365186409      
   2.04826236485654655272391177795053112      
   2.00969763542437910016140315602252348      
   1.97089967789431886561349619209001057      
   1.93182234442844413836958576251480556      
   1.89241653754006221167623564002826993      
   1.85262947024877229542970468022361445      
   1.81240378724173413875520619013252427      
   1.77167650569426312005429281012230103      
   1.73037772055329778440279903052497910      
   1.68842899958282235032224482672077443      
   1.64574136534444033207958922773179323      
   1.60221272011333423007824268643417139      
   1.55772450821789853380981128214040577      
   1.51213731635896015204979529802874346      
   1.46528496543683617855250832739084035      
   1.41696641082896022050898859539580370      
   1.36693437507101823431756068088054929      
