   1.16114348229985013484031808703839608      
   1.13452498509989802757702310080591932      
   1.10829077208386102214540934573080296      
   1.08259575575644984264889624654457947      
   1.05765940393892478357609176020531339      
   1.03389411125773917659651978532916714      
   1.01357811473891006916687239996691607      
   1.00533001725905471944299250733865409      
  0.891313105710282337154818275361473488      
  0.855912926175670723713144638537692149      
  0.831055434059698284780228129129686330      
  0.802946798011060175033920614753499253      
  0.769064333066249011126676626210183365      
  0.728955062330535627856462862288422977      
  0.682810917995420939934224793298729431      
  0.631105628248430907798863817269638446      
  0.574707173076931299906026754093420163      
  0.515301552848476016125975688613161887      
  0.455646632807562461259520323045559485      
  0.399195741173168807759258436453064405      
  0.349323835316491948759055602880223107      
  0.308748731799013248423816575265022335      
  0.279489503453388996124105831167553224      
  0.263601794213786902350166360537439259      
  0.266811392302280271372953109778592328      
  0.275846263639217356022738624769874924      
  0.284747547183025164034277181198114470      
  0.293516289089642628302756417867247680      
  0.302153587989042291365346262390565055      
  0.310660589140278734112354881435806769      
  0.319038479261685478324602202192400672      
  0.327288481957179657110257993191899122      
  0.335411853666589312689880576054783903      
  0.343409880076594687349834406244879777      
  0.351283872933245982719162055207890511      
  0.359035167205206847549259944824416001      
  0.366665118551120000468638554961866535      
  0.374175101050522748378109163096848733      
  0.381566505161523141412808822684980967      
  0.388840735874385410869211517723896976      
  0.395999211031827082788247547302779818      
  0.403043359792849151203304737984157699      
  0.409974621218150654761367600178851505      
  0.416794442959034940837440413142530532      
  0.423504280034373569707058127934259894      
  0.430105593681653128497265373997147768      
  0.436599850271376625460299603857259555      
  0.442988520274764632152160511476364965      
  0.449273077276897225967329228785818981      
  0.455454997028882615091840956210158052      
  0.461535756533565405903466457934468257      
  0.467516833160136732189559048076186536      
  0.473399703785095257276678841138481386      
  0.479185843955905195056717532924031200      
  0.484876727075888460576319703943033058      
  0.490473823609416123095100647220809277      
  0.495978600304907897592561859134584780      
  0.501392519438472308844694932402013329      
  0.506717038070963440704672062531185664      
  0.511953607328998132659166428809936841      
  0.517103671700141932118845544024270499      
  0.522168668347503392732645570181836943      
  0.527150026443855979361783582870909535      
  0.532049166525761257018300590434108711      
  0.536867499866699691491624104908754975      
  0.541606427871922165183782413437341658      
  0.546267341493923145220806719579686067      
  0.550851620670112358235056101938473818      
  0.555360633782972787450781738279835586      
  0.559795737142785932176072793384388081      
