  0.411876899836162551788272133860331780      
  0.435107858842570573382715206568110067      
  0.460419042921434430957390238404859405      
  0.487806136644201584446669391069814265      
  0.517279913249494013377657488074146800      
  0.548870774882646876966961362820740975      
  0.582630489527742760098342613039278340      
  0.618632690932483585448511979780069195      
  0.656971771808080536331222425059155046      
  0.697760860623158878221997463422291759      
  0.741130249341073985411611052470413612      
  0.787225490191097903295827516352903326      
  0.836206365769680256003077079585633201      
  0.888245960205002905879921530192022739      
  0.943530361153740538822175886591100882      
   1.00225864094741147829810060697885109      
   1.06464305858184672015794674614528429      
   1.13090957861667256600374356495230382      
   1.20129844424604957633800328430370194      
   1.27606490007142282559869727853393810      
   1.35548004925842843071265375683344815      
   1.43983171106998361603139601658529855      
   1.52942544053452633740227715767137615      
   1.62458553339136160981030147486368872      
   1.72565615171106075315908471032818024      
   1.83300247910433058486410130152081068      
   1.94701196676516734636833192719725826      
   2.06809562559737455941811965766701138      
   2.19668939940218395585124720874967292      
   2.33325560062629856512702649736386802      
   2.47828441673418119846636629679121715      
   2.63229549063931419184764064334644051      
   2.79583956939180960095997107409534312      
   2.96950022536543312777579196540253019      
   3.15389564726319672533821949600193911      
   3.34968049837619922999131550727175215      
   3.55754783956162811758392482863994092      
   3.77823111087139787608235784310468030      
   4.01250616543452083025240927507179228      
   4.26119334592824077214159348662783884      
   4.52515959159720639755373439282240216      
   4.80532055988108622935878586938464061      
   5.10264274304392859455579603712923770      
   5.41814555497958669269249955013178003      
   5.75290335746765841197125454344005240      
   6.10804738816365296387719994073924321      
   6.48476754424871819374688674708177224      
   6.88431396568271832196820527542562715      
   7.30799835053184724152613865759317546      
   7.75719492121747178278184841717645032      
   8.23334094494227092498080213183034929      
   8.73793669370150302529052426141637667      
   9.27254470922244899803644157024425772      
   9.83878821618147830287768701689496708      
   10.4383485036115338234888759162549610      
   11.0729610707465846404253521878885449      
   11.7444103115846654637850809626308952      
   12.4545224955404199342821335414953943      
   13.2051567950802259921383233660480386      
   13.9981941238003371945536998140068472      
   14.8355235936030793445328307659553140      
   15.7190264984644139686006588087641850      
   16.6505579164179480106357934279196223      
   17.6319263361275260533524219853612549      
   18.6648722201535749226996466214317413      
   19.7510471854691878934931488682265566      
   20.8919965840959233974544769591577864      
   22.0891497520395185023777658736521549      
   23.3438240656913505916060353708665979      
   24.6572511457542343673070791394789297      
   26.0306359810960588691799639767479462      
   27.4652623004457472055119746027160845      
   28.9626600655051480944507436483697016      
   30.5248531679326788936747462995068158      
   32.1547063730549120785897363836892078      
   33.8563882646105194237492617769608532      
   35.6359581294153555271179276628436379      
   37.5020657516108032793505311380178399      
   39.4667227459586587116161452080881037      
   41.5460671890383341497554383066465453      
   43.7610113526679754470504835141100620      
   46.1376467315257116101253922858206906      
   48.7072820936226022335932896233019657      
   51.5059962139317181991519644528488506      
   54.5735844467354502116895046046527512      
   57.9517808605846634481140167132747747      
   61.6817158710744775463375748811707276      
   65.8008892274666236899568352185575072      
   70.3408371318254695417899709760075065      
   75.3288214780833092869256070320093991      
   80.8014179608316146833927470115344372      
   86.8451677438332368771171469545335064      
   93.6810381033730272646833225283264948      
   101.776185939333388022969386825620581      
   111.890713704209275346800305324195883      
   124.955247011515261716404357298006580      
   141.807517054100978716506907184723812      
   162.946082338337998364680466784731277      
   188.448282903485237347955018338537021      
   218.083990197581144558783570953613947      
