   1.20300723821203097620117438034581447      
   1.27264372766887306852644446180193470      
   1.34881931041824910069659040767444061      
   1.43156342084287013783642899755429711      
   1.52094052464930636116474145863012443      
   1.61706627485631659115312698737187833      
   1.72011663639768548549589120317738300      
   1.83033332567289148078542926952666770      
   1.94802369446713614534981840128379710      
   2.07355676406973242903746311126880249      
   2.20735952503094281501077019517629614      
   2.34991158491378841158518940699704207      
   2.50174202263747307287012316226534040      
   2.66342646555205998544249738752790746      
   2.83558608620767304433450258769133456      
   3.01888755787102593967416442540685029      
   3.21404380758968667944474783880631770      
   3.42181583854367808832146211527696516      
   3.64301482798763244098416604450734893      
   3.87850476300648195202347817037397216      
   4.12920555644044629744980696868355299      
   4.39609623530286290942471403717391868      
   4.68021867801141682773425612486284699      
   4.98268137165223441634934371182947815      
   5.30466359355353405977858504813301028      
   5.64741974695505968820476837510931421      
   6.01228403747919121641618206820180728      
   6.40067535992749402308658470338628707      
   6.81410250529581604498861478021709515      
   7.25416963745087619360062248641100209      
   7.72258206939024081650942302453813487      
   8.22115235569811769249623503406293739      
   8.75180669011510355008831489757226718      
   9.31659162814698554023281988798597172      
   9.91768113407647824813855859262266411      
   10.5573839525474507758340768407539633      
   11.2381513055299075226474869620305186      
   11.9625849051731124590010214726885699      
   12.7334452726161333502719439872325990      
   13.5536603433660533840026977532907728      
   14.4263343331489768995725220118929564      
   15.3547568267297327047708186028155931      
   16.3424120415063085836950715188213589      
   17.3929882021703509623598075526228679      
   18.5103869450592773219576758565438622      
   19.6987326497121246403003146798749980      
   20.9623815696744029305389054449284378      
   22.3059306039143856009719384819448278      
   23.7342255146477543316442576644861824      
   25.2523683547250078683280955370211571      
   26.8657238184262070035152299730128285      
   28.5799241723704251438899436659698269      
   30.4008723580665464554467609145389596      
   32.3347427848391423121535372087224483      
   34.3879792523392178252256856322788691      
   36.5672893585606698452658470737738766      
   38.8796346672016351082223942112394895      
   41.3322158365187628684287784203231311      
   43.9324518658357191903347003252210780      
   46.6879526209620290342060048462882557      
   49.6064838972287193240434956922610807      
   52.6959245344469224624209057793178672      
   55.9642156141410959606250282379401780      
   59.4193026980607160422382295938166561      
   63.0690736216514127844098170972968006      
   66.9212968115848172517867706765648765      
   70.9835687678790120154651515856264667      
   75.2632845466326004755683131387558772      
   79.7676520374427786919862720095506615      
   84.5037796758706480271661839726725566      
   89.4788779826237733121164031795440945      
   94.7006278858916000833647626346177735      
   100.177782754371978040511554922649237      
   105.921085007088534177979663206594909      
   111.944588254353138958972106381968352      
   118.267474489727097557077954444767014      
   124.916431304385940273441347442651700      
   131.928594891017874905079579157338529      
   139.354969372399701778853258160138042      
   147.264123471512801703330987497380597      
   155.745889027303059274567381696038320      
   164.914792528143369197650225667476279      
   174.913053279783312229826943062768262      
   185.913131680666325883943459321320442      
   198.119922069877918786546406774123543      
   211.772693872728155363998636870300359      
   227.146819174391662389204084394891849      
   244.555361489752207465711655121010372      
   264.351207581481899468971924826542726      
   286.932881783004458412526706349752981      
   312.764781554736895567962075569270885      
   342.439360751910659709910734217440263      
   376.818726280200334037881598044741131      
   417.221066360342582344355170871416818      
   465.454550248009384643813988465047136      
   523.561264732385035861437540296199573      
   593.463216979436801659505114898424391      
   676.687513941190848873321351822256098      
   774.135436173276113495720542138517076      
   886.014394760606291612629039760108945      
