   4.42512000412038295700729444402621779      
   4.37132239306757628992532812201084163      
   4.31871791042547710873991270526973469      
   4.26724297429628738549073956796052457      
   4.21683769800201130920123793812580286      
   4.16744552626583314737537315611040186      
   4.11901290918275099970077023335443243      
   4.07148900955702624833093660795420481      
   4.02482543965855361939727665770347024      
   3.97897602386882739884536683457622031      
   3.93389658405705956857520265789325062      
   3.88954474485400414703354320587480801      
   3.84587975628072609107335789519316066      
   3.80286233144505903865876227808115435      
   3.76045449724364783105889824208383617      
   3.71861945620463668664069627743034985      
   3.67732145777726273206129093812359449      
   3.63652567752195039519211497994773381      
   3.59619810277898375852158068289073233      
   3.55630542349677333910213782758077635      
   3.51681492698277642122951292473042494      
   3.47769439540165981814345705646579305      
   3.43891200488644637868075326414837515      
   3.40043622514876354447971836362150093      
   3.36223571847322770517693486884986020      
   3.32427923695702544023965480697406419      
   3.28653551680706595130140014074695285      
   3.24897316843106101979559892408962497      
   3.21156056095155126037378230818247282      
   3.17426569962909980638952863421226288      
   3.13705609449547285934383209230015594      
   3.09989861826243730883948146857175054      
   3.06275935127523922227009610796904301      
   3.02560341090914836509794492197252817      
   2.98839476234413171244365188246465097      
   2.95109600707391490556515506273349824      
   2.91366814478111270592123399813950610      
   2.87607030329908458382893973257430083      
   2.83825943023204246802956740133909326      
   2.80018993834506878651948178862253050      
   2.76181329497104486594563195807344923      
   2.72307754328171433646899359321577367      
   2.68392674015758295090923053078326548      
   2.64430029131863862729840855780444089      
   2.60413215900038404473015209860295621      
   2.56334991028450013798841379681529300      
   2.52187356451612540519864533876015919      
   2.47961418502874644824822475515509427      
   2.43647214212716885803980237166002358      
   2.39233494864822094085035586805096031      
   2.34707453289656148958656090106554682      
   2.30054376080424587981726628697106582      
   2.25257194091793918484247674937435268      
   2.20295892769300245448051470192906826      
   2.15146725591222793360949838544616254      
   2.09781144880658102835707427512012693      
   2.04164316675430424000415107828670115      
   1.98253005546195784633513929545053797      
   1.91992472221930058328505144430221868      
   1.85311761104597562411716261744996507      
   1.78116231693918637667077734237996548      
   1.70275084894833480341896942672878826      
   1.61599102847994040645021403345955516      
   1.51797345239888715061893284270571123      
   1.40382423818746574563281153763266009      
   1.26424567754865458467635072453580519      
   1.07702388902446874513163383587565671      
  0.750457445650251654901325304877720728      
   3.68866535889671274699942042073995527      
   8.55202010817541078704908545410641403      
   12.9176295633382834286983053142143213      
   17.0420704385676663486377871561660446      
   21.0133881908655716493516201887484757      
   24.8747350418245343023754991371207117      
   28.6510142262834511636414758711557146      
   32.3581182264306972105417418865775381      
   36.0069332487160788997111454365191822      
   39.6053052548433291071527582913564330      
   43.1590691209447740928966795588784009      
   46.6725956765309302813737454595913286      
   50.1490723511122241409330062421746354      
