   76.5258454280515074776232714379338139      
   76.1784624024745208941313268348808824      
   75.8161569116961255745286401395281151      
   75.4388832948908938746347632730867454      
   75.0466081222605498823672596599058675      
   74.6393074269921192053877718143781026      
   74.2169639594710142083832959942922742      
   73.7795644689758589710337840096065906      
   73.3270970135661767203192490150108694      
   72.8595482947466409794434443109709710      
   72.3769010096769570047839552518402466      
   71.8791312101209192967909463679625718      
   71.3662056539042688982911291689424239      
   70.8380791312761933705052824530219838      
   70.2946917451338734909527488255378803      
   69.7359661204560081627587733850649978      
   69.1618045143524356896815107813511533      
   68.5720857937245216426239749878526818      
   67.9666622424404847940470081304242043      
   67.3453561539677728422475822615708390      
   66.7079561582636981748243479904619227      
   66.0542132231169875063167756904015175      
   65.3838362595946460812038267545335210      
   64.6964872482909019214938726663723503      
   63.9917757869916244891649570200832423      
   63.2692529402882738928912800413044457      
   62.5284042464329794502285653297013385      
   61.7686417047901521267931031281476205      
   60.9892945265450744156448562261721178      
   60.1895983791016643103143664158371306      
   59.3686827870325686757095780336774552      
   58.5255562643094472283743034040056730      
   57.6590886365104659615467534358878158      
   56.7679898574712068555885895016690889      
   55.8507844176477971009111563446704249      
   54.9057801599248743661694080704122520      
   53.9310299312956800080304373599383504      
   52.9242839588108667071620080981599957      
   51.8829300741260679395489606209642561      
   50.8039178124426025142795062035781078      
   49.6836608041396008796659115846560578      
   48.5179094788295372668274602989807421      
   47.3015824440990470027145782881870864      
   46.0285391864361544757390507446734541      
   44.6912675623369015725017157383327753      
   43.2804443270298421515836549973819494      
   41.7843007604434548648374421809201918      
   40.1876783749372028801869138508158567      
   38.4705704791606633976464324196314355      
   36.6057649961381353168199459220968150      
   34.5548085674541817768218034208227503      
   32.2605525125156070094197318339084573      
   29.6318882988658055757912278916441080      
   26.5075453636959856507082237448960244      
   22.5484935357238504596151200760495688      
   16.7477721693776252489076522405613691      
   2.33634607889825378333814608555460288E-0003
   1.68661910566902032366682113980871209E-0004
   1.19388178997932982344475866332291145E-0004
   1.04854176250342908625339404340806773E-0004
   9.43979535587101096435727944737699184E-0005
   8.47753881629401068239623952887962417E-0005
   7.57126131586563907992209917567543919E-0005
   8.56044911867052490839053312378811770E-0005
   1.08050133245157066714157141535683958E-0004
   7.86118045638886625066584327134166631E-0005
   6.84410987795109893861096474936614509E-0005
   6.13699537623494714804951612555609150E-0005
   5.64678665201785589302099438946219710E-0005
   5.18139455004084361206203998025554824E-0005
