   1.82400855870083112289420013688220569      
   1.81972161576377551263901659915121110      
   1.81517986300116071394767592712192872      
   1.81038861108585628764088564051245905      
   1.80535389758598092600944662397170303      
   1.80008241825980152459844874895414768      
   1.79458146025994208801431112888133598      
   1.78885883780295692621909259935336269      
   1.78292283074978575515329195989263510      
   1.77678212644623544690926639605586526      
   1.77044576508980941941003888447603249      
   1.76392308881960272077949822752089920      
   1.75722369466879840302979741950335770      
   1.75035739147389253497787159932236435      
   1.74333416080034447531729095886145507      
   1.73616412192046282991211000184296782      
   1.72885750086523226813928731503222583      
   1.72142460356744816501085946816918556      
   1.71387579311838263439468585521575879      
   1.70622147117503377244745077094378757      
   1.69847206357952402943282584007270980      
   1.69063801028817090883506704880507013      
   1.68272975975568483837218042099892578      
   1.67475776798278367509372334674562810      
   1.66673250251560137045831634148620060      
   1.65866445178714844625883283897759102      
   1.65056414032016650057269726878884067      
   1.64244215047506423615705922335182286      
   1.63430915163669667663250436602238909      
   1.62617593800462143318755474288922090      
   1.61805347650336373908891431620549126      
   1.60995296679145706755097702673926393      
   1.60188591596097683631616607045038068      
   1.59386423134201891463408443424686837      
   1.58590033594413850990331665540778237      
   1.57800731260474346797441148921959069      
   1.57019908506167003795374615335832937      
   1.56249064720979306137572278663300197      
   1.55489835618641316974727355955340830      
   1.54744031136366258231463712552032237      
   1.54013685095556197978158757760174771      
   1.53301121268035320662637901317008280      
   1.52609042801629437502304826910116593      
   1.51940655680140197133575555840104161      
   1.51299843074094414241179955891313110      
   1.50691418068034774882723525131643292      
   1.50121501262988279565943233864102310      
   1.49598105340092681439039341141771897      
   1.49132078905342417013468769620301761      
   1.48738709580892298231758177518404667      
   1.48440621721633397256306868081029358      
   1.48273445772465674407853332129016418      
   1.48298151991451573054637683350199020      
   1.48632347644121055912384812592702216      
   1.49552206530687471539512926133145279      
   1.52035830649200076857168669243601726      
   1.39552614107023418003530382691367863      
   1.29653791337052340503908197779859182      
   1.25296161008171746678215282555270091      
   1.22000819594868562745343994792518134      
   1.19191991514259117115858748813604885      
   1.16674499515649734235297784588453193      
   1.14359963502385675612400766891162215      
   1.12202001812402819437278284837587209      
   1.10174312175212165719865818428498213      
   1.08261930143439620183494850963051725      
   1.06457583031191426774087777731552634      
   1.04760203317306582343364414767967695      
   1.03174386306125784719652117316689416      
   1.01710591054409556399026472924066478      
