 0.42493120358183E-02
 0.47765894026384E-02
 0.53690600230043E-02
 0.60348415433234E-02
 0.67830460739732E-02
 0.76239062821578E-02
 0.85689166343648E-02
 0.96309916245683E-02
 0.10824643143492E-01
 0.12166179449301E-01
 0.13673928510606E-01
 0.15368488825947E-01
 0.17273011193175E-01
 0.19413515317635E-01
 0.21819245617650E-01
 0.24523071117124E-01
 0.27561934915347E-01
 0.30977359401569E-01
 0.34816014145594E-01
 0.39130354255952E-01
 0.43979337965874E-01
 0.49429233297620E-01
 0.55554524883044E-01
 0.62438933399501E-01
 0.70176561634984E-01
 0.78873182946476E-01
 0.88647689845791E-01
 0.99633722665655E-01
 0.11198150075714E+00
 0.12585988148369E+00
 0.14145867544744E+00
 0.15899124995622E+00
 0.17869745676693E+00
 0.20084692468155E+00
 0.22574276269384E+00
 0.25372572516298E+00
 0.28517889701323E+00
 0.32053296432424E+00
 0.36027214399809E+00
 0.40494085559621E+00
 0.45515122907891E+00
 0.51159155422294E+00
 0.57503579113208E+00
 0.64635427671682E+00
 0.72652577956043E+00
 0.81665107550809E+00
 0.91796823895972E+00
 0.10318698706160E+01
 0.11599225117877E+01
 0.13038885288720E+01
 0.14657507898563E+01
 0.16477404984673E+01
 0.18523686016900E+01
 0.20824612438325E+01
 0.23411998062445E+01
 0.26321661475225E+01
 0.29593937460115E+01
 0.33274255462799E+01
 0.37413794256961E+01
 0.42070223279857E+01
 0.47308542591328E+01
 0.53202035080232E+01
 0.59833346392968E+01
 0.67295710061264E+01
 0.75694337392586E+01
 0.85147993726312E+01
 0.95790784428804E+01
 0.10777417514253E+02
 0.12126927076984E+02
 0.13646937564763E+02
 0.15359285217444E+02
 0.17288628511035E+02
 0.19462794157340E+02
 0.21913148942636E+02
 0.24674989591147E+02
 0.27787937128510E+02
 0.31296314891651E+02
 0.35249481062760E+02
 0.39702079237062E+02
 0.44714167433449E+02
 0.50351191786937E+02
 0.56683790586003E+02
 0.63787449708351E+02
 0.71742079773488E+02
 0.80631641505307E+02
 0.90543998391967E+02
 0.10157120919957E+03
 0.11381045216561E+03
 0.12736560570730E+03
 0.14234899679479E+03
 0.15888171746373E+03
 0.17708926976653E+03
 0.19708912226271E+03
 0.21897204255511E+03
 0.24279023409026E+03
 0.26856797516329E+03
 0.29633275958157E+03
 0.32614944052340E+03
 0.35814884706095E+03
 0.39255368099530E+03
