   1.23862130646581731287458054876471277E-0002
   1.24212727422620440339569045054185219E-0002
   1.24581402207421479132837072281069094E-0002
   1.24969471960392669636458117731754954E-0002
   1.25378388340685914358205689570615623E-0002
   1.25809758136802035024948037800371005E-0002
   1.26265367086483426149625501184938928E-0002
   1.26747207755251979807756700825660095E-0002
   1.27257512325555321224606785018026036E-0002
   1.27798791385142678308740463061640260E-0002
   1.28373880111567271339302137074860515E-0002
   1.28985993655464208762352739575159983E-0002
   1.29638794065127328426738897185687861E-0002
   1.30336471821396470129439204328663287E-0002
   1.31083846040757735900226639570413462E-0002
   1.31886488767567275597962637013268451E-0002
   1.32750880679367093661865880644923089E-0002
   1.33684608224312711450581172785679997E-0002
   1.34696616085266594260703630321177714E-0002
   1.35797534533208302656840949070947094E-0002
   1.37000109679897718003535218534261054E-0002
   1.38319777498192990090525020413747360E-0002
   1.39775442530638964485933669433682423E-0002
   1.41390554355173642980220898859440403E-0002
   1.43194628095523199832587172507360865E-0002
   1.45225446687821817028050619444339689E-0002
   1.47532346508770812093401898184813598E-0002
   1.50181296442124132566398576840067560E-0002
   1.53263094112907533042009069748449976E-0002
   1.56907304057145791144253075513090889E-0002
   1.61307538518361901572042508512438458E-0002
   1.66771172134063516697074654369259460E-0002
   1.73828002002576345945123930623977483E-0002
   1.83505583872900295834474537065755816E-0002
   1.98206083969459168974198840153354692E-0002
   2.25965808432876824122163560584215363E-0002
   3.89042652386471857249580488889909799E-0002
   9.33212445457188805379265833440155956      
   16.3316461501846700074352929822457759      
   22.3762258760746738476405510440491639      
   27.8494384160449622831114440891130991      
   32.9194067898775533816787782372474679      
   37.6803899133269854744775559481233377      
   42.1924124502715028599716011960803586      
