   4.28415968532444361160968392608498437      
   4.22319574845089162379227574208690186      
   4.16301092124405658933562368615424340      
   4.10350769638644538534189041682721241      
   4.04458987901914502463346011662617160      
   3.98616180850671153983513006566495089      
   3.92812756395390042245070694754205874      
   3.87039014155636887382283603273726841      
   3.81285058969098848377820182944413962      
   3.75540708484127232611299435369635797      
   3.69795392782172847701141836535089223      
   3.64038043504678160361578091986579360      
   3.58256969341725611398126060104743411      
   3.52439713925631660103324752227572201      
   3.46572891088949784785347404319978459      
   3.40641990989884940935572455305395697      
   3.34631148629038003156974800997096117      
   3.28522863560306244638181006072570097      
   3.22297655806611164142783181923724407      
   3.15933637623567843230098302843810112      
   3.09405973019106287268517706524114790      
   3.02686185544206583305381081287381423      
   2.95741257654695833837645740865051294      
   2.88532438111904941604240423127626475      
   2.81013630524159505798594406724192226      
   2.73129163077527533932448097029133679      
   2.64810610746498876754766236695170921      
   2.55972103391820659344431474256203156      
   2.46503092185838504944240549720514670      
   2.36256607875538732711374337555484339      
   2.25029015957896249431045694483177741      
   2.12522523669631102231314417816286138      
   1.98269176611071186589493175509784379      
   1.81455973879871237022676517534971596      
   1.60433904795411708096855702002455500      
   1.30732057276194226933437553415252014      
  0.565803111635933093646179351892740111      
   9.33212445530924804593573385102792374      
   16.3316461504553632958363962452578438      
   22.3762258763160587865951287866011820      
   27.8494384163047920667391860129613428      
   32.9194067901116169596909238998798446      
   37.6803899135397417833939230378930755      
   42.1924124504871572683188817157772154      
