   43.5480228082262381933246362361316868      
   40.7073520472744012865677658403686409      
   37.1760155190617365409329772758663911      
   31.9778155101568795768628799886645561      
   24.4411479660579831744134130829888795      
   5.63368603891876559525237895539659769E-0004
   1.19684424937870327497800776929805631E-0004
   1.32657656417794912339119215916587338E-0004
   1.31808866283169965480777717749442616E-0004
   1.25265612716124689281993234540239405E-0004
   1.09144773512888676943811560224489225E-0004
   9.39544898875078974456054708610314744E-0005
   9.27793406111556879774952261686668393E-0005
   9.37995885020795872239433396241297677E-0005
   9.17153932695762827668148989156311591E-0005
   9.14918001497805379487298144210112113E-0005
   9.04474254582097979412036808418503198E-0005
   9.78294359507135361045727358909432544E-0005
   7.95950884013049900366571013795651591E-0005
   6.56320959758257782174135736146282923E-0005
   5.51098639066515950022934978043329808E-0005
   2.88890654668853147638625594383574440E-0005
   1.55164197923744833505827215902468175E-0005
   1.55164515196164510880264069371030933E-0005
   1.55164699193463849919302980842577825E-0005
   1.55164763199763697935506588666908707E-0005
   1.55164721479635035776292168154381856E-0005
   1.55164588498568758493069900065833516E-0005
   1.55164378311245818437757604002143238E-0005
   1.55164104123107756481389794866573398E-0005
   1.55163778010709961051469300054534333E-0005
   1.55163410774924253177357481936591785E-0005
   1.55163011896918152859822109484587139E-0005
   1.55162589567787384656266712233431948E-0005
   1.55162150766573513517197693684420300E-0005
   1.55161701366442458725119493535785150E-0005
   1.55161246253895884522211609279098611E-0005
   1.55160789450407320717851688921392871E-0005
   1.55160334229555817627381267565459487E-0005
   1.55159883225538657476542757010083772E-0005
   1.55159438530970388470280635230844070E-0005
   1.55159001783258376577207545552045938E-0005
   1.55158574239733135449554019059375096E-0005
   1.55158156842238025584252707963759480E-0005
   1.55157750272157222260049094275114070E-0005
   1.55157354996967770476334493202918465E-0005
   1.55156971309403021059780290522780895E-0005
   1.55156599360254556115513657590708324E-0005
   1.55156239185747467994851689657463937E-0005
   1.55155890730318527303158186948058608E-0005
   1.55155553865520217310808304150333872E-0005
   1.55155228405672700159066025701151318E-0005
   1.55154914120793780094561594838384549E-0005
   1.55154610747255501097011315433350203E-0005
   1.55154317996545082235584522766961243E-0005
   1.55154035562447099521668479781433593E-0005
   1.55153763126912019244500369785435568E-0005
   1.55153500364832546093746201060109599E-0005
   1.55153246947912612097801154631104725E-0005
   1.55153002547782820887652700767232318E-0005
   1.55152766838491055238846542873980396E-0005
   1.55152539498474930061123487164130266E-0005
   1.55152320212105377949700973381992173E-0005
   1.55152108670875715362150768575359933E-0005
   1.55151904574298028156830711802363805E-0005
   1.55151707630558645478297485215865007E-0005
   1.55151517556975732331571102248328141E-0005
   1.55151334080294931963466260400043579E-0005
   1.55151156936853021672924657718273379E-0005
   1.55150985872634566901814276450657688E-0005
