   162.276838912400593723817584420024441      
   153.616121569044330936776925385079462      
   142.063752272625403400609389738176016      
   123.725552564685676548568490954207409      
   95.3049853857003168300730015267988963      
   2.29330404716310952125779243771135824E-0003
   5.00384502374868818090903803538369808E-0004
   5.61585907153262418695072805358333720E-0004
   5.66349390749704627012107156072301628E-0004
   5.48964219108055964797970683804373614E-0004
   4.90779565022159775554751614723366477E-0004
   4.36457889974279915947882290160505305E-0004
   4.48770601263193853584902141014206357E-0004
   4.76764330673637756105004706304354979E-0004
   4.95078564349045135665708050603318866E-0004
   5.30481572968644967089666611308306193E-0004
   5.69222228203687616060879547481721561E-0004
   6.73131586242234599341685873904875018E-0004
   5.99551045535228709100060397069783306E-0004
   5.36991867012006782688473328644685960E-0004
   4.79793244394943960798740838462968587E-0004
   2.57347552236045425448349525395332468E-0004
   1.34776333687791651306340662505097036E-0004
   1.31523659932245653605527780216085973E-0004
   1.28534249527494853105643287306937710E-0004
   1.25776015044787346167129164942196977E-0004
   1.23222075189910024215329252751431786E-0004
   1.20849716893813650616041041911841734E-0004
   1.18639599472671480138113290903465906E-0004
   1.16575136886404688516394176834740634E-0004
   1.14642012861846091048001484724554474E-0004
   1.12827796396572687678971652344450737E-0004
   1.11121633984410053012736610614869748E-0004
   1.09514001107989032551364982258934493E-0004
   1.07996499967631792634846233225888136E-0004
   1.06561693611753722029140481182982490E-0004
   1.05202968970568605548092148913835411E-0004
   1.03914423022157148993618862411009691E-0004
   1.02690767609986776494831312027084046E-0004
   1.01527249403817553090571376660250971E-0004
   1.00419582236205705820897522479068242E-0004
   9.93638896147899051453087659841023758E-0005
   9.83566556500239858345905371776071146E-0005
   9.73946829803678582656118324549336305E-0005
   9.64750565459446917460558457684000983E-0005
   9.55951122739316692018045036017011044E-0005
   9.47524099079983454201530726659902500E-0005
   9.39447093494061473257683842513242710E-0005
   9.31699499860486787816741237611778661E-0005
   9.24262325738526747335460461744265847E-0005
   9.17118033066799732111015369148521252E-0005
   9.10250397692524228024220464385950377E-0005
   9.03644385159311516912061991354313544E-0005
   8.97286040577024624428809133171897354E-0005
   8.91162390727795466519692326831928192E-0005
   8.85261356833869286028189713395813209E-0005
   8.79571676644014817294921371518251756E-0005
   8.74082834685374540567952094511900016E-0005
   8.68784999686164424965360353888911946E-0005
   8.63668968323378251150410624565222771E-0005
   8.58726114540666137013557476901682562E-0005
   8.53948343807891465312331209811447298E-0005
   8.49328051758066616144687378004812360E-0005
   8.44858086713946925891178774308783462E-0005
   8.40531715682878858483606323133033696E-0005
   8.36342593443376993815002534262328841E-0005
   8.32284734397654017914889918705733373E-0005
   8.28352486902086998449659999956525090E-0005
   8.24540509821313037274490515724504294E-0005
   8.20843751080999326321032308564392593E-0005
