 0.14802985331859E-01
 0.15407601089579E-01
 0.16224386394780E-01
 0.17602339348202E-01
 0.20212763297353E-01
 0.43694993214648E+01
 0.22985255235435E+02
 0.35976245748088E+02
 0.47149188494338E+02
 0.57442638067966E+02
 0.67431637364325E+02
 0.77718465637380E+02
 0.89087179385036E+02
 0.10232317889247E+03
 0.11831501488842E+03
 0.13821498294277E+03
 0.16274626240972E+03
 0.19190041959979E+03
 0.22452140578216E+03
 0.25766614879435E+03
 0.28588679962113E+03
 0.30011468501648E+03
 0.29491942741424E+03
 0.29025233627041E+03
 0.28632092801483E+03
 0.28302244339838E+03
 0.28026947465230E+03
 0.27798738973440E+03
 0.27611231935731E+03
 0.27458953392500E+03
 0.27337210084050E+03
 0.27241975296868E+03
 0.27169792387131E+03
 0.27117692023566E+03
 0.27083121052982E+03
 0.27063881389159E+03
 0.27058077619568E+03
 0.27064072209594E+03
 0.27080447314441E+03
 0.27105972313429E+03
 0.27139576273953E+03
 0.27180324639024E+03
 0.27227399514759E+03
 0.27280083012108E+03
 0.27337743169864E+03
 0.27399822052463E+03
 0.27465825675907E+03
 0.27535315468091E+03
 0.27607901015925E+03
 0.27683233891459E+03
 0.27761002383158E+03
 0.27840926987211E+03
 0.27922756537928E+03
 0.28006264876494E+03
 0.28091247974209E+03
 0.28177521440318E+03
 0.28264918356184E+03
 0.28353287387147E+03
 0.28442491131284E+03
 0.28532404671260E+03
 0.28622914300151E+03
 0.28713916397542E+03
 0.28805316435339E+03
 0.28897028096006E+03
 0.28988972488720E+03
 0.29081077450842E+03
 0.29173276924078E+03
 0.29265510396212E+03
 0.29357722400524E+03
 0.29449862066100E+03
