   3.06844321025969294971977469218873258      
   2.89343096452804574585777409037211135      
   2.68095483630861279458163901390695184      
   2.37363567621334494498024158999794442      
   1.92017425085801417677110941027676110      
   4.36949933726066845852196276005139601      
   22.9852552359094440326166159533779224      
   35.9762457485067842827577014269721793      
   47.1491884946112493745626759893598173      
   57.4426380680827494108828651417599980      
   67.4316373643104192958175396459217918      
   77.7184656373075743651833273818213708      
   89.0871793849395602753151019985846269      
   102.323178892354128788392144174228794      
   118.315014888280662772990511947202372      
   138.214982942611785295967580531357841      
   162.746262409514709753957313590141640      
   191.900419599466668537154117795829339      
   224.521405781894198778288513633621847      
   257.666148794141891309846437043444045      
   285.886799620981468684389401063830370      
   300.114685016444702991842704279359459      
   294.919427414237331748698504599271929      
   290.252336270408491994812464637883959      
   286.320928014831032004958126297607497      
   283.022443398382021556202375144283666      
   280.269474652306532774096536445356890      
   277.987389734403782108663861724433502      
   276.112319357314491796805685106892768      
   274.589533925003125935437351541870594      
   273.372100840506345006776476157059038      
   272.419752968692196071689424640801368      
   271.697923871319418748116378177012319      
   271.176920235673257636297814015008189      
   270.831210529827243088145983422974371      
   270.638813891595001065725093895174218      
   270.580776195692522787659617248066948      
   270.640722095949642906057762555091774      
   270.804473144422081515303430250837716      
   271.059723134303998557918702881503747      
   271.395762739536507958469403129077474      
   271.803246390250355943709077317399208      
   272.273995147604096971195898103859313      
   272.800830121090407105763199324506357      
   273.377431698647964229547366071917038      
   273.998220524642880337137520704403293      
   274.658256759085561242258658831385468      
   275.353154680918827798388763079753286      
   276.079010159263154765086936753718561      
   276.832338914596864761793883159841831      
   277.610023831589247044606580315253601      
   278.409269872119697055799275538300026      
   279.227565379295077272495238236524503      
   280.062648764948806542273523047196809      
   280.912479742097735909603623633449194      
   281.775214403190292004196580479533054      
   282.649183561846603200408920155033501      
   283.532873871476525770048932275694134      
   284.424911312853552385530575741393450      
   285.324046712613942319038819111302786      
   286.229143001522390621975332677728461      
   287.139163975430044395550772019693120      
   288.053164353404462206387653978826722      
   288.970280960071995256721985863568843      
   289.889724887215175430278107798593966      
   290.810774508427832977734007162919905      
   291.732769240786803889010299180707920      
   292.655103962129191208356612423104870      
   293.577224005245574336399608438849224      
   294.498620661009996096869515107771676      
