 0.10609563103699E-02
 0.18063928054106E-01
 0.19421243803331E-01
 0.20880018983206E-01
 0.22448014165594E-01
 0.24133547817845E-01
 0.25945543066790E-01
 0.27893577363403E-01
 0.29987935291863E-01
 0.32239664809046E-01
 0.34660637236248E-01
 0.37263611355464E-01
 0.40062301989634E-01
 0.43071453471645E-01
 0.46306918431950E-01
 0.49785742360794E-01
 0.53526254429025E-01
 0.57548165082135E-01
 0.61872670955925E-01
 0.66522567699528E-01
 0.71522371332630E-01
 0.76898448809002E-01
 0.82679158508060E-01
 0.88895001430423E-01
 0.95578783932607E-01
 0.10276579290044E+00
 0.11049398433078E+00
 0.11880418636736E+00
 0.12774031791886E+00
 0.13734962407733E+00
 0.14768292965191E+00
 0.15879491223843E+00
 0.17074439635981E+00
 0.18359467033631E+00
 0.19741382767922E+00
 0.21227513494807E+00
 0.22825742816997E+00
 0.24544554009227E+00
 0.26393076072758E+00
 0.28381133385351E+00
 0.30519299235186E+00
 0.32818953551327E+00
 0.35292345169623E+00
 0.37952659001596E+00
 0.40814088505124E+00
 0.43891913889762E+00
 0.47202586526772E+00
 0.50763820074537E+00
 0.54594688874407E+00
 0.58715734220567E+00
 0.63149079160604E+00
 0.67918552541563E+00
 0.73049823079960E+00
 0.78570544304000E+00
 0.84510511292782E+00
 0.90901830221268E+00
 0.97779101812045E+00
 0.10517961989622E+01
 0.11314358639726E+01
 0.12171434417414E+01
 0.13093862929505E+01
 0.14086684446150E+01
 0.15155335546652E+01
 0.16305681275075E+01
 0.17544050031969E+01
 0.18877271450462E+01
 0.20312717529228E+01
 0.21858347321572E+01
 0.23522755509447E+01
 0.25315225223807E+01
 0.27245785508752E+01
 0.29325273866668E+01
 0.31565404365457E+01
 0.33978841837315E+01
 0.36579282751781E+01
 0.39381543404328E+01
 0.42401656125948E+01
 0.45656974289272E+01
 0.49166286963051E+01
 0.52949944149161E+01
 0.57029993624543E+01
 0.61430330503999E+01
 0.66176860737206E+01
 0.71297679852951E+01
 0.76823268362342E+01
 0.82786705326638E+01
 0.89223901678747E+01
 0.96173854953129E+01
 0.10367892711806E+02
 0.11178514720646E+02
 0.12054254039588E+02
 0.13000548508449E+02
 0.14023309934138E+02
 0.15128965787737E+02
 0.16324504040303E+02
 0.17617521195212E+02
 0.19016273552491E+02
 0.20529731736273E+02
 0.22167638546189E+02
 0.23940570274874E+02
