   6.38593629147228340215421944121956372E-0003
   1.80639703896883849704264931624799561E-0002
   1.94212754753923646254675627758607100E-0002
   2.08800426870487018975025279578143452E-0002
   2.24480319119622211948401429640601042E-0002
   2.41335611082941225308418754057967497E-0002
   2.59455530234646186257465389024947061E-0002
   2.78935848253591865110854277666346358E-0002
   2.99879408867259601401981519847896656E-0002
   3.22396690064179020771549182210818202E-0002
   3.46606403875621918579226195770474178E-0002
   3.72636137237522476592639076037323153E-0002
   4.00623037717806176731128292560401273E-0002
   4.30714548150281659517637628431760263E-0002
   4.63069194468941792304237750938454510E-0002
   4.97857431298856405763594092512494410E-0002
   5.35262550140880252834539958578794781E-0002
   5.75481655294476859814389215805318278E-0002
   6.18726713001308008404583883089142602E-0002
   6.65225679665595654592557812611555986E-0002
   7.15223715418983411320135841236330198E-0002
   7.68984489750368637838687545642919059E-0002
   8.26791586417376286278468613170031197E-0002
   8.88950015398838780028050846366348013E-0002
   9.55787840239447255601050119635163480E-0002
  0.102765792978209838543118091990797216      
  0.110493984398404767160933202602928453      
  0.118804186427385766294728922888270725      
  0.127740317973202019509337929735759977      
  0.137349624127422307251044581965364399      
  0.147682929698821260102964674855977233      
  0.158794912282958081592563279791797494      
  0.170744396402560613128761664020604327      
  0.183594670377727313560051771853810494      
  0.197413827719647986849740010204324837      
  0.212275134987742107897279025555222816      
  0.228257428209079621366934495003904970      
  0.245445540130968724666967135901051742      
  0.263930760765970833167818987075136823      
  0.283811333891665100821490298282580039      
  0.305192992389845250261219268929102198      
  0.328189535551132579061898359580962620      
  0.352923451733989355913965335341940559      
  0.379526590053650477064348112579456069      
  0.408140885088877061403568329510009432      
  0.438919138935219027012934895014909237      
  0.472025865305295086473148722998039478      
  0.507638200782925764586486749046711229      
  0.545946888781606070497378493727561205      
  0.587157342243192815238194705555077428      
  0.631490791643547002139099839904134319      
  0.679185525453127436034087218641992989      
  0.730498230837107396125308682111555987      
  0.785705443077499856511664546377893237      
  0.845105112965309201411036000885734849      
  0.909018302250146955469401898217410909      
  0.977791018157921589253929574974899176      
   1.05179619899965017092061612535468042      
   1.13143586401005582226794519762542840      
   1.21714344177886816536427191824048661      
   1.30938629298788603341353639642423579      
   1.40866844465242023420319829635167887      
   1.51553355470260085334579757205857410      
   1.63056812754486975378732038764746330      
   1.75440500323420705505272823245220458      
   1.88772714508350933479802943474046891      
   2.03127175296004102487702674476809110      
   2.18583473219443092680490605422633624      
   2.35227555098189261451417209949536790      
   2.53152252241784528421099653503896748      
   2.72457855091227333209261587715690514      
   2.93252738670381055220585436924529909      
   3.15654043658269707294720788416143671      
   3.39788418376842067683286397722911311      
   3.65792827521489863888147499793322013      
   3.93815434046957101467538863710560925      
   4.24016561263144392549516181972101360      
   4.56569742896368324905260980667483929      
   4.91662869634157957047226639143259419      
   5.29499441495236286010128619904545122      
   5.70299936249042631273749233014352470      
   6.14303305043577697153395888599745402      
   6.61768607375632531799217241194030911      
   7.12976798533064471974200196122497933      
   7.68232683626943048701699962147939172      
   8.27867053269885884427508261006459250      
   8.92239016790944580403734753526484052      
   9.61738549534723652771348934997779948      
   10.3678927118398647763415148626739373      
   11.1785147206792338307200216811643101      
   12.0542540396209089232879538706944617      
   13.0005485084821837317622266542136084      
   14.0233099341704471015351947450359635      
   15.1289657877686262823111745848907405      
   16.3245040403344443613742063850254260      
   17.6175211952425958517738331093704254      
   19.0162735525202842625506075114060260      
   20.5297317363020338937265496221442092      
   22.1676385462163339185026917981230705      
   23.9405702749011877041211958349912524      
