   218.452952695113879886383737166020494      
   217.494861876686732680253899514064518      
   216.497652271225484068842395285675988      
   215.460389660288263896496915553563934      
   214.382099977296870428807681759214029      
   213.261762114369593833052860220341389      
   212.098300293731316978854989941291950      
   210.890575947555793170305862496088731      
   209.637379032952034037499584335869716      
   208.337418689870358599707912587930745      
   206.989313128428942385706495048288528      
   205.591578607898847727084372908741399      
   204.142617341436935618623241194783458      
   202.640704127496225905292920453637712      
   201.083971469228596966878600286015916      
   199.470392895276729829773592851457318      
   197.797764136692085231675711610718934      
   196.063681742239436175921765228329415      
   194.265518623888287824219993331783047      
   192.400395910486943744310804221373508      
   190.465150343091904001351238650133623      
   188.456296260494785726970327753723227      
   186.369980984643299556327828999899786      
   184.201932104517379972860495519623949      
   181.947394747829538819846022294813340      
   179.601056386339834227800683522678127      
   177.156955990773987303457466331763745      
   174.608373360100236847093321971705976      
   171.947693086832257171884884135507253      
   169.166235720195115478015994317086953      
   166.254046001979507423352467148343560      
   163.199624188283479950946745144052823      
   159.989580822461850322529392181099165      
   156.608186902033572673972877984984133      
   153.036778549079311715753295091603841      
   149.252955260795882499097700108987405      
   145.229478677756583066405402274700022      
   140.932725598909908774778872795077483      
   136.320457590977556702796857161416203      
   131.338505602242104772784932292765657      
   125.915657895617928521812901473215129      
   119.955413302419870517522384570833822      
   113.321888086677726947985752562023888      
   105.813819931070153231555784294291504      
   97.1113067622885167929577070612530649      
   86.6490246779803364404033465316449754      
   73.2361734025257108622264570148855768      
   53.2861703141615686456427409405239916      
   5.12758873017350704821959751868008180E-0003
   5.34643549252121902786416953564876406E-0004
   3.87673175060485239100430170753113623E-0004
   3.38564959751242063877090517770996859E-0004
   2.99491854044180656192101191563823338E-0004
   2.59954661647388530240345143752716503E-0004
   2.28535968552419816807382609950171424E-0004
   2.73353042344098501871467405460782143E-0004
   3.31060555045229499793157992915529657E-0004
   3.52154060620206377518100140776880981E-0004
   2.81035253615877343448216354766541268E-0004
   2.46113623156295525090655726641035457E-0004
   2.24836117083173292962814599875114972E-0004
   2.06226532854772542162500635260389569E-0004
   1.87080220901694324406174912034026903E-0004
   1.51521149265113938264232127811307209E-0004
   6.34433731052318090979367550986407252E-0005
   6.35983664889240868598404390701079705E-0005
   6.37585252517342304464878549811887624E-0005
   6.39216037431528371033095268786464731E-0005
   6.40859859017739633234887975922863090E-0005
   6.42504906600444985821602782564551598E-0005
