   64.3068659098166892644642898986942507      
   63.8846291115025577660883642124159981      
   63.4418818527698145925234111711858005      
   62.9771621536240621373078215754013668      
   62.4888635361839288845022401679816426      
   61.9752123961110987344232902757731695      
   61.4342417075428449959432348609265114      
   60.8637603146709637157650187266627912      
   60.2613168391654913061143708852461181      
   59.6241569401954305223618181906985968      
   58.9491722778219846423761296713928528      
   58.2328390158319609125632492167160414      
   57.4711430068283643971072615572026670      
   56.6594878592467686513520973304548098      
   55.7925807889180052942689902368106135      
   54.8642893515560795340295636961681904      
   53.8674595944044222890738986304683570      
   52.7936824530753491331654601273791906      
   51.6329896301409582911164027166694259      
   50.3734513004188660851660193768830704      
   49.0006327656024505636402635981134918      
   47.4968388683067175629029494685586820      
   45.8400183207182729117828214241341706      
   44.0020814091311869615810725499156813      
   41.9461316932536806556296069284702837      
   39.6215687213849038021599249606580614      
   36.9547900871570389951389408536788772      
   33.8300252361739079432138286282917886      
   30.0444279693315173392130144430708324      
   25.1760353715681393070471578749975923      
   17.9686959643450098967347281138290702      
   7.14773437010895250484266022681719950E-0004
   1.03261704952604638305955119964679517E-0004
   8.87795862335570336797394427358178987E-0005
   9.25008762511977223455946114323308542E-0005
   9.53709573233552850163812134919017950E-0005
   9.31247620334896944783419917092630166E-0005
   9.33930686125432579147228471581532687E-0005
   9.43125392745578151868838060921416091E-0005
   9.56407835383422430454593779888657203E-0005
   9.65337196714857846004548892299992976E-0005
   9.66307331813137783745309677375625441E-0005
   9.84249863926027164749191593524955905E-0005
   1.01075946272187752968495173006432524E-0004
   1.02807427700768833897894782802219662E-0004
   9.53130173718192896600786810748285667E-0005
   7.72015263918390044841408449462345595E-0005
   1.02455646889653634135525667815830255E-0005
   1.02285674046121799318626992842386472E-0005
   1.02147685116311290311777941488767185E-0005
   1.02034346091914701135862066596012344E-0005
