   59.8549008703759856217739065747698124      
   59.0386208187685973526628805876843370      
   58.1424085213713073198564130720986094      
   57.1516663148056066316580226222778259      
   56.0474598644696322748200841075083375      
   54.8046355993491003563379657974252021      
   53.3890204633352648217459918901691875      
   51.7536746201764219003569861148082082      
   49.8358506848462513268370170388393987      
   47.5601155662909224166499750150194776      
   44.8398740174434907549053323637475061      
   41.5226496493185565090636303090480936      
   37.2742414941162109009811841242343463      
   31.3455794264328542244161433933096309      
   21.3720502140660160042395957948065840      
   1.78268917665878918152382908754651128E-0004
   6.19954247197101623226875872200055413E-0005
   1.18915684383218478174955587981831417E-0004
   1.28648180278087591685415600605893148E-0004
   1.35534097357218096469891378756887423E-0004
   1.36448337109462370941499655970638159E-0004
   1.24432354040706876404100845652495241E-0004
   1.20654233051229868566936430314725558E-0004
   1.24934983970934280211845440912005047E-0004
   1.26801988876466314156486943605448667E-0004
   1.25282999743860145438098500969066098E-0004
   1.23198507898201729018240352347037605E-0004
   1.21042266164643677091049756226345125E-0004
   1.19934165780640172001297450880254992E-0004
   1.25078739109237351040518063961923952E-0004
   1.19411694823979709701998939700470187E-0004
   9.41264467035190287861267707749255540E-0005
   7.62798287120834125119098605310498729E-0005
   1.01833379494664261078825746570721618E-0005
   1.01771527234281749777116471131248075E-0005
   1.01718688754041710693015028272790754E-0005
   1.01673234856643043120185860648797687E-0005
   1.01633881342870300151623310073494626E-0005
   1.01599606305582456044229536837531988E-0005
   1.01569589361657989376793900212496718E-0005
   1.01543166487471146815325132819304227E-0005
   1.01519796090101976276761076623909673E-0005
   1.01499033263067175509997666957974841E-0005
   1.01480510068655466181213303029474831E-0005
   1.01463920303010606450968910985970810E-0005
   1.01449007627410177800674334448125496E-0005
   1.01435556249960402858710896060581368E-0005
   1.01423383555950253434726495136987283E-0005
   1.01412334238951732125243083697153442E-0005
   1.01402275596413341775481799879454885E-0005
   1.01393093735273462893446233614485639E-0005
   1.01384690493534549818681245262563902E-0005
   1.01376980928734128549609146819699962E-0005
   1.01369891258020252118224141739292782E-0005
   1.01363357160073814749913460508757712E-0005
   1.01357322368562285522378863941463143E-0005
   1.01351737501712043476366087164894479E-0005
   1.01346559084081798223672469404132082E-0005
   1.01341748725541199444175597492549999E-0005
   1.01337272429422650021275657593660393E-0005
   1.01333100007280867781298248124777793E-0005
   1.01329204582008413479215732483517008E-0005
