   77.3049256511509554248470687128708958      
   77.0095319113042086920228229956624774      
   76.7001455016222691907277350675084913      
   76.3766359561134985497111493957193959      
   76.0388901775164328222664408840302136      
   75.6868101755759847410235422577944851      
   75.3203107684286331321397854081470921      
   74.9393172626097323438474290869784293      
   74.5437631225940832160790253710235535      
   74.1335876365727535489463718624117828      
   73.7087335812896464943995095951165528      
   73.2691448852038835362784871500174685      
   72.8147642859340787400232741900426954      
   72.3455309748386440082254473971082162      
   71.8613782185986559897851546732099949      
   71.3622309447339409260398274134373495      
   70.8480032750120129491983516956119069      
   70.3185959875881922465553592815327977      
   69.7738938853595465605633208260550706      
   69.2137630442787206582163934854441131      
   68.6380479111171240894972246332387899      
   68.0465682152437094097671108578932274      
   67.4391156531255175017173727809502435      
   66.8154502972940702773930525859070116      
   66.1752966730653115194534489061558277      
   65.5183394359956167516678604322086308      
   64.8442185703940667354946667679558321      
   64.1525240135264846195965180108343219      
   63.4427895906182591579948090800182873      
   62.7144861212527173073770750112291806      
   61.9670135268377635889732355180380931      
   61.1996917294723145078513153691041049      
   60.4117500821684909281065032536569948      
   59.6023150053333909171652129726768527      
   58.7703954197259350982412226271373508      
   57.9148654548306736883100228213862963      
   57.0344437639669386687871301331911337      
   56.1276685795422343441029620162356630      
   55.1928673734994340953681407508448371      
   54.2281196196645906851123649652678093      
   53.2312106423253180920724758063090310      
   52.1995738122781974144435443661599346      
   51.1302173148114952599281656320429936      
   50.0196302014983997459693057742017588      
   48.8636601880810299754883990307036434      
   47.6573522427120426096826686028429017      
   46.3947316895908510227545381454109193      
   45.0685070472965129620778578882350663      
   43.6696537904319401790924154308746807      
   42.1868162281948943819205805499789632      
   40.6054218713984522183181795275688542      
   38.9063222292071588471157825196899262      
   37.0636131725058253596423951390474619      
   35.0409405929253504164371632087371972      
   32.7847696580943993438259414393383551      
   30.2108634900142873823781620416265639      
   27.1731082497116332317967560205431316      
   23.3749867850324334091056187852653322      
   18.0037937034132653463475615436306735      
  0.109131841812570159503257520755458911      
   1.99002510975988926514025212459911400E-0004
   1.27214408295453027604229589916304946E-0004
   1.11681625039226039353722676659607168E-0004
   1.01369668264799803878198098294302052E-0004
   9.24758231131879349658104915689892309E-0005
   8.35621087226661806729690683236860675E-0005
   8.41471707138865904701578542889058453E-0005
   1.05298201217013293341651126685335252E-0004
   7.62732307906389876900294609457920343E-0005
   6.83502807497880457012767165243126118E-0005
