   3.48845529579244588741287158140123700      
   3.37457521118927845308026139050686382      
   3.25742943040797809342471558873924932      
   3.13584025427943583777136539806277168      
   3.00813188943256148919250259531000618      
   2.87177654968952524362677997924290279      
   2.72267004978199339478487859217989733      
   2.55353746030001575362348054503427364      
   2.35060792809717158562976924722057075      
   2.08847910460110993653618991444901267      
   1.69700390430600897120694445357395314      
   2.51820474933656581041926332251692408      
   18.6678998758256292758803624142461028      
   30.1439765740663439302253382150013735      
   40.1225916622141116742847737514871076      
   49.3980862641430312660911894180196923      
   58.4182158440665809629594660854523036      
   67.5528268273817554691444383816893483      
   77.2143866054012448303679698680155931      
   87.9085268921412445572983975162807110      
   100.124304495785746916395212440365519      
   114.082820440283298433621135939029192      
   129.571814030366736675018322610101901      
   145.946054443992008971912100619498305      
   162.168519147698142284068573366649826      
   176.830878405012865030130000491474145      
   188.079007390993947862432486872628582      
   192.333769360731884797291091599001691      
   193.635747606231699520581205466715639      
   195.083410708658887436986436990416672      
   196.654948495427360676583223450828124      
   198.330514051440648758109723126314416      
   200.092273112691265071577664985108691      
   201.924387062429934621785803808831633      
   203.812939604825892418985534279840864      
   205.745820488916177033773688120760036      
   207.712580317564121526463636443741321      
   209.704269350888260598751844146565927      
   211.713271088054168735136113417064375      
   213.733138903514761624511746652143876      
   215.758441549369421425688336167819245      
   217.784621167981601210139873786010749      
   219.807865704904098112217611851733099      
   221.824996294348803864595907207354776      
   223.833369270098883864978015579961366      
   225.830791867862790714408341073364003      
   227.815450357496770178630617415108761      
   229.785849201880612656143845107458262      
   231.740759827268533153670775695314866      
   233.679177657441076711719529983650478      
   235.600286177911674130895999892647710      
   237.503426931654697158661822673299970      
   239.388074487487117556857923524720146      
   241.253815558434792942625442526734585      
   243.100331569357687416517936200516979      
   244.927384087944974416122346591312660      
   246.734802626215639072533889060865389      
   248.522474404996648363739787701219561      
   250.290335743768325138593060555117740      
   252.038364797048618922379699514812178      
   253.766575408103141587318740698859786      
   255.475011891266481667586843014397502      
   257.163744587484631509581898830311511      
   258.832866066844592800694271945914176      
   260.482487871208612666574580181725694      
   262.112737712643198108749731196578896      
   263.723757055231431932258135544822598      
   265.315699022024197721168290238913444      
   266.888726577974028213629446273739306      
   268.443010948850741352615067805981174      
