   1.23369938727504793447258637597384761      
   1.20864515026951758364837013367684922      
   1.18377470840416775248873428128932408      
   1.15915519271062460962981609971906602      
   1.13486758270924284786584561130558955      
   1.11101576172158018564705802381360842      
   1.08774345472479654420804149349512149      
   1.06527510507944298101531777944739307      
   1.04408354311082643863719047489470557      
   1.02571688607517900004649690962972967      
   1.01527029688975328379142156279406511      
  0.939890747193830769233684708361600107      
  0.863992189313626372521814810766821311      
  0.834727714462757349439814845071481848      
  0.806740993457935416360105444456833133      
  0.775558563046203902201700224486641366      
  0.740092080754556139941290685695200009      
  0.700243717390285603993927961922541788      
  0.656329032845342355989832132796096488      
  0.609047793455845646225441736459755499      
  0.559700525770529251037341705128518190      
  0.510312792437779772829516117681464065      
  0.463399776453722096843341773024729008      
  0.421495180152385905141461485606547318      
  0.386777741978529295287379802606060589      
  0.361022064885636286168617219608509743      
  0.346097773793831886900064768708346429      
  0.347257390496564037323589499116766984      
  0.354849704236719844091567621440178729      
  0.362316049215703581315699945593815938      
  0.369658553172582953700373707286610062      
  0.376879318783964375058016506029613300      
  0.383980421626563991190639024489921975      
  0.390963908654951181868281901254353158      
  0.397831797119570020985650645334529645      
  0.404586073858024379109362472689419579      
  0.411228694900436156806021535437966672      
  0.417761585336138714783232800201775336      
  0.424186639395535181625020172348157140      
  0.430505720706303099182484196680405079      
  0.436720662688720465600577859965476313      
  0.442833269058705632279317120051958398      
  0.448845314412749023568473538105084784      
  0.454758544871239695174868238534331978      
  0.460574678760581588639134381819984784      
  0.466295407318706261193459719902667077      
  0.471922395408432420057776687170028633      
  0.477457282229015834947438202838297751      
  0.482901682015305431039106267667223369      
  0.488257184717591178589950645611835718      
  0.493525356656300907543400431484605524      
  0.498707741146472631169850016445481600      
  0.503805859090087043980985885558336952      
  0.508821209530631972929304188323407768      
  0.513755270175229228356154781075572052      
  0.518609497875460255547758453762903316      
  0.523385329072656113583286395789188003      
  0.528084180206637857122283487314805154      
  0.532707448088212632059166762248211567      
  0.537256510237754152205644998120395395      
  0.541732725190700253263010977477281224      
  0.546137432772068626845480459476589734      
  0.550471954343418507590284387537407613      
  0.554737593018891544425072447867405208      
  0.558935633861719345623503696880902150      
  0.563067344054308481843252361378824842      
  0.567133973049512648428123803807455919      
  0.571136752702684383192805808689969512      
  0.575076897388434870445730573497641321      
  0.578955604102061068594204165810138554      
