   6.06588364095481549389718267369495092      
   6.08800502247319655110129188817992895      
   6.11068243227673931163329815403477616      
   6.13388759146485280591740467712778718      
   6.15759174884139946259261227435025687      
   6.18176570029094989032894936778902768      
   6.20637979460544322502939644769877922      
   6.23140392574303380065837065067415521      
   6.25680751107532379150798378389776536      
   6.28255945469380380091542375047388647      
   6.30862809428015221713472161208562421      
   6.33498112936751496812637174230012721      
   6.36158552798766087869074930129445970      
   6.38840740765481900446087944469651884      
   6.41541188529589957620213470438553973      
   6.44256288898445023084612725720328096      
   6.46982292200120001834837567050658521      
   6.49715276658321095608042793695235596      
   6.52451111037183768481231845751633401      
   6.55185407247532626567690649655681934      
   6.57913459737934038254030501921257788      
   6.60630167233409536985606329435438684      
   6.63329930517950561762788407772690926      
   6.66006517130705569037429955476715620      
   6.68652879461402693526786029333230666      
   6.71260905742766665214476519079255857      
   6.73821071957972575838068926729070479      
   6.76321943170857595976996860430745907      
   6.78749438336511888304898606193416200      
   6.81085709144601152608298981065073179      
   6.83307360544622724315318064862212757      
   6.85382489171591800227543528135969723      
   6.87265467094465923855743519558697934      
   6.88887100891702991436716672166393871      
   6.90134378260423199408536138809836571      
   6.90803418984400855808615318981608354      
   6.90466812595376279984240664509121952      
   6.87939045220079096533079763917445865      
   6.75698986351313793886271433324098826      
   7.35657646316202627791955226627422722      
   7.51595078798970555417043518733054339      
   7.63125675532123816886728201722638312      
   7.73122607334851792504228206200463068      
   7.82384459126638019875737898998097412      
   7.91247465491371843925461532596945029      
   7.99876651569270406398916010768269374      
   8.08350991739069352079261832130180545      
   8.16691277741393991719969292080723975      
   8.24867188226084595268375216757705457      
   8.32797394494500663500678805526815622      
   8.40348394715380816929570083381058554      
   8.47331257277316652800785178447739990      
   8.53485950241415364185886782961980650      
   8.58404366146623791331660757095730783      
   8.60975707221822383958459062908988709      
   8.62599194472857147471458589818150795      
   8.64189476789534953868672806714112233      
   8.65745929043091669110324149315563389      
   8.67267992422142844947310586026606355      
   8.68755172158476565901085107096706258      
   8.70207035270549315724804766651386276      
   8.71623208325508801837440477162021739      
   8.73003375221401935074875387178157092      
   8.74347274989600166855103625000641126      
   8.75654699619809484197891826728531342      
   8.76925491908537228645658151085258577      
   8.78159543334147362536096915545968389      
   8.79356791954939700396423593771447140      
   8.80517220340977005470706621553156853      
   8.81640853532888829934364450369485757      
