   2.96142668617053734509360062957335834E-0002
  0.927348241775682626453030489684567730      
  0.965253145860534183174703350211474005      
   1.00470420410691795733523632557308846      
   1.04576606318565312398732598676022129      
   1.08850591850693586171676898610333269      
   1.13299362444239980670791568427325613      
   1.17930180858886999566011310034396720      
   1.22750599024838794183802516253312000      
   1.27768470330486089841961193972794859      
   1.32991962368319759856980292598342291      
   1.38429570158212835159950851025576634      
   1.44090129867712712443733178641900792      
   1.49982833049498819000937433546991755      
   1.56117241416667006314026325480259548      
   1.62503302176999769374482748282198339      
   1.69151363947868880894657059881106748      
   1.76072193273890779498438490039941564      
   1.83276991769910475963909530042341177      
   1.90777413912321116768409984526873856      
   1.98585585502126783025037555358648087      
   2.06714122823517494710423093696155223      
   2.15176152522038301151264305384517909      
   2.23985332226687877542144481798202611      
   2.33155871940463692451565146827923477      
   2.42702556223966222830760829192711288      
   2.52640767196667456787146128313813333      
   2.62986508380320297434181629938902122      
   2.73756429408714072579905898831986069      
   2.84967851627542709327585784055780089      
   2.96638794607518643928817873897097331      
   3.08788003593005070078298547208813655      
   3.21434977907316232273035120691030501      
   3.34600000334407070464928558842837671      
   3.48304167494901567861117701018879885      
   3.62569421232217587193290480536770093      
   3.77418581021912224630445432743214018      
   3.92875377414187246155076114068240544      
   4.08964486515709440032244445166944489      
   4.25711565512415476378069154434191947      
   4.43143289229689588590514395226266567      
   4.61287387720109363761872772072646318      
   4.80172684861734877929296723531067870      
   4.99829137941501710652878311146537973      
   5.20287878188549513344945547721413208      
   5.41581252211048647368654270434030698      
   5.63742864277113569577808812192781450      
   5.86807619365464559598662254696560989      
   6.10811766894372357298604159356657715      
   6.35792945017801079513365051152043083      
   6.61790225355225695860932640596240163      
   6.88844157995969193938650824390417375      
   7.16996816589648856474577328280188678      
   7.46291843300949257878910923416766300      
   7.76774493368879021882159495235412524      
   8.08491678967269357943350227136087208      
   8.41492012013792977601936918001268419      
   8.75825845518412402930497670156793996      
   9.11545312998046959746402849979352800      
   9.48704365411550946872607586820347104      
   9.87358804987112467860531947517841416      
   10.2756631522251850813183353689747995      
   10.6938648623750137762975007611855272      
   11.1288083454749735139188750439035032      
   11.5811281621155004706340556901992560      
   12.0514783218693141115317895653763647      
   12.5405322460354474521513919881623704      
   13.0489826255698664140465887796514820      
   13.5775411591401384558823514780608887      
   14.1269381552831550542187449608737554      
   14.6979219817093037943504342294879745      
   15.2912583436902358441648414054907107      
   15.9077293718170936487948536557882268      
   16.5481324966182435620436868329850641      
   17.2132790827258428150897312750535550      
   17.9039927874142079982322485948506903      
   18.6211075962609406093406743090240104      
   19.3654654714518749145580183663158900      
   20.1379135254911910821934303034923077      
   20.9393006054907253554984515751674364      
   21.7704731430836855122922629732605152      
   22.6322700965895353694952199771183637      
   23.5255167916236488676478132988211388      
   24.4510174617008863733105886618506129      
   25.4095463095882368074703361704436613      
   26.4018369593418481598685134715918831      
   27.4285702492314550361404591415905372      
   28.4903604197295727927402098806768228      
   29.5877398597888499124214133348508143      
   30.7211426587240537762074267157093706      
   31.8908872334631337126922811164186473      
   33.0971582292387296481148162245680490      
   34.3399877131147249531545113825700990      
   35.6192354153394215873354457532371621      
   36.9345674838398176991582137149546957      
   38.2854329911594991463504932511937734      
   39.6710373628251654036405073046397766      
   41.0903120471306716189999334284936688      
   42.5418801392683652998996638079544804      
   44.0240182852702794368978194735037161      
