   6.35731157122999865399832335431048268E-0004
   1.16899129379544652130235425043515331E-0002
   1.21949505206673370780324294715220997E-0002
   1.27199837643303753895697741171945217E-0002
   1.32658509593754937559109691744275719E-0002
   1.38334243507248365209749123227860165E-0002
   1.44236115291551827710572092190525215E-0002
   1.50373568795685357837708489307341385E-0002
   1.56756430879231167817777507367000677E-0002
   1.63394927088095704281005983407501431E-0002
   1.70299697958515160333908011078371274E-0002
   1.77481815972767512104498053962570090E-0002
   1.84952803191524629529795527695438513E-0002
   1.92724649589101523840016926042928399E-0002
   2.00809832119078232857573771006860849E-0002
   2.09221334538915503798756310972565255E-0002
   2.17972668023283131510453372331563435E-0002
   2.27077892596888528954087605177128456E-0002
   2.36551639418647250609926566773224955E-0002
   2.46409133950087564061266055407360270E-0002
   2.56666220041935738757208805857712299E-0002
   2.67339384973893219722856018806137585E-0002
   2.78445785483695229877571354982644401E-0002
   2.90003274822635145739487324729683988E-0002
   3.02030430875851650938855321960548640E-0002
   3.14546585386806763837629077317330179E-0002
   3.27571854326532243898985150238420227E-0002
   3.41127169449388991463345699139198148E-0002
   3.55234311078267889955276818870377576E-0002
   3.69915942163359815150317974413661634E-0002
   3.85195643659836213010708152762942423E-0002
   4.01097951271007860829995059644664669E-0002
   4.17648393604767905508648836483765263E-0002
   4.34873531792372641587524769734280512E-0002
   4.52801000619880873164587364546531489E-0002
   4.71459551223830687061292194840903344E-0002
   4.90879095404032086201405510544209251E-0002
   5.11090751607646033661279077220417033E-0002
   5.32126892640046930784172262830479523E-0002
   5.54021195159318125841555413201227059E-0002
   5.76808691012625148644873291783086554E-0002
   6.00525820474160349882347820736073554E-0002
   6.25210487445891963181641161371436734E-0002
   6.50902116683976670045383251167847382E-0002
   6.77641713115499262312495602276583988E-0002
   7.05471923312175969652685653698746971E-0002
   7.34437099189913297585237001628939321E-0002
   7.64583364005705566953217203789232866E-0002
   7.95958680726395424832561848659595986E-0002
   8.28612922847432945835621522609423244E-0002
   8.62597947744101334085696004126958824E-0002
   8.97967672642911852175210682352779707E-0002
   9.34778153307212115295939739397294561E-0002
   9.73087665538746147771629104596433574E-0002
  0.101295678960622852951245998466920597      
  0.105444849772328357882941076177036889      
  0.109762824471175257280146444240597825      
  0.114256406200291159847976860926623230      
  0.118932665514927731063445522100489014      
  0.123798950504444857984771238296056625      
  0.128862897307937286321763585263185113      
  0.134132441050287958149190961133339609      
  0.139615827230576403582540104998376370      
  0.145321623601620519602476980791230664      
  0.151258732588692751470482879805337950      
  0.157436404308070632297622281885229675      
  0.163864250263232724866639297994626587      
  0.170552257819542875354300264455307150      
  0.177510805588541438088150786455559515      
  0.184750679891551498870207647804779528      
  0.192283092519534926141712262663885537      
  0.200119700060945604547037759110485722      
  0.208272625128605493658109482445087970      
  0.216754479874578070901057950907583395      
  0.225578392229946036407276368492548705      
  0.234758035333325593882234472525512673      
  0.244307660606426740147724432833912442      
  0.254242134888614879231681010685305060      
  0.264576981955211184260667374257609468      
  0.275328428631201044196121838396849691      
  0.286513455610212920977342135617076035      
  0.298149853062903032816004981943902049      
  0.310256281263441160757431550680286531      
  0.322852336896102749019289514177069909      
  0.335958626553936535108787160476199267      
  0.349596850318967903931106549376209335      
  0.363789900274674194804265234209071622      
  0.378561981305365901732223404780221139      
  0.393938764411693482788278080781555214      
  0.409947585715228820989479644020313050      
  0.426617706972717292855596460371865004      
  0.443980655493242096570173597459553060      
  0.462070662874488151901453053853045697      
  0.480925223494816518999600999933211211      
  0.500585796398913287714868667304303405      
  0.521098679845003020221367804973081086      
  0.542516098422551378254190479849749705      
  0.564897560471785222074721592273990539      
  0.588311570770545149469794840041499846      
  0.612837822756600959799417555518463873      
