   7.12157571242712875546877675456725442      
   7.19913898034289143058827017652417285      
   7.27851643152258773357205674607254281      
   7.35947893363515961902559008182967980      
   7.44166734034737324140614883759626783      
   7.52450315585262718491065387488218051      
   7.60696739746258533455216901185561307      
   7.68636432514711979908661238763470004      
   7.75194455772478759748889365273337610      
   7.76043204120118837941027058176061892      
   8.30341204608777288265943068479541473      
   8.47220320781412152937139026386803661      
   8.60795515586079973721322815200797602      
   8.76431691248893705174996043190842325      
   8.95738649087946764663623723336731387      
   9.19658896919585815672711519303049900      
   9.49083614961199281136668422635546791      
   9.85029977002101976934105509608252016      
   10.2853151658496633512147956363457859      
   10.8020008109139112158634495357416995      
   11.3959176337954145101526177340688605      
   12.0462624095418277144082464791548804      
   12.7118689229355243499343259879509022      
   13.3294875173692587505726930765645219      
   13.8144299692458340876821493543728407      
   14.0534935887161647289957033034946228      
   13.9091044702626295663197474668035392      
   13.7319933509598750007821882149812415      
   13.5641323537375764419316322799190563      
   13.4048065811010476302930061489015210      
   13.2533752140405828979541305005287656      
   13.1092619694246578995553293782729180      
   12.9719470126607519345664982270247934      
   12.8409600707148034767667881348366877      
   12.7158745407688935560409570322430894      
   12.5963024290616423418096173249253063      
   12.4818899853907417571876936343658045      
   12.3723139232889793803018694476968245      
   12.2672781354855216701615512188203517      
   12.1665108299583522734336762845284564      
   12.0697620246062743247392520014823401      
   11.9768013488375579479496279836142323      
   11.8874161088013130837746284739432508      
   11.8014095798480054124843155560920885      
   11.7185994954989727851071415157254801      
   11.6388167068756388611312915336913530      
   11.5619039904448559522153950848766188      
   11.4877149851747998499935806720926804      
   11.4161132429250946248847885127846775      
   11.3469713781648814275628061502597822      
   11.2801703050508793771227652093112054      
   11.2155985515140711304913197635976445      
   11.1531516414003014954991445821336126      
   11.0927315368670864613799037136630205      
   11.0342461342599096373319916924739533      
   10.9776088075743359579605210866924632      
   10.9227379942474168551155888782706109      
   10.8695568188338775685716050494775384      
   10.8179927504958249361936874768180571      
   10.7679772908212844127767211799704538      
   10.7194456888512493005160376285116866      
   10.6723366805706288872197988729739945      
   10.6265922504423194532998316956998041      
   10.5821574128000384663130349247605721      
   10.5389800111861328721698678148610078      
   10.4970105339298965536715188557490117      
   10.4562019444284199393752379556105732      
   10.4165095247659620517338060818983424      
   10.3778907314504567394752682283631403      
   10.3403050621708820497556645551328626      
