   180.014057919102840514243199768546836      
   175.319657965118112414310186202550385      
   170.058433072413862454491507445811950      
   164.079281558270938306697777671047479      
   157.149261416431719521019175729066384      
   148.877446740917003895742173704619758      
   138.535917866429183247826305903155762      
   124.710626063896873317511040287794885      
   104.897150449844813617402387239930875      
   69.5648830164219971016135823160069759      
   6.27210866104917847503903964286116379E-0004
   4.94151254655313372611596889777470639E-0004
   5.02844641286829479380089964445673825E-0004
   4.79614593669162085191411374071559829E-0004
   4.30676376191859016275108770971454508E-0004
   3.86410629123157969122958605370029863E-0004
   4.03369521641079091909669028447556574E-0004
   4.51287384375606548857103356837700183E-0004
   4.59678376473662465937628730653762932E-0004
   4.73309092491579763784402209410009268E-0004
   5.05978088055962837362006216054775736E-0004
   5.81176418674001162673927870745880437E-0004
   4.95897899718728661492623330414215619E-0004
   4.36271973138810989660923139205931525E-0004
   3.83983136825391647914031436054479445E-0004
   2.92205648355251912023878034298544493E-0004
   1.07931722913056618842427221852508532E-0004
   1.06556084640177372843145021226833386E-0004
   1.05252212885443011893596159930335742E-0004
   1.04014583521556965743134835318823621E-0004
   1.02838242180187866885913183476898796E-0004
   1.01718730693398711173148480665038774E-0004
   1.00652024943010829702685586984043808E-0004
   9.96344820645560535802936163692820973E-0005
   9.86627953614922604613733319507004339E-0005
   9.77339556094814360920382083649280866E-0005
   9.68452176871272819950201496231635643E-0005
   9.59940716724806097663025753989960476E-0005
   9.51782177052666123016822413371017210E-0005
   9.43955440417275585864959448432484148E-0005
   9.36441078302767087139674744049464789E-0005
   9.29221182166400586964873519061677436E-0005
   9.22279214522526652607917608086350291E-0005
   9.15599877319797824770294300467646293E-0005
   9.09168995302125447040661809929955165E-0005
   9.02973412393828948673095083646686677E-0005
   8.97000899440766720307624443049809362E-0005
   8.91240071880148544198295348652330106E-0005
   8.85680316114759278955472058241717890E-0005
   8.80311723536290912016909454827018884E-0005
   8.75125031287129808094557049103913143E-0005
   8.70111568970852547437007451500083254E-0005
   8.65263210626538139741282193742756202E-0005
   8.60572331369084584998367533511192373E-0005
   8.56031768174892188134571955042398718E-0005
   8.51634784359256811263495230674631123E-0005
   8.47375037340111186821646480452712628E-0005
   8.43246549344910203034386403529953010E-0005
   8.39243680745804426108512908246565898E-0005
   8.35361105753311055087165025590572480E-0005
   8.31593790226647996473914029816165243E-0005
   8.27936971387825665348619453929452734E-0005
   8.24386139251566185319815061757947661E-0005
   8.20937019601363955584515282745520703E-0005
   8.17585558362931971610790596569656312E-0005
   8.14327907242483781349685626570270449E-0005
   8.11160410510202455800138915586379401E-0005
   8.08079592822742289464073333732432261E-0005
   8.05082147989680521797466195805460790E-0005
   8.02164928598555776092719739698718967E-0005
