   1.20267941072272661044274168478841716      
   1.17690376512875938212978571837262607      
   1.15137377753053921422500398448357587      
   1.12618032266106699418798774926992385      
   1.10144182382852354512915784924712757      
   1.07732418724608604256798132206731284      
   1.05409306945472220604759509956765431      
   1.03242886065625474716585840233196642      
   1.01503437870956120688014397454534491      
   1.01281533307729958701629742046585711      
  0.884685457207969868304761838907356731      
  0.849785546175721396163400774050985506      
  0.823193772129549219264369833642188135      
  0.794083042333771390290727703242383942      
  0.760220262508146816741726413007268221      
  0.721188037686007310841841848437783390      
  0.677162837608615833887342310271548716      
  0.628641681252137360876897456463424904      
  0.576589673016724597214529725383312497      
  0.522749536788145712215294036412556043      
  0.469681510959975119413785240743138554      
  0.420336814845369461777607045223431514      
  0.377470707968864122901044980810254239      
  0.343301074851876979224253481450276861      
  0.319621606073112056127940131504993956      
  0.308839946107676995737441719092799993      
  0.315285305147166659224132235477028418      
  0.323470663100382592747666562077862983      
  0.331526333146247732123813518882088704      
  0.339454026068540854169270004341870675      
  0.347255458393919795333254123456244227      
  0.354932348879800003196011817142072191      
  0.362486415570916593392581240540832065      
  0.369919373349627145701260466896840716      
  0.377232931912227085613603866890109578      
  0.384428794110699064996158095098030800      
  0.391508654606130832767456323505370987      
  0.398474198786504597472815900674989114      
  0.405327101906111796494724147425529264      
  0.412069028410586688471097402230785519      
  0.418701631414169421993946799728424954      
  0.425226552302026624953333491857698692      
  0.431645420432387087452682843011884270      
  0.437959852918366763921897465753332392      
  0.444171454470781155677811922502262671      
  0.450281817287207613475934574518325763      
  0.456292520974154942162788996005826024      
  0.462205132492013057917462091621022852      
  0.468021206113461811385848377215621177      
  0.473742283388731101094418148752714348      
  0.479369893111493541006578363283294887      
  0.484905551281413188917943151162154693      
  0.490350761059252358327644978106546768      
  0.495707012713064396361006528023772456      
  0.500975783553426568248484119799526587      
  0.506158537854437988520071048302329811      
  0.511256726766504516245280626242224545      
  0.516271788212309862946055160025158372      
  0.521205146773032365167338043275002447      
  0.526058213562440835853574205066071526      
  0.530832386091116136091375815557639949      
  0.535529048121675677018719930618815712      
  0.540149569514877842326596951519484537      
  0.544695306070167364199956645592804453      
  0.549167599361331409194868343163351452      
  0.553567776567833684276720191538760110      
  0.557897150304253012293651558131982987      
  0.562157018449061759623242702001778320      
  0.566348663973979544637863999969431506      
  0.570473354775218228338441887294561241      
