 0.41593159306600E-02
 0.36369674846112E-01
 0.39137445392166E-01
 0.42109223028898E-01
 0.45300624022352E-01
 0.48728333792618E-01
 0.52410198371614E-01
 0.56365320963261E-01
 0.60614163836552E-01
 0.65178655913281E-01
 0.70082306516030E-01
 0.75350325821017E-01
 0.81009752619326E-01
 0.87089590033940E-01
 0.93620949873908E-01
 0.10063720633505E+00
 0.10817415978206E+00
 0.11627021137219E+00
 0.12496654930709E+00
 0.13430734752847E+00
 0.14433997770440E+00
 0.15511523538797E+00
 0.16668758126726E+00
 0.17911539846547E+00
 0.19246126689338E+00
 0.20679225570082E+00
 0.22218023492106E+00
 0.23870220745117E+00
 0.25644066256132E+00
 0.27548395217805E+00
 0.29592669123885E+00
 0.31787018346880E+00
 0.34142287398374E+00
 0.36670083017809E+00
 0.39382825240925E+00
 0.42293801604335E+00
 0.45417224647940E+00
 0.48768292881979E+00
 0.52363255390434E+00
 0.56219480247239E+00
 0.60355526926218E+00
 0.64791222889882E+00
 0.69547744546058E+00
 0.74647702764850E+00
 0.80115233151462E+00
 0.85976091273061E+00
 0.92257753039958E+00
 0.98989520442936E+00
 0.10620263284956E+01
 0.11393038406265E+01
 0.12220824534383E+01
 0.13107399460408E+01
 0.14056785196152E+01
 0.15073262186433E+01
 0.16161384197343E+01
 0.17325993899575E+01
 0.18572239165414E+01
 0.19905590097454E+01
 0.21331856806471E+01
 0.22857207955190E+01
 0.24488190083865E+01
 0.26231747732766E+01
 0.28095244375653E+01
 0.30086484177329E+01
 0.32213734587153E+01
 0.34485749779195E+01
 0.36911794948285E+01
 0.39501671469677E+01
 0.42265742928306E+01
 0.45214962021617E+01
 0.48360898337556E+01
 0.51715767006499E+01
 0.55292458222327E+01
 0.59104567623391E+01
 0.63166427518251E+01
 0.67493138933439E+01
 0.72100604450337E+01
 0.77005561784878E+01
 0.82225618046362E+01
 0.87779284589545E+01
 0.93686012347121E+01
 0.99966227498951E+01
 0.10664136730307E+02
 0.11373391588924E+02
 0.12126743981181E+02
 0.12926662319718E+02
 0.13775730243324E+02
 0.14676650057231E+02
 0.15632246198981E+02
 0.16645468836770E+02
 0.17719397769946E+02
 0.18857246858796E+02
 0.20062369235448E+02
 0.21338263507809E+02
 0.22688581045576E+02
 0.24117134254235E+02
 0.25627905578440E+02
 0.27225056942666E+02
 0.28912939511416E+02
 0.30696104001520E+02
