   1.24918045700649804545594250475053701E-0002
   1.25346171331910595532591386163118983E-0002
   1.25800594418737150198975107958502945E-0002
   1.26283773490916969260548358351068732E-0002
   1.26798487242478574049554844155094095E-0002
   1.27347893657148352545197154828494553E-0002
   1.27935602028105394120531330794755832E-0002
   1.28565761346241909346026246602514825E-0002
   1.29243169700850994797363471837310460E-0002
   1.29973410959982207015728150603746849E-0002
   1.30763027279735576706621567330729797E-0002
   1.31619739243684734782164515666036680E-0002
   1.32552730135309896657241806606841337E-0002
   1.33573017751432290939518966799915789E-0002
   1.34693947482575489617912410495134570E-0002
   1.35931856109603352014152202133604902E-0002
   1.37306980288440229928211537677621257E-0002
   1.38844723037906261873977170526791202E-0002
   1.40577456975428658941723135760408049E-0002
   1.42547156953648602177435296990031461E-0002
   1.44809364633447327657437313760012124E-0002
   1.47439400308600340005864172343998800E-0002
   1.50542605676756938746263158067442903E-0002
   1.54272349800046231349111747193786441E-0002
   1.58864211641305501532738128172823335E-0002
   1.64707124645643538974488677576311817E-0002
   1.72510279157824241653752812936843874E-0002
   1.83770769517826206689791318813996957E-0002
   2.02544531607162003877560662723633401E-0002
   2.48626408823334963040612515257864275E-0002
   6.07373504024591169488021834431549154      
   14.8682360028756807090201405076510105      
   21.8572462632145286204225312677594956      
   27.9558718859599261571627361869223409      
   33.4751748028839572567252435228884729      
   38.5725754263718382268054625086049425      
   43.3425623477573866508743968777573446      
   47.8475667858393208357093681190950292      
   52.1314088027315941076433672316509271      
   56.2261018371168520603520387654064451      
   60.1556400495347793809353658611071677      
   63.9382202223903463138282320129188642      
   67.5875373008564019598227632452809076      
   71.1134013501930053043306484273160957      
   74.5215595614428944078646535189506440      
   77.8113389689189907124881905625915877      
   80.9593550368996698264660664446039086      
   84.0036785636648827420043164186192870      
   86.9686303697782478061028356870168319      
   89.8590787163994392509121218897169563      
   92.6793771684507907089689514552038585      
   95.4334387489647700256900535369968634      
   98.1247966288763836288293731393756836      
   100.756654337910767808752285215641942      
   103.331927701514523039456346542831158      
   105.853280159407139918290689659837663      
   108.323152728130505450069890491609366      
   110.743789584008691482534936246124640      
   113.117260031795338162373471528131350      
   115.445477465998353407246892472469317      
   117.730215811718695781914854935741593      
   119.973123839290928222279786942414957      
   122.175737675005348783661320702105935      
   124.339491773381855581917853791058019      
   126.465728571339448749989333327060407      
   128.555707008282126394874284708870691      
   130.610610066718246533546579500950888      
   132.631551463996317947813685700182507      
   134.619581605964881414457302371039325      
   136.575692896972124096930806763090889      
   138.500824487086893734753659360568662      
   140.395866525785291352466258576761757      
   142.261663982010743511203227700343689      
   144.099020081980275861744669738355492      
   145.908699409900658228715680074394662      
   147.691430710052460230807888335789744      
   149.447909424278257076710593463199965      
   151.178799994381807269823694178836356      
   152.884737955269579020499225150789080      
   154.566331841481450741379703792180082      
   156.224164926999042533152254467258584      
