   72.4479686713211523636435429302469931      
   72.4427898225568931458862647503594020      
   72.4341425365726917304828045689945796      
   72.4220180478594511813312745043665250      
   72.4064090238055115579845557749827402      
   72.3873103882833946702365816916282439      
   72.3647199846458505949556210738517892      
   72.3386389255258561285616825684609399      
   72.3090712285501538189491073029874305      
   72.2760221711048107877217663880922281      
   72.2394949993625829570976016752843904      
   72.1994860850177833145234733316435234      
   72.1559790423022401048089769849676933      
   72.1089386477667240640506989632209963      
   72.0583056951439626316698625560100238      
   72.0039940294085741716214883886518926      
   71.9458907269909781819706225583400235      
   71.8838597179636449375956002446743391      
   71.8177483295568719107347626941143590      
   71.7473955872862159503427688098018281      
   71.6726408379597364233298154229460101      
   71.5933313722088751759442957913850778      
   71.5093281049841071023839866905172537      
   71.4205088587203414314541719821977466      
   71.3267692480174587805536443297083321      
   71.2280215038517150954220033779140945      
   71.1241917713878427862343278580030355      
   71.0152164795295287297799804269708395      
   70.9010383443312630115223438412374550      
   70.7816024699383654153390766731434629      
   70.6568528837798407707972328880938757      
   70.5267297131314450673799573089835572      
   70.3911670946716234772847880191795550      
   70.2500918161076276876571441049224002      
   70.1034226221486823419236614691478278      
   69.9510700748317400855404604123457654      
   69.7929368369612448841005710012637691      
   69.6289182427174076428126329498880756      
   69.4589030267360843645700233987034389      
   69.2827740979996550682043873832604708      
   69.1004092642280552075312736877148451      
   68.9116818334101129216839864401213856      
   68.7164610396882932568255415477851054      
   68.5146122596736404050453404748827025      
   68.3059970016181209299797518012323413      
   68.0904726633133458993305148183880511      
   67.8678920650376571652766164315235925      
   67.6381027714558424197947484251601002      
   67.4009462213458417984733180273664823      
   67.1562566867325597596763621177575752      
   66.9038600838017513670575368094535320      
   66.6435726572299642648790055230955562      
   66.3751995576345782384793382873723900      
   66.0985333290337836905231835499234157      
   65.8133523197683830595095371158166447      
   65.5194190264934644495437544292990579      
   65.2164783767559361663096377710221063      
   64.9042559514590979547154776749361276      
   64.5824561442397776532288462365014964      
   64.2507602504892261488402010352564164      
   63.9088244744237582758711268853730198      
   63.5562778382182144260753212120850363      
   63.1927199726842871695175019403051421      
   62.8177187642028883071952845507181672      
   62.4308078274725531265768610842319724      
   62.0314837679435746141746207517668461      
   61.6192031913656118773332325366089857      
   61.1933794104224595776349043583438728      
   60.7533787896543039763737790473465361      
   60.2985166593723176926555480371743406      
   59.8280527165681623665235260573519514      
   59.3411858152820803846656406911817580      
   58.8370480297182418805067471005959382      
   58.3146978495459079166962128480807421      
   57.7731123369397830253116642336611729      
   57.2111780371952156240655391978743310      
   56.6276803867966098376366845954628119      
   56.0212913013797149324110718117551862      
   55.3905545466738539628344395206120656      
   54.7338683921339026432165954475014943      
   54.0494649110383506030053400970372593      
   53.3353851102810536293452348668292526      
   52.5894488306550220099239602957352052      
   51.8092180290135337025954346193801682      
   50.9919516002527430425077441692436361      
   50.1345492639496850771465656709240340      
   49.2334811425458962592667048299259817      
   48.2846983620897897491298987530584843      
   47.2835180998253488752901067054062293      
   46.2244736358190867926570526173259631      
   45.1011155478282138489981615162640149      
   43.9057431888108128456728927860992011      
   42.6290341386035722397594545411695480      
   41.2595199034072255253435474583768619      
   39.7828217817619921304282732361140627      
   38.1804969728571314489386448038717046      
   36.4282192928096774549613731906284971      
   34.4927535558128626188389745144536761      
   32.3265728464231895415816601054010455      
   29.8574042625597042609123375787309222      
   26.9653407438940688681832915383296009      
   23.4230125943999053228370565021826015      
   18.6837650405546080199143928953115675      
   10.2596389484143362812643271695700862      
   1.25131262836772355402851428605124177E-0004
   1.23286468854380070682593014150051658E-0004
