   84.7290503831216973642201306874614545      
   84.7260941869635491413867668962347025      
   84.7211561420155031603126835510923896      
   84.7142237585860169403042027181207134      
   84.7052278145552062252997884399906122      
   84.6938322901900642985309523169337614      
   84.6791327465987157929116548893753139      
   84.6594960789976373263858846806294207      
   84.6325638009042419627824480773682904      
   84.5952262223304600247647441703074945      
   84.5434505597984566961413411348641442      
   84.4720633573182436815279100372095785      
   84.3746789467339427893831712887821404      
   84.2438717501442515313963611847279890      
   84.0715397086056029094870117047926799      
   83.8493169336106098799018785034116539      
   83.5688917324529013795375510687858531      
   83.2221401496935160538474118655334108      
   82.8010528518404889241816700936183277      
   82.2974839864509732310725328154842281      
   81.7027719541167727135888032152276043      
   81.0072767447403013691855824488496472      
   80.1998575755145410270612351216594357      
   79.2672890892572575714926436700363389      
   78.1935905367574132429630949334270503      
   76.9592198091083818177333662356654188      
   75.5400540188370418279474331851458372      
   73.9060145762742668932924380977909852      
   72.0190251755335795235295351555588667      
   69.8295108120735203993909727823281667      
   67.2692490740894072431929468095723469      
   64.2340424594351776927100965236140674      
   60.5332029308935017976824026980985888      
   55.6785723877743301107404299461804849      
