   2.63832749831767334627303023606330982      
   2.63841925767082994248822022302386141      
   2.63857209950674905331946350746619379      
   2.63878563705690004953761852152776797      
   2.63905636255008278516155465821070017      
   2.63936678574919396283656252827890568      
   2.63967109664618525291629775440237201      
   2.63989015793712285150035318245461587      
   2.63991828628546399446505760422095053      
   2.63963456944668785056176680023819072      
   2.63891090584516758748542137789017182      
   2.63761223664942660347746917557513516      
   2.63558864016519722220539949551383714      
   2.63266276654926979225571836466731140      
   2.62861785216903274018510103085943575      
   2.62319068397766848505987338019526357      
   2.61607140184224945379016703113659595      
   2.60690948158980680860295944566954174      
   2.59532367123430836366168898554351255      
   2.58091330551640887823147993801511988      
   2.56326901141825563551633449338532741      
   2.54198189019455325666267330990704453      
   2.51665147728637915114080187763522274      
   2.48689401714650374318211765448601978      
   2.45235393440019251741091638084019900      
   2.41272306789642346321268216167899791      
   2.36777451412409603646888352760999094      
   2.31742084039807441690571374634778202      
   2.26180929222571314679506531986448206      
   2.20146720215415662574585950996940690      
   2.13750504556988630363136578434407614      
   2.07187051805070668278641801486307759      
   2.00763953361913126395469535704800061      
   1.94933829678408673752673727725868721      
