 0.13683849910870E-01
 0.14047342230112E-01
 0.14460242831787E-01
 0.14940744611662E-01
 0.15521419782906E-01
 0.16269632973169E-01
 0.17344766345176E-01
 0.19131246145589E-01
 0.23922549781631E-01
 0.12975473201185E+02
 0.26768648589203E+02
 0.37957887281838E+02
 0.48019849384111E+02
 0.57595389079017E+02
 0.67146039053217E+02
 0.77133104268863E+02
 0.88112299673896E+02
 0.10075512974892E+03
 0.11570009134781E+03
 0.13321304209764E+03
 0.15296201893476E+03
 0.17397076174046E+03
 0.19457362299394E+03
 0.21236496884099E+03
 0.22393059170481E+03
 0.22475095978880E+03
 0.22455723146239E+03
 0.22462675202877E+03
 0.22492463718371E+03
 0.22541960372578E+03
 0.22608380237597E+03
 0.22689261928478E+03
 0.22782444716388E+03
 0.22886043358715E+03
 0.22998421679868E+03
 0.23118165950862E+03
 0.23244058975353E+03
 0.23375055578799E+03
 0.23510259972948E+03
 0.23648905263426E+03
 0.23790335200136E+03
 0.23933988143439E+03
 0.24079383131680E+03
 0.24226107881620E+03
 0.24373808525709E+03
 0.24522180881833E+03
 0.24670963056000E+03
 0.24819929191463E+03
 0.24968884195282E+03
 0.25117659292626E+03
 0.25266108278540E+03
 0.25414104355211E+03
 0.25561537459580E+03
 0.25708312000975E+03
 0.25854344941407E+03
 0.25999564162302E+03
 0.26143907070877E+03
 0.26287319407118E+03
 0.26429754219384E+03
 0.26571170981585E+03
 0.26711534829937E+03
 0.26850815900765E+03
 0.26988988754175E+03
 0.27126031870676E+03
 0.27261927210280E+03
 0.27396659825109E+03
 0.27530217518069E+03
 0.27662590541328E+03
 0.27793771329301E+03
 0.27923754261656E+03
