   1.17922332826224644315760908895840987      
   1.15294955690663639974798713687515100      
   1.12698895668328255375391385292444860      
   1.10146249148280852160953720951081112      
   1.07653689307434585397550358210044942      
   1.05246539020498933173471386154913045      
   1.02988548053917135835657425672418100      
   1.01180740413286098538138409710291948      
   1.01072708114024814600071056254925468      
  0.880855664697076367897806282775115109      
  0.849280830547033418498803762076171986      
  0.823514337432593113033514626117571521      
  0.794229530986151338010029591934002025      
  0.759485546417973398396862945658279535      
  0.718981376149398677599004396418581209      
  0.672952579328440780350411856942755126      
  0.621926661166758047290896385426514069      
  0.566908852422646379300497189836302452      
  0.509762690369830388146229323891747803      
  0.453289320431784933366157132414513588      
  0.400745960058264589350428275030541756      
  0.355156976777285103174413474414473625      
  0.318908193409131651921606694884106662      
  0.293861252643081601228508532532180168      
  0.282438331087089697347341731679018220      
  0.289137196177074629425167196379281481      
  0.297789136415438956315065267951171859      
  0.306308996851578935309409730942517334      
  0.314698134952450613124932124880884592      
  0.322957939106885866777676985048044806      
  0.331089823878001453414273287955938142      
  0.339095225877118639449911361365679679      
  0.346975600181894140382211228761171101      
  0.354732417230156955505695815101622194      
  0.362367160126091052138146454887420848      
  0.369881322304805208841960191221071151      
  0.377276405504358848535600287217723316      
  0.384553918002221683765775726428565877      
  0.391715373077350265585062353413031028      
  0.398762287663490764723543618180538555      
  0.405696181163940560604340319957780262      
  0.412518574401926027620826679917618207      
  0.419230988683785307364301575540514665      
  0.425834944955512599309463920399639331      
  0.432331963036180676925254650775300085      
  0.438723560913610516391650476074451104      
  0.445011254090643469960507462559148231      
  0.451196554971773264402040103367141221      
  0.457280972281613229899173162876991028      
  0.463266010508928097017294804846090778      
  0.469153169369636066272989021945604553      
  0.474943943285831586474116493986545631      
  0.480639820875863314330043992161952907      
  0.486242284454045423646168220843595330      
  0.491752809537827259966104003158049426      
  0.497172864361114567948376819252660415      
  0.502503909391413391187306378807175146      
  0.507747396856542367095798284471364468      
  0.512904770270649933138779329706514373      
  0.517977463969820896129886003107368976      
  0.522966902651942338504171095919240468      
  0.527874500924857012133102829797267935      
  0.532701662858586976060285556786266119      
  0.537449781550179056470235151849318361      
  0.542120238694970631029236613566789447      
  0.546714404169216519265422331853959660      
  0.551233635623644382562077468091627410      
  0.555679278089222388206094120956621662      
  0.560052663595904314223951553763537686      
  0.564355110805548220733331619968995417      
