  0.368085577503481346172160429327265807      
  0.389249832983887864363005918885575322      
  0.412168612023879918084406574007710377      
  0.436851691539360628444277369221201378      
  0.463325138340461198841827868999235295      
  0.491632934656470619920413157125981326      
  0.521837482032872675015153631699354730      
  0.554018352801451307702677240188388222      
  0.588270960774594902601544594098607044      
  0.624704912524086895577442455239763660      
  0.663442818995353377727178643550232653      
  0.704619124439535191310773286757840640      
  0.748379668700278584948719097943836342      
  0.794881132991188893111223445150317361      
  0.844291380635963755646111794869636440      
  0.896789464969104358903524147439310136      
  0.952566169986201724777530500692546119      
   1.01182445322176959463586138158555499      
   1.07478014468410514873667176130460821      
   1.14166266142489090501345245763920380      
   1.21271580289763895198764294073042869      
   1.28819860555358166790760414218957700      
   1.36838627751691771784393010495304700      
   1.45357117289811948588177876864173198      
   1.54406385722450132994844877058397273      
   1.64019422416210117692375571262345059      
   1.74231267039363758529731705349675684      
   1.85079137409111953149515959751682616      
   1.96602562130963505919905274177356292      
   2.08843522915136416861600949723897525      
   2.21846604801913358201142352082806304      
   2.35659155710026928484551815099163309      
   2.50331455126893365489697991705722819      
   2.65916892963687149722913556597884812      
   2.82472158741646466974966074591549222      
   3.00057441821162745907234566843117288      
   3.18736643006229080034970875819987844      
   3.38577598112454435118539464795610701      
   3.59652314055128204251995216497398122      
   3.82037217751396390234132066227789648      
   4.05813418422390011551187259999167392      
   4.31066983554738765282953119377384688      
   4.57889228822204999715091366509491102      
   4.86377022124199771274387764231580701      
   5.16633101698382119874018095708367409      
   5.48766408072904265851206206255128762      
   5.82892429276307481162949300291425442      
   6.19133558328675461410078799793830257      
   6.57619461458581048006547749524698284      
   6.98487454733244375046921194359117176      
   7.41882885776452309900686940526803864      
   7.87959515884831159942558462884262691      
   8.36879896036403511465886126477731541      
   8.88815727863501537272545964091374239      
   9.43948197444686147356668245137950209      
   10.0246826551413072773260574868738958      
   10.6457689209073071400752509791261640      
   11.3048516622181627051260698412864199      
   12.0041430209818264629665283624095271      
   12.7459545080162824479056198584721720      
   13.5326926210489688691178094042085638      
   14.3668511324168889101541800419353118      
   15.2509990279206536951547385057641288      
   16.1877629184149506190594053763396374      
   17.1798027074928779100710956803833345      
   18.2297795719952939925418299875860648      
   19.3403162397570479899739694923737186      
   20.5139516699144639734993151620476074      
   21.7530962398545612971559142855823760      
   23.0599999435829626140807383101904719      
   24.4367545149699879287386926889282188      
   25.8853582923733516535756282726721126      
   27.4078744256164889225303116442419046      
   29.0067010168001636048840934195584405      
   30.6849428421091188339703132266975588      
   32.4468481448980675397629747278756507      
   34.2983198948185389809895787865838819      
   36.2477038230812120635964890774122209      
   38.3072134139262407074521830726237846      
   40.4949432843192486987471130777018804      
   42.8365595752729783602804506113934812      
   45.3656312065732222945750035798842079      
   48.1223806086748128973388474098965617      
   51.1512248873050759228041390940777119      
   54.4974572534907918471993581643549543      
   58.2032801135202380492632571735115116      
   62.3034922492253824269483820654901133      
   66.8215356272665024224608889745286016      
   71.7673787962008314664820825276333176      
   77.1399701858000915420603005040396509      
   82.9391717514918637100876307918430404      
   89.1971452774118781793665727602905778      
   96.0513374910337772478804916010635462      
   103.886963994880999094091627790693476      
   113.488018795653760364643879972572822      
   125.957397405179739478778640411043184      
   142.324089653078032426844578324709313      
   163.165647924946168880753756117978796      
   188.527275942726262013070952297617666      
   218.109827815724517263782554165532358      
