   9.96290083861510080010926811456818752E-0003
   1.11014005466466923605712174639808734E-0002
   1.24117368675928570306163489576600674E-0002
   1.39134384937365453258276422813604491E-0002
   1.56281358143670055579919822192969420E-0002
   1.75800022825659701598115272979455166E-0002
   1.97963144931131880856974280008347480E-0002
   2.23080603063148230547332059789117747E-0002
   2.51505816940801901797081390308136416E-0002
   2.83642149444498978623209967642336088E-0002
   3.19949468409122215871323948059639865E-0002
   3.60950915791033253321697402456945737E-0002
   4.07240395034899024216940310075300979E-0002
   4.59490783213503085565171768057462365E-0002
   5.18463500050610065165591319834093639E-0002
   5.85019208076011170680046321394485326E-0002
   6.60130175843218848695241033902367501E-0002
   7.44894248105951220151866434758308729E-0002
   8.40550782148866186682161982394458129E-0002
   9.48498673134365659510726661745458723E-0002
  0.107031675263614913938247503138225124      
  0.120778684067253313249764272835460831      
  0.136291979582237078587091124746535326      
  0.153798491432244445198049109051009688      
  0.173554313799422578699509849683294652      
  0.195848452803389042102663890529615431      
  0.221007055093122885565376121710650921      
  0.249398183077827395705083667249337734      
  0.281437201886532768209346918583024316      
  0.317592860665546992221864029853603117      
  0.358394155509494470817234103465763725      
  0.404438075564628141363639555208986606      
  0.456398345256879162015970261127870690      
  0.515035291494048316825720731868008889      
  0.581206980297218143195604856938078680      
  0.655881786613135042224920075222547823      
  0.740152581673387770399867995683332707      
  0.835252746421955775962947016056968659      
  0.942574246489940772032313264427129297      
   1.06368803423760908943646393914370732      
   1.20036707836261328960485503823320008      
   1.35461236012312554231413122175764584      
   1.52868221961988199345549611026878068      
   1.72512548572294195692947034918815371      
   1.94681888024463245914754506071422706      
   2.19700925220697776077301550157254643      
   2.47936127266892861483105452498407003      
   2.79801130676433512643376519760824074      
   3.15762827961599981051767890865689397      
   3.56348247015012829967622145378049106      
   4.02152330622158063097104767365170758      
   4.53846740250550731089660998641116370      
   5.12189828895203948002730064364799419      
   5.78037953624783282707055726453436217      
   6.52358331632164923509414154449347754      
   7.36243687091068052860154508238598704      
   8.30928994423785143867429650451031014      
   9.37810703138777921966913110370260097      
   10.5846893923865247927310005534046273      
   11.9469333037873979254389735751326012      
   13.4851331124112381274116075910773633      
   15.2223404741429665163309303976471489      
   17.1847948110558147958609271473711408      
   19.4024444542913343145899238688639723      
   21.9095827890047896418998508432481530      
   24.7456281235515730003910886841175207      
   27.9560786672689503354764284376484727      
   31.5936739448841577631595726184446800      
   35.7197928500755204751642396075218021      
   40.4061249232853424403759623017578070      
   45.7366852351238574954378415317331467      
   51.8103321176807795902950266786968401      
   58.7440959334077004856467296387001834      
   66.6777261989166662316667461062911075      
   75.7794856264585616915887478874496086      
   86.2513890347400427150586969468484757      
   98.3279773050246683724210742473438035      
   112.259352677688669970510872346830200      
   128.275997136497607902358257754019679      
   146.549759240994877246026976775078392      
   167.167329469703909908913317309014172      
   190.113139235341607174937415426796195      
   215.251661530427509780859964427527499      
   242.313088939114703156193653017100202      
   270.897800639650993074420781626863871      
   300.513263284224096548480072827093328      
   330.645965252336135776281390011696492      
   360.856625082445840451018663219764124      
   390.876891231350789595133293095920340      
   420.691323043343730501047549620849036      
   450.622842452950608061192993474309993      
   481.488985787753756208789421797582362      
   514.763303922331596830068161269075144      
   551.943329325606370080504996623797921      
   592.370089957765450545916500697979425      
   632.779753493072182881558417906004133      
   671.555723130244886391826542787627192      
   711.720441852963313375249114435936017      
   758.719931159810124967231329211057663      
   816.992859805824846461385238743760018      
