   1.32507020624003066545938567579058081      
   1.32079195935882456567491281644946166      
   1.31609834505151715501087378610566721      
   1.31106619581872623419567097189541391      
   1.30577549651440483383772791511432797      
   1.30030021174276795362868582914207830      
   1.29470261898508840062383422350563571      
   1.28903118006706548909396952650464069      
   1.28332120410432540131292570516631363      
   1.27759700384723047317959805999731753      
   1.27187454305684499364308832587967215      
   1.26616386274680611109439658486627582      
   1.26047105225510490107751530001868431      
   1.25479965466265677383613971466050168      
   1.24915166057659977577795533795251346      
   1.24352811950923281858026244901989366      
   1.23792953840705253507457137697398637      
   1.23235611094707116725246143300449987      
   1.22680785902013580874817738935068272      
   1.22128471143306838721072543025758316      
   1.21578654853355796833616047143205205      
   1.21031322656918919881195971521353372      
   1.20486459136977410590280813029068478      
   1.19944048471844971824948693289230967      
   1.19404074823205148318755302037396645      
   1.18866522470031746100636718040639620      
   1.18331375811991967310656298536157648      
   1.17798619414306158677929335805881996      
   1.17268237936974562929111827901005921      
   1.16740216100025939532098817486309437      
   1.16214538626270007085326524263717420      
   1.15691190191259737585867080117802328      
   1.15170155366333296416792608572307280      
   1.14651418567806145634123138372082452      
   1.14134964004925321376842276982064780      
   1.13620775630708799379942922704088407      
   1.13108837092286819339489782550211011      
   1.12599131682502799184396598773622062      
   1.12091642293722739273918053557361548      
   1.11586351371587414301574651965665443      
   1.11083240871658135396971821599900412      
   1.10582292218147992986831370262565358      
   1.10083486266128232370445132900682030      
   1.09586803268464414724649192213584643      
   1.09092222848647286239914364727789547      
   1.08599723981348553381070777975734376      
   1.08109284982309881959040243536347989      
   1.07620883509556612971125467763347977      
   1.07134496577807512943009980562614521      
   1.06650100587964438507875526729698307      
   1.06167671373660732863640301335537839      
   1.05687184267221157668388911352959269      
   1.05208614188686089173017176625445009      
   1.04731935764736156120579394135166476      
   1.04257123491200596598909808877574955      
   1.03784151966355820893683692966541964      
   1.03312996247403061361195176858790487      
   1.02843632427418064012581406354280969      
   1.02376038607655315417950290080709258      
   1.01910196570960646636466616548517928      
   1.01446094678736751117564384439553366      
   1.00983732867284645145676997933385667      
   1.00523131187694961458287607569646973      
   1.00064344233950543905513577942360855      
  0.996074852036414429126185825909387711      
  0.991527654532336615656751279520500885      
  0.987005584843213838737599597971999684      
  0.982515014794070711692079989939662203      
  0.978066525978844580049024183849136070      
  0.973677272203275475408072988432048281      
  0.969374386890245167275316663086887578      
  0.965199643906186358193307681925448228      
  0.961215404276427023110844870256698458      
  0.957511531677228005187107831599515086      
  0.954212468984974436378668255378050229      
  0.951483245865064627842405543121932401      
  0.949533217704303935576593657289234404      
  0.948616752577854742421446058280347758      
  0.949029123088924036884694285579469961      
  0.951091705669380081020735647535469655      
  0.955117213557167021924689682764904639      
  0.961349540500153106350673344793465852      
  0.969880811434268345699765641660675899      
  0.980553132228435298060589689506279666      
  0.992854458089051340772905990709106451      
   1.00582136760525380018623285340801545      
   1.01796958308256002249919396892577782      
   1.02728753142606058091251375012111394      
   1.03134893629030452567586538323046698      
   1.02762325517188747653828749311369067      
   1.01407435962128752707652574818186684      
  0.990100672346235698022354408079521991      
  0.957695172094912212586980320264431331      
  0.922265176022973826542114763918234740      
  0.891948992075395262661853085415324007      
  0.874488136992536807603195992213100002      
  0.873078398691663198393376061800027089      
  0.884900344657598428152187047146960742      
  0.903745962950737665471531337378843812      
  0.923851272591358411318528148990690627      
