   4.01366937368234651454572184363294073      
   3.93256771387570251085463845854240457      
   3.84935551384681899477888652981214847      
   3.76332656007717807174084722146999608      
   3.67358782512443472665863923614497410      
   3.57897669891456360512464775289556052      
   3.47793732481800790032331564421599925      
   3.36834853365222034871044423961950604      
   3.24734752375825554089304045446717352      
   3.11134068706516448989886152484839817      
   2.95611634950509829250796745390137256      
   2.77498961088239653073656564084575412      
   2.55349706218862437248976052755758182      
   2.25917496089959391785367684915742209      
   1.79802672690316577103556103492588276      
   3.86399935988174505570664751844080087      
   17.5367976417027853864738761557226368      
   26.3815913459715182277144243286437511      
   33.5563491379832484780155903568433840      
   39.7686640078647902721301607963277344      
   45.3323801140389326500426678902107510      
   50.4214349422648762115659872915653084      
   55.1442949746282326760443582260924603      
   59.5737661168311945969624844168638651      
   63.7613614370591739484515722777367993      
   67.7450655803735544506694677856005672      
   71.5537971454899792373040395034608890      
   75.2100288479011295675477177963736821      
   78.7312713541165349084999558499906195      
   82.1307149790973293822127415966097968      
   85.4169591008437905211425191596716522      
   88.5920441696349932074513710135694825      
   91.6437756772405910702984543629078963      
   94.4879346779221189384281002389242952      
   97.1777997323513957132186501412272438      
   99.8042541070089380592254409674453482      
   102.370226682474492637080532521073857      
   104.878451406718701784454070457607581      
   107.331482006967003644198797415703045      
   109.731705603903461930694219297807681      
   112.081355325194572659029597138269821      
   114.382521996939316618820423929763499      
   116.637164977166852879051689832773722      
   118.847122185425278022365193502248276      
   121.014119376184197547873993425727407      
   123.139778700207633880472509241739785      
   125.225626596114248694883668515133235      
   127.273101053361968383259612262887556      
   129.283558287233947683168249497299092      
   131.258278865756085619134314436105012      
   133.198473327642906064373829064689416      
   135.105287329240185234040697547926125      
   136.979806357044614903857396526322853      
   138.823060040743334341998531318188017      
   140.636026099882549278708138982149735      
   142.419633955316648067498572054024078      
   144.174768034546167078372204181649800      
   145.902270798000099230881090642025945      
   147.602945511274540170644954878641691      
   149.277558786355143502741183996263292      
   150.926842912938474410370952233148656      
