   9.62497294591373982801754192803239137E-0003
   1.08117801637745500351556004413410603E-0002
   1.21476249736127508142447537531179581E-0002
   1.36503959962681540364844030364332518E-0002
   1.53403445824772885392677198117179614E-0002
   1.72403515732864579127344027204207336E-0002
   1.93762264706288937293276514260558180E-0002
   2.17770466058425040431753237724163504E-0002
   2.44755427746453212569762395524794276E-0002
   2.75085372595136237374235421092297374E-0002
   3.09174401954056810265649539035602717E-0002
   3.47488107257444158314406089031019288E-0002
   3.90549902029543888990926100406967999E-0002
   4.38948157098933007601004511619984027E-0002
   4.93344233586308048804348346678590415E-0002
   5.54481521400309867298711791955717513E-0002
   6.23195605535233158630697980931395365E-0002
   7.00425698568555059192462682608901895E-0002
   7.87227495637558947237076842947698933E-0002
   8.84787628110471004673580421056468422E-0002
   9.94439914468830344799944882705325617E-0002
  0.111768363192500211051478039231974624      
  0.125620406038630251246096007627403571      
  0.141189558195890850832834169935053290      
  0.158688765472158251128942789386203039      
  0.178357401950654693785236235517499447      
  0.200464554348252373683881898628571321      
  0.225312715509543774367236956516661825      
  0.253241938212335279121591927922147723      
  0.284634506907663316551937518923768730      
  0.319920192286565022533640102662939933      
  0.359582161763441126391621946805810618      
  0.404163628212943636951554894036459292      
  0.454275329731182061269005327129479562      
  0.510603944968326174706445850443533332      
  0.573921561875145156089027379749442964      
  0.645096332721327506370189916393147122      
  0.725104465206549185334543310750205310      
  0.815043718655251526516607594299466967      
  0.916148595957341567135882258506025746      
   1.02980744642418666234506842805340377      
   1.15758172245250803016903585889255961      
   1.30122766425996629919208463116480491      
   1.46272072246540996637888530646941204      
   1.64428306848927483880620859719235993      
   1.84841458827374347888570031463774732      
   2.07792780637658313651633757485628670      
   2.33598724587377270420945510365661594      
   2.62615379560524008421042802728120604      
   2.95243473110595808495035471747777972      
   3.31934012017351701975680109155406072      
   3.73194643962275283099667494244789739      
   4.19596833764291180399638496322747181      
   4.71783959763290953918443831099919915      
   5.30480449577406509294554546602437318      
   5.96502089713038906491027073755043737      
   6.70767660468827108442804095703866521      
   7.54312066284229812851405628318434785      
   8.48301152081459083001044567681598410      
   9.54048418027378805739830263707583739      
   10.7303386808840049547573962831649351      
   12.0692525113421536403494795891913661      
   13.5760197639799883634193556121024786      
   15.2718200722675706250535873600443700      
   17.1805205851307842270067195428117315      
   19.3290144625844880574223413323372167      
   21.7475996817102540590126121608041338      
   24.4704024249780237947323772936534444      
   27.5358501246842849740706646468459914      
   30.9872004673235194444996600845167190      
   34.8731342263084190439141493688166199      
   39.2484210617551720906199952174399974      
   44.1746667152683316268318699582065976      
   49.7211439157952987522898377555365234      
   55.9656919906906928121316574391950400      
   62.9956331814787146898372265237358863      
   70.9085865848212724677519475340171444      
   79.8129533914492266151632689982955003      
   89.8276939724418643069357979816325007      
   101.080822513181654847696663560770063      
   113.705829683818247969305226604162392      
   127.835060068986615453122866422862538      
   143.589026886806282238160750995858322      
   161.060943421059743640042175365932585      
   180.296706480870607144895339235819409      
   201.272574229729363777526781107743897      
   223.876127617835829671681958831722369      
   247.900557120798546803615271368390181      
   273.066303111876826658540865305255753      
   299.083457376421324550700078007301516      
   325.755649277837778911918023099627124      
   353.093893483851980732880705054154727      
   381.366116085641732593359701121030364      
   411.006287184063630846402324467475032      
   442.416822126830449427179427954447608      
   475.855596870327197635447868979633306      
   511.566779874480020396785337415376133      
   550.061904143068776936386390407701344      
   592.310480154536361041804971530271349      
   639.705461194384399362183324202984742      
