   5.75680180862328832789351820703013421      
   5.75669425692907361772361239387902961      
   5.75651514666352854610730649189413973      
   5.75626476313267859195266307902281614      
   5.75594350843242249980387243577677731      
   5.75555190186481676676229720850932284      
   5.75509058034771560891781485795986712      
   5.75456032725241314761517623782456737      
   5.75396221314295580778983621217306299      
   5.75329796224598366392480814083376373      
   5.75257059409682511425835880824395507      
   5.75178526680449980263727996748051607      
   5.75095016753808862424981971551617273      
   5.75007730240042868571979791477437974      
   5.74918309988751764296090694411990390      
   5.74828880360274178570916716848180524      
   5.74742066103714707803928216853172529      
   5.74660991736257361907609185460943183      
   5.74589261423145432201706286058073501      
   5.74530918925771619812631314082810048      
   5.74490387840338311275379210780751961      
   5.74472393915010591572635992987958812      
   5.74481873047011112767971751412064767      
   5.74523870065238227715907557132145588      
   5.74603434193096037659176472349418727      
   5.74725517087450278144945236679471143      
   5.74894878634655526389488723580296300      
   5.75116004544323585579268130149662816      
   5.75393038383765886523447830655402336      
   5.75729729340029927398475010718627082      
   5.76129395773576371997510623633403361      
   5.76594903683282632679496123535832388      
   5.77128658520783515885336320196808462      
   5.77732608390879581475346424348319662      
   5.78408256510611965707617194396319551      
   5.79156680799321013250648131508061906      
   5.79978558629892529861753818213662163      
   5.80874194968413916734470612312666433      
   5.81843552418576359144590685764119688      
   5.82886281929111438511917407274320248      
   5.84001753213582472467604945931829623      
   5.85189084149230824790209641036674056      
   5.86447168633560449280648795157776986      
   5.87774702564199948942475548672169867      
   5.89170207725743875942654553141806367      
   5.90632053498136557650731863038906667      
   5.92158476371578972590381276224575557      
   5.93747597318262941720031747903462605      
   5.95397437110929390380911620856804644      
   5.97105929704382908286183363248326121      
   5.98870933806686241090680851521193992      
   6.00690242771874097546630700772598809      
   6.02561592947807826936545827442236538      
   6.04482670587077960725296527683109668      
   6.06451117442677814913599129108586580      
   6.08464535124900692717987104598385676      
   6.10520488298829941067566084476220983      
   6.12616506771649666913606009008047318      
   6.14750086499457973751962686938055918      
   6.16918689513297768607486278228560839      
   6.19119742746340454654248112279995674      
   6.21350635699985629870224985796785988      
   6.23608716860859886484075196427755180      
   6.25891288733351670157804798452475805      
   6.28195601297735049919045263170578991      
   6.30518843647353906580469779785803777      
   6.32858133466169242151359591992313849      
   6.35210503920167864374162742988118108      
   6.37572887384940414369011608356198316      
   6.39942095268564559241083160995808216      
   6.42314792939211706360960520859719675      
   6.44687468452893489149953724687491062      
   6.47056393314826909995162842914062065      
   6.49417572891145136369631172831617596      
   6.51766683174460043521879884292330702      
   6.54098989304994883278885365739160798      
   6.56409239295180359309162965035100132      
   6.58691523462413803920272385009610858      
   6.60939085488155065677624759863633639      
   6.63144063705077472544599003319116909      
   6.65297129198581153002011683051708243      
   6.67386966841528055847329276040655762      
   6.69399509265753894999140188791170289      
   6.71316767124491199130584127419830784      
   6.73114969879569381134429219933284837      
   6.74761466438146665169340094760708962      
   6.76209253032303091678601051865241986      
   6.77386602592599980447132153234854985      
   6.78175521569183519341434878025878536      
   6.78360794883843581912652745173622184      
   6.77481737771079003764654566360231334      
   6.74200078370341834079559358491963696      
   6.57646394339687025462907506334650847      
   7.22839035762372277697700891800568684      
   7.37540386858069891825250579874769447      
   7.48410157461547998471026621639515271      
   7.57854116169287567225154292090951502      
