   235.280614361362568539609003427063999      
   235.267398252924457508319123671013411      
   235.245344475392038201390607616143561      
   235.214438641360531630166081340464585      
   235.174671149344006846415290117330402      
   235.126038995233178834530877086793952      
   235.068547238956627413952333642496613      
   235.002209822761219014005871649915753      
   234.927048802018370954618409107242523      
   234.843090211324345633804396352339187      
   234.750354493038421183824060095988940      
   234.648839948333767367370859467993711      
   234.538498992177108367730317997454247      
   234.419209206272309911045253065065681      
   234.290743744696365688051170861685130      
   234.152747140673853821743913964399879      
   234.004721828916403970963254044967632      
   233.846027981064254897325442791669099      
   233.675895865242661150558197102864641      
   233.493447278384856307987148079069447      
   233.297721391599212665817733564453287      
   233.087700551450332782261328199724843      
   232.862332719793556051932710293720256      
   232.620548713098871851418316718914206      
   232.361273772959138781783891338749816      
   232.083434005206313998426155524909708      
   231.785958809235887284901415204439291      
   231.467780612985368387448784349384075      
   231.127833161769894564280380351896396      
   230.765049370842566680288764649056558      
   230.378359456764161718510463202094480      
   229.966689762998395060953785998914525      
   229.528962444437102359020025487121699      
   229.064095983001071108351289568431038      
   228.571006375728288344914719990278465      
   228.048608767394521367093882282539972      
   227.495819266693755706739209172488426      
   226.911556696624329717093699907714125      
   226.294744047754199547444039210199531      
   225.644309449600706344129473257974803      
   224.959186509295695929484133576563987      
   224.238313914447251511853884954820652      
   223.480634233506777769575745542213694      
   222.685091875088654886688672504321366      
   221.850630199161085917957719611069787      
   220.976187785148495929765105848446841      
   220.060693876879887935677177509544470      
   219.103063027872822699411857612485302      
   218.102188970279875476722669743716917      
   217.056937725214392763071236052359965      
   215.966139963177534487689442502769426      
   214.828582609372823475629429362646416      
   213.642999670218808733568420754092895      
   212.408062241684364290383643392798116      
   211.122367628971762064777233504921222      
   209.784427487859825979438908722679746      
   208.392654860683468889717049038785547      
   206.945349946217920716522322400994524      
   205.440684399436006742462608965522704      
   203.876683908344653488821705679872327      
   202.251208732405210622217319779586041      
   200.561931817877484392894522083623299      
   198.806314013420118587628254578515954      
   196.981575799865408376183199632363216      
   195.084664809968007463101336781533620      
   193.112218235698668363528388629911436      
   191.060518997984609493395589981722881      
   188.925444257039213055940990239958758      
   186.702404463320306342939141124460912      
   184.386270639053529526306654023043648      
   181.971286906850025418851965675722272      
   179.450964364049252191073977065860393      
   176.817951152636122816922518236806847      
   174.063871833377640307485077315620795      
   171.179126732173090814916092223216966      
   168.152638431933993423295122115630962      
   164.971527511901774979575063364502309      
   161.620692124387413469166793752041588      
   158.082254655276517936504232854037989      
   154.334821183869261857260481121768061      
   150.352471658467992686420068021046672      
   146.103353335855078982786468108369923      
   141.547673413477461288469379182149004      
   136.634752135632509606784354925641301      
   131.298549218824637722579356301797577      
   125.450589464711751067064823466123188      
   118.968182562540793374524197217780554      
   111.673424379745214396465683849556454      
   103.292097034925888003138861149163080      
   93.3618408946139880500637527870604546      
   80.9828597635000727857733701783076032      
   63.8777947113741735796524614145690913      
   29.1618677453320247493604397459118022      
   1.34319821383656762198771738239157528E-0004
   1.26213433061010748801540187858725669E-0004
   1.16905726185377638042248478629250228E-0004
   1.06857443275745656315687889922419984E-0004
