   18.1387783877839539438991308422940421      
   12.8436843911146131067900031325743444      
   10.4906370492163944532507427418559972      
   9.08617024384938547612398193026876981      
   8.12691938599578551184248531183793209      
   7.41833620064629023358218008297540644      
   6.86725789511751557952132050820272991      
   6.42274255474284807416934250950913564      
   6.05427738670548586483958283695451479      
   5.74232398320399085594704988311184273      
   5.47371382672978932334828204175619565      
   5.23920330897871736788683002931077816      
   5.03208492015795517506428451280426557      
   4.84735454992124180066597004671457886      
   4.68118963155360505813260701588475597      
   4.53060985507482924668013197464090334      
   4.39324967537306481348547879455540053      
   4.26720174299366887130264759248269754      
   4.15090669936898974649024486771469170      
   4.04307406223640945023149646927726402      
   3.94262441391007968287089671251921059      
   3.84864645961233512793040652667200830      
   3.76036463673643152516093873775268882      
   3.67711432205225776578403971929975384      
   3.59832258638983479471042477242102197      
   3.52349305320525032214302165825264919      
   3.45219383211671011055009925726323515      
   3.38404778508214045260615199713987490      
   3.31872458397869090180540053456595354      
   3.25593416038138374340138883335590115      
   3.19542125018700364798562911783568473      
   3.13696080904804416345726839603573739      
   3.08035412819080460979295339304220003      
   3.02542551953380022595352782022738304      
   2.97201946815889134812921904363662400      
   2.91999817213562267938163752264301959      
   2.86923940602439351336693891602311818      
   2.81963465715946827763507413463235658      
   2.77108749323567755049378687489685999      
   2.72351212749969321913306593041281670      
   2.67683215349455290591689723182142753      
   2.63097942616226541557650445362795462      
   2.58589306980887510482157807825765503      
   2.54151859635837379415127071669722769      
   2.49780711996071261884541309124974988      
   2.45471465587018115620255336528864749      
   2.41220149326897369131840771719595143      
   2.37023163303966541426975887049684119      
   2.32877228263485559180101814156635734      
   2.28779340112822379455118252793839823      
   2.24726728832824769274048317101017649      
   2.20716821246789557548533802221404271      
   2.16747207147665278516505640148073858      
   2.12815608337777839781179024644232886      
   2.08919850151596346953692756378687179      
   2.05057835076842912392386520112484467      
   2.01227518093482169675519422434880605      
   1.97426883367179338409395873066695226      
   1.93653921935149448625165153456770624      
   1.89906610020475872850506472732950253      
   1.86182887591434125824182175410819767      
   1.82480636765621586912963924613206239      
   1.78797659615952406476387302967362597      
   1.75131654886208062037078346356885085      
   1.71480193053795945889983759623332284      
   1.67840689077064716694441554426732014      
   1.64210372041715769948186216065169032      
   1.60586250740810346233716559359204560      
   1.56965074001539585429056031995383001      
   1.53343284255713137308713505430505490      
   1.49716962439124817869041033029122092      
   1.46081761730545465079104534600474691      
   1.42432826863274004266976181392402759      
   1.38764694642872981117321997587707503      
   1.35071169767362415978624867343405810      
   1.31345167830402256555324108754922621      
   1.27578514170110305768070167106119108      
   1.23761682443424095533158780698172190      
   1.19883449572021615893244199146753128      
   1.15930432503121393679356466044116344      
   1.11886454425649027018984145504894556      
   1.07731658975833055773216560949437136      
   1.03441241690475293735708370065612095      
  0.989835811484994441870137965902494964      
  0.943173915165916480659791517768410768      
  0.893872018066032201041829451602866599      
  0.841157936654952172575680274332314977      
  0.783906462317124755587669197089726942      
  0.720372195081100179238715709619859680      
  0.647587615695815187584676950301076082      
  0.559714167467573138555291949500567776      
  0.441763917226758620221317664775539941      
  0.206807487662576314859248052864318420      
   7.34774213298846218680102957219116512      
   13.7889078444138254875241051239160167      
   19.6617159451431990181354225583530050      
   25.2556017585742185034247379612672688      
