  0.337815681909480755911548368593941384      
   1.60389861618765833454753197936628117E-0003
   1.38796099244597781443295190170965976E-0003
   1.20116683060742800852653112256495246E-0003
   1.03957744458912584728630226748544732E-0003
   8.99793572132289706852803436310350469E-0004
   7.78879324459270847247705685255148440E-0004
   6.74297755796532045354915923369587408E-0004
   5.83855986406708635390085931931479980E-0004
   5.05658247121477774991326698157617271E-0004
   4.38065633386989288089605280444729162E-0004
   3.79661377784334964291074683273005412E-0004
   3.29221063459381046659909731465338364E-0004
   2.85686759939062415355305912400578178E-0004
   2.48144769694596466781519568550966524E-0004
   2.15806282100170228540886614537616462E-0004
   1.87990561221167997891659417348648605E-0004
   1.64110346417886134791107365390526527E-0004
   1.43658882274098077850197267061846322E-0004
   1.26198604418011963802279027602967182E-0004
   1.11350875811390614354916026957561865E-0004
   9.87867482268333730352866225852529259E-0005
   8.82186720175417699750869967392734184E-0005
   7.93928336663125232220462809981250156E-0005
   7.20827860497048403825674337549861078E-0005
   6.60840833880726645737123959530467175E-0005
   6.12104992342325262168931856158264147E-0005
   5.72920032305075860135342190649559967E-0005
   5.41738443388959422233678177759570218E-0005
   5.17170333631339662134747823804824290E-0005
   4.97988495641522080883481424409519433E-0005
   4.83132230407567227240073992750297711E-0005
   4.71705893593253474431483531790122738E-0005
   4.62967672080322444804439264333085892E-0005
   4.56316426392463174314185394067538973E-0005
   4.51272327670209992617225673000882022E-0005
   4.47457615602537076876497490076433817E-0005
   4.44578713161334407439932522143034129E-0005
   4.42408929853895450519243686598585667E-0005
   4.40765367772647363429532278775249031E-0005
   4.39536822694337325827680825048494082E-0005
   4.38612716767318953422266712337359454E-0005
   4.37918498192333248929173236422857150E-0005
   4.37399655164448577311989477817859395E-0005
   4.37023527555520344597732617143592428E-0005
   4.36696723204018681813211114693661329E-0005
   4.36453826118222957137335690839621830E-0005
   4.36271290711316132285158357693999654E-0005
   4.36130961938562066260925401292891924E-0005
   4.36021657273140775769840648069190932E-0005
   4.35935224976155037199210734757326696E-0005
   4.35865868842603538556540389368901735E-0005
   4.35809685316216544272279850359837632E-0005
   4.35764118493987579958746628718282203E-0005
   4.35726689579058732354667775802048052E-0005
   4.35658124592820624435477180211001830E-0005
   4.35594303910050060282100454675982585E-0005
   4.35538921986145925506797877576573914E-0005
   4.35494027854592794075086829708081852E-0005
   4.35448418879615894275999922949913111E-0005
   4.35382353436758299881148356068914173E-0005
   4.35336946851847328048260696190484719E-0005
   4.35309824626257155815395044594053457E-0005
   4.35204504682777676267732680484393108E-0005
   4.35158245564788145593734907544895331E-0005
   4.35105249818917562960992488106199387E-0005
   4.35022258078805287336311482892490825E-0005
   4.34919547409450927776474729786457368E-0005
   4.34859875137550526599749135391378107E-0005
   4.34761600698523197571781068036883640E-0005
   4.34647349965365758260173958525125894E-0005
   4.34222062698825229284795676661247609E-0005
   4.34462987653123847602874781834712768E-0005
   4.34383091278982387283468263044587832E-0005
   4.34346772961212116896211495771701359E-0005
   4.34171075765608421354936151975116711E-0005
   4.34104004470347279345794784628403819E-0005
   4.33569281017421422460668186051706006E-0005
   4.34035728202041312480734930707598042E-0005
   4.34005890251853417639242989243779907E-0005
   4.34042683790737285016167351376513340E-0005
   4.34119537597764106795026954035143618E-0005
   4.33645973973329093358831049391836961E-0005
   4.34766550659314767276043691039684670E-0005
   4.34969918715930359160755964104439587E-0005
   4.35599278465657655467931377438578674E-0005
   4.36452132798222534292273551997947517E-0005
   4.37754796830499881172757997693044013E-0005
   4.38266519883083866447488617515017567E-0005
   4.41680097731243217130309706357358539E-0005
   4.43498031500819886131022716555737525E-0005
   4.47442864395530520437817795359679202E-0005
   4.54156589588854212111132353050181669E-0005
   4.46876914550484887897336994446594108E-0005
   4.28886792416854676307728751082374835E-0005
   4.10305858389524200230200290217675819E-0005
   3.90863208704407186803840497465056246E-0005
   3.71508176641492035213427025343464861E-0005
   3.51903215636654954449805752609091161E-0005
   3.32653675793721649304272734987572183E-0005
