 0.14187783575897E-02
 0.20594263661724E-01
 0.22139766041861E-01
 0.23801040864902E-01
 0.25586872019958E-01
 0.27506685475668E-01
 0.29570601059820E-01
 0.31789487572719E-01
 0.34175021540379E-01
 0.36739749944769E-01
 0.39497157295424E-01
 0.42461737431445E-01
 0.45649070466965E-01
 0.49075905317634E-01
 0.52760248271758E-01
 0.56721458097965E-01
 0.60980348212316E-01
 0.65559296461936E-01
 0.70482363119835E-01
 0.75775417726823E-01
 0.81466275461539E-01
 0.87584843768791E-01
 0.94163280029869E-01
 0.10123616111653E+00
 0.10884066573315E+00
 0.11701677051939E+00
 0.12580746095934E+00
 0.13525895822195E+00
 0.14542096314329E+00
 0.15634691865325E+00
 0.16809429204851E+00
 0.18072487862089E+00
 0.19430512826540E+00
 0.20890649681691E+00
 0.22460582399824E+00
 0.24148574000706E+00
 0.25963510292477E+00
 0.27914946929820E+00
 0.30013160042608E+00
 0.32269200707725E+00
 0.34694953557754E+00
 0.37303199842939E+00
 0.40107685287201E+00
 0.43123193105376E+00
 0.46365622577221E+00
 0.49852073604343E+00
 0.53600937709235E+00
 0.57631995971160E+00
 0.61966524432006E+00
 0.66627407546578E+00
 0.71639260296354E+00
 0.77028559633767E+00
 0.82823785975829E+00
 0.89055575521644E+00
 0.95756884228422E+00
 0.10296316434521E+01
 0.11071255447313E+01
 0.11904608419576E+01
 0.12800789440361E+01
 0.13764547452331E+01
 0.14800991795456E+01
 0.15915619711768E+01
 0.17114345962101E+01
 0.18403534717162E+01
 0.19790033897464E+01
 0.21281212149650E+01
 0.22884998660601E+01
 0.24609926025429E+01
 0.26465176401042E+01
 0.28460631193432E+01
 0.30606924544196E+01
 0.32915500899920E+01
 0.35398676966981E+01
 0.38069708373896E+01
 0.40942861383403E+01
 0.44033490016752E+01
 0.47358118973052E+01
 0.50934532746261E+01
 0.54781871361301E+01
 0.58920733167720E+01
 0.63373285143686E+01
 0.68163381173230E+01
 0.73316688764346E+01
 0.78860824672375E+01
 0.84825499879856E+01
 0.91242674357513E+01
 0.98146721987674E+01
 0.10557460596724E+02
 0.11356606491775E+02
 0.12216380981040E+02
 0.13141373166043E+02
 0.14136511975337E+02
 0.15207088993584E+02
 0.16358782223508E+02
 0.17597680677229E+02
 0.18930309661377E+02
 0.20363656587848E+02
 0.21905197110633E+02
 0.23562921359888E+02
 0.25345360015311E+02
