   7.35689175299797980434263873777929839      
   7.44707741858823970439071220081107095      
   7.53859801937952761108073683760551841      
   7.63060972677119838495373086746470781      
   7.72103855112474965162801975547532141      
   7.78943248580130388204870634298677831      
   7.71112062249641910185563930705382987      
   8.35620245663374681785210717454602099      
   8.47401453153716829796536180444831128      
   8.60014619928221923513998677622467654      
   8.76432712577804127969073271286156562      
   8.97971955559345834373443791874037039      
   9.25732053065272040486828857943159039      
   9.61062562161562405946335277449727514      
   10.0580530486256186625623189304754594      
   10.6225093056900248805474051350526375      
   11.3257205641203574097904966062822905      
   12.1778275640014959022326671144883368      
   13.1648298380074234552953242712933091      
   14.2340943475835713878137629568519727      
   15.2779545542450286841724178004306681      
   16.1208069262268522903793949988736381      
   16.5026142772984712162455957972263909      
   16.1950887854894922494741008920312915      
   15.8701117469223886996823879113611612      
   15.5680954186920334290835891632707863      
   15.2866071604421096495321419052809370      
   15.0235587007599773752895026861254778      
   14.7771459389578747479085034019518234      
   14.5458011217058242197064660324511025      
   14.3281544965582204047232595663069383      
   14.1230033003248420412052508857845538      
   13.9292864801591138835665387474100939      
   13.7460639359182367255679015219018217      
   13.5724993584776473672742721622348667      
   13.4078459505056927221050085196141711      
   13.2514344747472520119182653742032756      
   13.1026631945896908727093373425232675      
   12.9609893629534725365632133911852853      
   12.8259219857346470982719300740381578      
   12.6970156403965288538315054032945341      
   12.5738651727447765231909188087340290      
   12.4561011283116824414648945360092888      
   12.3433858011734326218354386996219290      
   12.2354098040813743688103021446018636      
   12.1318890806249928580749125759606378      
   12.0325622937471670326575631501304956      
   11.9371885359216981663599418773959372      
   11.8455453152767277627587150253497607      
   11.7574267792615618928346552144482677      
   11.6726421435115687541258928732614720      
   11.5910142985065621301992032103559445      
   11.5123785707793879347343943830385178      
   11.4365816188435662372438434422447652      
   11.3634804468958910062890590950735789      
   11.2929415217530319437906944375981326      
   11.2248399805095325227327838197441677      
   11.1590589181235520256122483663366718      
   11.0954887455885582754157347563321831      
   11.0340266105612607311242395032254449      
   10.9745758734545853888934036489183903      
   10.9170456327463481726949453432095908      
   10.8613502942023889795792951825550973      
   10.8074091792720177299153414915072518      
   10.7551461685063124118701446732420168      
   10.7044893763675245791862640974857270      
   10.6553708542038445590349499113675302      
   10.6077263185555342729097785324591402      
   10.5614949022615941127830392799332011      
   10.5166189261527803696009744401394096      
