   4.30777745399236783632141035711039959      
   4.24798522316718402561251413132505268      
   4.18906274999217351196260508621801329      
   4.13092180767296090105741259004097338      
   4.07347642146563643096153149034509027      
   4.01664224503764994174222426212488203      
   3.96033594402849019267890245787628732      
   3.90447457971808171552276799044167281      
   3.84897498483440630816681304134169810      
   3.79375312238685067904100652169274896      
   3.73872341693947815877174818726494834      
   3.68379804584927507859011801911900975      
   3.62888617556526222664254129254306299      
   3.57389312494653805012389696810157589      
   3.51871943347751816276159995930230775      
   3.46325980691504900498565267672592792      
   3.40740190584672821846244525079796239      
   3.35102493323830165049621105220712327      
   3.29399796440106775123071905315504700      
   3.23617794560616053706273396298605781      
   3.17740726388672930617105224228718195      
   3.11751075750821462238981033488364454      
   3.05629198971649214331449063137489055      
   2.99352854073252106409837602337678370      
   2.92896597332573866779241234839411836      
   2.86230997699567900293710223700962620      
   2.79321596280605900521079554675083565      
   2.72127500819685109319586480672622215      
   2.64599443328793624741866667089510024      
   2.56677022458614071607250195399509325      
   2.48284660210146787035191686449649559      
   2.39325439757041979017520800821295643      
   2.29671267916634199260229547380230976      
   2.19146270792371160824398191500880505      
   2.07496803121120425359707585246588419      
   1.94332423301678585899603148046957192      
   1.78995334397220903631763906872664666      
   1.60216411743021614850664104947511399      
   1.34890955109524912416335905919429713      
  0.889698196354395500629195891999569229      
   6.60459820037617624319054791246947663      
   13.6563595877927425505843246874246377      
   19.6662897479327672022904994870982124      
   25.1004769151554834111727844722181083      
   30.1395417090349598082025162883430161      
   34.8797057225670570626031250946328145      
   39.3805322868740382767907627548910839      
   43.6823299961213211493799642970564371      
   47.8140006846420207531661796289073104      
   51.7970749864538959996622793210336913      
   55.6479777619396414484281000680869364      
   59.3793708777178072226470380463267946      
   63.0009557723671802079298654820031378      
   66.5198950090020605358901242958081520      
   69.9408267212069745217191545260186477      
   73.2649068182570294043879782230811834      
   76.4820140737904675930052664028120868      
   79.6079614418749486724548321376908608      
   82.6582212393778343873536570178748326      
   85.6370095722100561396018505434010975      
   88.5481288469654986884135519729482809      
   91.3950228604355981400284873524955127      
   94.1808226177769159273870970072604420      
   96.9083848397963423878736913249627117      
   99.5803246111788857002195107431176512      
   102.199043266675918066829785701321294      
   104.766752359750964819904822022294143      
   107.285494374893610193796050145119412      
   109.757160709233467512837657956821987      
   112.183507346970192567377731445151808      
   114.566168571901954911781447348337172      
   116.906669002452891979407857477163305      
   119.206434185535963336343932360547146      
   121.466799947154286375316644314375102      
   123.689020666551077576557029600588917      
   125.874276615314102016320870200948987      
   128.023680481897911734681739552756064      
   130.138283184623179270025226794695437      
   132.219079061662795288231843861314893      
   134.267010514276242299989682381242450      
   136.282972169200682309575913944317751      
