   72.4479686713211523636435429302469931      
   72.4427898225568931458862647503594020      
   72.4341425365726917311253079085307282      
   72.4220180478594774550574592136494849      
   72.4064090238219370349674927539713799      
   72.3873103895388532731867236694412909      
   72.3647200133416325217244427433197983      
   72.3386392328206647654826699236808804      
   72.3090732094891132471634956837099212      
   72.2760311147502147818997180112764478      
   72.2395261618861660314620167776602696      
   72.1995755038952304435286955112300509      
   72.1562000113344419433586633642218360      
   72.1094239241605758982314872700268388      
   72.0592743354588592950933146221828084      
   72.0057804201096873335201139026015306      
   71.9489722888042970633459156643732826      
   71.8888793554435307177761552358610239      
   71.8255281709026231997748285778847471      
   71.7589397894611651135563381710101438      
   71.6891268622667837488860678526545759      
   71.6160907530470376768830110550699092      
   71.5398190135859561407967473018015502      
   71.4602835303592928718591045273047121      
   71.3774395702822855882619142185036950      
   71.2912258368191605401627561258370122      
   71.2015655247834565030933154884332758      
   71.1083682553785447755465189691847297      
   71.0115326962251874209027851070102320      
   70.9109496292601880327164386116406412      
   70.8065052203765453418430483250372045      
   70.6980842620259258561330015577134916      
   70.5855731953783693687781665169473838      
   70.4688627637602937735073326991226431      
   70.3478501969556395993764893299203540      
   70.2224408713253803188079160840741938      
   70.0925494301971487206775603410691853      
   69.9581003808434131990540421146171385      
   69.8190282081034687893399238039474556      
   69.6752770607107888722802827892932488      
   69.5268000755876557547474071394346271      
   69.3735584089608569247279526467623914      
   69.2155200423937562254793322816289562      
   69.0526584279114045248081319348344521      
   68.8849510303617654485987782373693483      
   68.7123778178741970344776425375360271      
   68.5349197434343901340866890690519364      
   68.3525572527020568758585464402993208      
   68.1652688456234804206858638251537363      
   67.9730297123787022133914021166351940      
   67.7758104578952240239924694192006898      
   67.5735759236333174738548748061337028      
   67.3662841106131281479835715156901334      
   67.1538852036918034937405825496516106      
   66.9363206938617097656262886785820838      
   66.7135225927606084700086985732325412      
   66.4854127315880447313175395447368193      
   66.2519021351355967446285496091540312      
   66.0128904605757448820140748042304656      
   65.7682654899467012954645028979735976      
   65.5179026648464741006565778910273271      
   65.2616646516368957942246731852736663      
   64.9994009254064239910646298178564720      
   64.7309473609880398227245282801770138      
   64.4561258194279279426505512338640984      
   64.1747437184124072637895941217735816      
   63.8865935752385065544194486389682484      
   63.5914525109278542796550893991395128      
   63.2890817039981046838488142748962378      
   62.9792257821882809503995647886512807      
   62.6616121400561627609073530640206009      
   62.3359501697908814225112412582969285      
   62.0019303917797639624590724861762308      
   61.6592234703966225841555667832961601      
   61.3074790990918004551101641359778525      
   60.9463247371113164581770730095927911      
   60.5753641779896340030963003829515924      
   60.1941759272675807549189849039534677      
   59.8023113635877482206973904169319257      
   59.3992926532950570458392745142230466      
   58.9846103837661180650063711755366374      
   58.5577208747191466210685263177690248      
   58.1180431194729248775395838850652814      
   57.6649552992210136939186861588977463      
   57.1977908024721373566457717423141622      
   56.7158336683669680914988861362361119      
   56.2183133559572483612833364679391237      
   55.7043987208605686184233634657235503      
   55.1731910548457098475909147516979801      
   54.6237160113542970336713843155405802      
   54.0549141987066110848871602881699021      
   53.4656301700576261440415238031826157      
   52.8545994713577875211585447984135091      
   52.2204333205378248788499430165461947      
   51.5616003757934662110745516714995000      
   50.8764048982166303782498520408769584      
   50.1629604098837756524612732172940101      
   49.4191576723203927521461787290737211      
   48.6426254318514612743492263538350139      
   47.8306818527544144755423373624926741      
   46.9802738180621509388187901458719890      
   46.0879002155726862868803947670224663      
   45.1495137757169676867095007521534476      
   44.1603937169231934826415309729429868      
   43.1149779305164042548706501577049551      
   42.0066379234122958145990129667464816      
   40.8273708495454256506925237154683054      
   39.5673681402741721715799203246389217      
   38.2143945350790045002144941026039539      
   36.7528646161695273657340497860115245      
   35.1624143952250399266809686499769590      
   33.4155822457873522807936566028043939      
   31.4738076955162781517751793086985471      
   29.2799647065288124574663246313750804      
   26.7428859855811774076360658548439909      
   23.7001231500584089806583047862480502      
   19.8043725711767055249300039722658728      
   13.9655115485620438870703260967459297      
   1.09619355306341192183216145910635183E-0004
   1.05517377035058053252422948992409893E-0004
