   2.63832749831767334627303024877432574      
   2.63841925767092640733995819541989510      
   2.63857210103611414717227677521753813      
   2.63878583738208172650014262096003072      
   2.63906019958987120076169482475250077      
   2.63939484330874780166217244886979971      
   2.63978934763388973554207464783188683      
   2.64024321803670546293718136422940469      
   2.64075589147695709173096255883983915      
   2.64132674305760424835613756958272807      
   2.64195509253885261174390331360409573      
   2.64264020716835860885574104279416952      
   2.64338129504747813151934553069720146      
   2.64417748147976627509689383756298751      
   2.64502775995014133785976528834020143      
   2.64593090981724384441070709254241367      
   2.64688537474280676098148915072538559      
   2.64788909988371322608394503587547535      
   2.64893933190247050918998560977509573      
   2.65003239285164210940187514264923624      
   2.65116344527577033002859075756270956      
   2.65232626968133042726020306585718425      
   2.65351307599806923742116091726761288      
   2.65471436769925357819351879363839517      
   2.65591887184121511316564813554427624      
   2.65711354154837849599487298203450692      
   2.65828363068243751191155235071723287      
   2.65941283459764107079736509536887890      
   2.66048348649248001481626275308234617      
   2.66147679621593838440830755728417828      
   2.66237311731772081539297911717848475      
   2.66315222844652398113814964133535972      
   2.66379361646025371524070359045117180      
   2.66427675054971362279566665181838384      
   2.66458133887292620167949719818229254      
   2.66468756149757117676116435595043079      
   2.66457627556545483637098864333923553      
   2.66422919049710272352980885359754130      
   2.66362901263719817260692323700971112      
   2.66275955998713153992228424854726558      
