   18.7786855331590000848092430367807878      
   13.2955293881793539121888316345246866      
   10.8593957174084198542789643569662538      
   9.40546479495418595727676794146699813      
   8.41248914885994748397014720339171837      
   7.67903097483757330999128079192806094      
   7.10863432035529444023691177185066738      
   6.64855869578259555397394786498888188      
   6.26721510979489523422470891213353920      
   5.94437717527614282122918800506990896      
   5.66641456874690653220460188346112393      
   5.42376259352361157166178322321023289      
   5.20948526050064523310442656534082794      
   5.01841397362520822925011896355831395      
   4.84660775376342190983843575076015373      
   4.69100210973047920687472771668401377      
   4.54917324940175285338083195000616425      
   4.41917533840203273346504128510141472      
   4.29942545513210663800743088039882560      
   4.18862053561131619134048456141422006      
   4.08567629216456542226894944337309324      
   3.98968155336939994240545690975406007      
   3.89986363870586962981787524001596928      
   3.81556176870888317337768117942202999      
   3.73620641950624853830889042963618627      
   3.66130313672994891920906157836072261      
   3.59041973596087468923384272246384577      
   3.52317610223090242177889956166135449      
   3.45923600215613416794636668533781891      
   3.39830046636731346942750750187976012      
   3.34010240490250393814757633625009541      
   3.28440219596170825873139875496081335      
   3.23098404671759694778549859327136907      
   3.17965296923813221006594111485434160      
   3.13023224856968914473195709375361787      
   3.08256130639409692036308017767941897      
   3.03649388413178151057487798213383305      
   2.99189648543533997549820197218588773      
   2.94864703055017842875213224722568206      
   2.90663368489553186985865398703646781      
   2.86575383197568604082180294200845416      
   2.82591316679585654626313290308603838      
