   18.1387783877839539003829218441969781      
   12.8436843854954405934523349687515905      
   10.4906341376302878299526523435179901      
   9.08610275484178583441355468567836892      
   8.12646819094396468938305708174204999      
   7.41671712266125692065499617448961022      
   6.86318819558962470379130978554235217      
   6.41455504427293484182712575507635909      
   6.04007455559960711295380077190162852      
   5.72009893355244589962140903874604801      
   5.44141318766464526208076252253686219      
   5.19474038919287325505227690905707449      
   4.97332706845775377946222970690939434      
   4.77210952160568075070492439346839516      
   4.58720717200173840157119143266319163      
   4.41560342097399312760912583842378611      
   4.25493424503693735841009692819725414      
   4.10333911223971647541097117599854397      
   3.95934920572147372330802544116733125      
   3.82179981505654921674630368501454186      
   3.68976018008815230459612941789997660      
   3.56247716878185602156102688525410928      
