  0.238188517906989265674369409605447395      
   8.82686805767012695012169228508386473E-0005
   7.93689997256879501848531605913718127E-0005
   7.18833208927384149803171067325801872E-0005
   6.56332715728285097222463121298983255E-0005
   6.04590551802966804280043134555749470E-0005
   5.62131080538642471401033752140308572E-0005
   5.27650061107692665588616955710240929E-0005
   4.99894323238291974075906124997789451E-0005
   4.77738566578853797729061888517731637E-0005
   4.60169797001392254595919766922235163E-0005
   4.46426305126096136937059199309409066E-0005
   4.35681551123694145542554530885192041E-0005
   4.27336299876784297061282920832651575E-0005
   4.20882365006862621133718646663775362E-0005
   4.15938222658313477027273617467104012E-0005
   4.12115117232269265065475281613235563E-0005
   4.09203822841017865566298762067121732E-0005
   4.06972195795125477241699099241462940E-0005
   4.05302162844640122807267621243204306E-0005
   4.04011073893286443860277333091005314E-0005
   4.02987362973510541167729747315459332E-0005
   4.02238431235830368060492328351304149E-0005
   4.01659740055497955812971569113832589E-0005
   4.01216757864850361628909454597626176E-0005
   4.00900034449591344839760836594412748E-0005
   4.00663722209931024828808972994140776E-0005
   4.00459461336532601260410263272083559E-0005
   4.00271614640237462855698836846181981E-0005
   4.00148983384190247602594586523642750E-0005
   4.00052403350663734100666410885196580E-0005
   4.00011986937168564752581559438608775E-0005
   3.99914571683232372782834325229724467E-0005
   3.99886064067529070982043535722506967E-0005
   3.99818715810547798041372461422787306E-0005
   3.99810587435278510677940011492650130E-0005
   3.99770542353187720603844837359440825E-0005
   3.99708557463626699178309244045632427E-0005
   3.99675283550748658827398800657696260E-0005
   3.99642383087888047393405841817479782E-0005
   3.99621782156099690581742101792607390E-0005
   3.99605465206074656396906358963089744E-0005
   3.99570771118114412462811414237120879E-0005
   3.99514614822893089977688677616722149E-0005
   3.99464468304156655610985114268257372E-0005
   3.99429998073985853202105430591111644E-0005
   3.99360807645162166396966946400302026E-0005
   3.99311833657594852005374143855311459E-0005
   3.99259370903902834068529935921516983E-0005
   3.99222452558500150595945282251367800E-0005
   3.99121989553520080177620578476803107E-0005
   3.99041423665973012695081748343561597E-0005
   3.98962028255066188607108109960166123E-0005
   3.98859376556034702135624912031317376E-0005
   3.98757690793617277205530288392213019E-0005
   3.98653587070076818921133908385614218E-0005
   3.98566902146830121784661761048872566E-0005
   3.98394988396782568351416728359594749E-0005
   3.98251095386357664989183571086182794E-0005
   3.98091800946017457362601012263691671E-0005
   3.97918203557524545572248493607194936E-0005
   3.97728360714298080896920407030696100E-0005
   3.97518824553042601547604560526810245E-0005
   3.97292763433274945017803703636185765E-0005
   3.97049270906316321485502413615643596E-0005
   3.96777784751038231864992838406271114E-0005
   3.96471269916012581003313583612796340E-0005
   3.96154011331495208204892833094209935E-0005
   3.95760421418254102660047767225675194E-0005
   3.95393605278677376752728763899386418E-0005
   3.94915054193927977390160419487242389E-0005
   3.94422450495611109918317095839094257E-0005
   3.93880047958983075667168306474785830E-0005
   3.93272227921442475686766358071933884E-0005
   3.92609515534693337183530658194630745E-0005
   3.91880316787485446458993706492805768E-0005
   3.91040876272291188513840492243410899E-0005
   3.90121280743545461483011915995745756E-0005
   3.89088366613934666366248935215842262E-0005
   3.87923663031618163454623631474019848E-0005
   3.86618831626996320214931162949727913E-0005
   3.85140992071267710617867191526829279E-0005
   3.83378668613904084128190901669661643E-0005
   3.81398751709457595562064122897944636E-0005
   3.79133559173982754374503832288097739E-0005
   3.76456401297734433272201632110989431E-0005
   3.72990352531186217576758211280609181E-0005
   3.68957834943446583002413443274755078E-0005
   3.64516966264387239707425217688600168E-0005
   3.59650979975859550427248553468524710E-0005
   3.54242333142682384734152260712160999E-0005
   3.48289273708351109299820341560697047E-0005
   3.41654413959317970362988873332682191E-0005
   3.34368853703276230517357814382963588E-0005
