   6.73624386847786386689317954537803723      
   7.17541638669719149987401625769093047      
   7.18474298956358085228726070582565444      
   7.19408116236650371876308215261154200      
   7.20343107259344305113299926841298466      
   7.21279288314429040917579148847468133      
   7.22216675512612948553664551370984882      
   7.23155284591759961935649931835774700      
   7.24095130446931245507365307745170328      
   7.25036227469691150118793797099936135      
   7.25978591214907828106790695885762194      
   7.26922236923486334289287083328974310      
   7.27867179508992884750414149315089570      
   7.28813434863812940017359972419785091      
   7.29761019068724464551836834701619253      
   7.30709948769742214204688073078892463      
   7.31660241538376988853573454534098496      
   7.32611915321199781558881041132496978      
   7.33564989233338498674596421758974848      
   7.34519483659122054926374042192580030      
   7.35475419963836498738953449427847710      
   7.36432820842753243635786555903248200      
   7.37391710612480261826939128363938839      
   7.38352115326919674136958517570065648      
   7.39314062697204162623380980804810174      
   7.40277582753656832742488788272452582      
   7.41242707514129942474558090804657079      
   7.42209471834043210837952724026332028      
   7.43177912970966556915666054105289217      
   7.44148071531921501764822481122185099      
   7.45119991045833578958120302529285296      
   7.46093718918893837616270582774394976      
   7.47069306397413407062127465344670192      
   7.48046809154819506718135238197912877      
   7.49026287436149578404863016779136480      
   7.50007806795405464403441358605106675      
   7.50991438319694853255323533682349981      
   7.51977259347847874130205479970079750      
   7.52965353802380890489465969023387769      
   7.53955813137284388684689411315238772      
   7.54948736771978098793877850077852109      
   7.55944232853181786847319373961528943      
   7.56942419082268751996968278397639273      
   7.57943423684800282398966588042280234      
   7.58947386162108476644957795713028586      
   7.59954458578136745248772497312513347      
   7.60964806463923924028516449579365310      
   7.61978610203477599249668886025592907      
   7.62996066320189502281369463143967708      
   7.64017388958215547499090848522853286      
   7.65042811472476334823354616451522928      
   7.66072588205326316997178593520252818      
   7.67106996337005878217633825273501646      
   7.68146337986816165655519186859663648      
   7.69190942478513681543202688427649914      
   7.70241168760557489264012530228803433      
   7.71297408131560153002178965602534172      
   7.72360087082198020683303070258334051      
   7.73429670538059016482079858110938422      
   7.74506665302909822090287193899873385      
   7.75591623781677668131788544050554790      
   7.76685148115034260679428585136531903      
   7.77787894643834927709540819170331885      
   7.78900578773273041102166978347034478      
   7.80023980261067456244305584126886173      
   7.81158949040889710118894911706306723      
   7.82306411488640173401054249817297930      
   7.83467377380684853176488660825482894      
   7.84642947397083696560417647432167502      
   7.85834321402773360961042050510486989      
   7.87042807532053162231180964698222108      
   7.88269832163648234345673989852600468      
   7.89516950947861868323092945928876809      
   7.90785861007698480578066359311579178      
   7.92078414518152121365131487646459314      
   7.93396633875751434987778322028743702      
   7.94742728758854664197818608497766082      
   7.96119115444591716141321297619103287      
   7.97528438843650274131963401214925597      
   7.98973597823067168666293979562182045      
   8.00457774615492887918642869026717359      
   8.01984469268722726759991436568514119      
   8.03557540393651031027525531137923630      
   8.05181253844601513903933477792988628      
   8.06860341441057414787779396358535547      
   8.08600072401491928349874890849043195      
   8.10406340965931636760145338323626646      
   8.12285774608778079835796353483784454      
   8.14245868374539613573161280976967366      
   8.16295152395507583099820605622301272      
   8.18443401132166171097821394699264113      
   8.20701894966338845596651998302432504      
   8.23083746740411899263103781662774796      
   8.25604308141308176330649179331197814      
