  0.802247971646393160728691525637781905      
   3.16682268521101196404602379796063236E-0004
   2.85122932183905135901497787843270078E-0004
   2.58567222361397979113933242933304365E-0004
   2.36392373921838403399351635523005039E-0004
   2.18039321463035920114990835023944199E-0004
   2.02990220094465622688804092867275915E-0004
   1.90786465052596512122442447035557873E-0004
   1.80985522597455720226700588122591348E-0004
   1.73188884014555016141312992091301971E-0004
   1.67036710473360432831885540998936713E-0004
   1.62258604171874328932229278694595588E-0004
   1.58559150890253173656929357640729648E-0004
   1.55724218277595782995607470873884537E-0004
   1.53571771797731461782980418447413102E-0004
   1.51965098685016935523835537114980359E-0004
   1.50764123107889339665622536468640030E-0004
   1.49893798204157508775666345160945965E-0004
   1.49270277213359674067782615848134726E-0004
   1.48851167689285233382856902668760649E-0004
   1.48570107120852713749113628716483022E-0004
   1.48386560239282430211017695027330416E-0004
   1.48303642441534734027117227773450875E-0004
   1.48283159355818802192781479338844475E-0004
   1.48312595639631480787834393588386385E-0004
   1.48388654214100615927869993507912105E-0004
   1.48494531126789255789412367706967624E-0004
   1.48612402644766654949650836130045775E-0004
   1.48736511594925330163790748573664579E-0004
   1.48885047155402036410934305310680740E-0004
   1.49043521601255382406736693253679853E-0004
   1.49223215473044038319090823233792387E-0004
   1.49381950842805536519015054397873728E-0004
   1.49566747125597422622621819238769289E-0004
   1.49737364175531788471049624337976760E-0004
   1.49930530907957964382439880476913847E-0004
   1.50112127299832467526813556346509624E-0004
   1.50285872789689884716348080901654436E-0004
   1.50470820642428183615164211501548956E-0004
   1.50656348952575371740095500559215641E-0004
   1.50846979812657039860082181961179123E-0004
   1.51039723419572466351548175353167395E-0004
   1.51226033042356523381358874700757667E-0004
   1.51404737485488924216983950381324958E-0004
   1.51586257042038061570517124104142362E-0004
   1.51774303963091061005545622716217899E-0004
   1.51949759849488588888374427771163980E-0004
   1.52133538024108177269420615975876353E-0004
   1.52316664720575692845716224327285111E-0004
   1.52506447908620181604096900918142625E-0004
   1.52672704504256665927842311776627524E-0004
   1.52847348114465049612061574342386816E-0004
   1.53023281573631747215577573833228838E-0004
   1.53191184736611306149571699971281322E-0004
   1.53360402001049105853258417214524082E-0004
   1.53529702417722319061824358061132675E-0004
   1.53706809296437615488437706655398016E-0004
   1.53852193965625127254173345562563989E-0004
   1.54009606748045862015524689779563394E-0004
   1.54162376617564871266923988487268442E-0004
   1.54311012814734304813376912124921402E-0004
   1.54454855375467189301775483811520765E-0004
   1.54592664815201500009641157640614319E-0004
   1.54725781690305451247608921767455775E-0004
   1.54853976326049853691624637702750318E-0004
   1.54973258669446690231281675363420277E-0004
   1.55081008213169931877922799742794342E-0004
   1.55186872148362329949681772528321125E-0004
   1.55265311762365414897544722253060071E-0004
   1.55356932745582731719569148821240143E-0004
   1.55407526494731000538780987753319532E-0004
   1.55455659426875111981273057949490456E-0004
   1.55487487251886960577976543492290381E-0004
   1.55497058683636863553238606128437697E-0004
   1.55488761294729856917568044440366036E-0004
   1.55458262110677039763586457021305586E-0004
   1.55388446532447181410541061471077011E-0004
   1.55291504470831322233572556182617976E-0004
   1.55154518798918585328264753475686539E-0004
   1.54970382366537559887983023289817004E-0004
   1.54736024794293706993633252615508106E-0004
   1.54438547059952491316577591413921673E-0004
   1.54033409995390691905912755364388018E-0004
   1.53547562558093460919954175710504537E-0004
   1.52953916503441535495648909968070232E-0004
   1.52201336672676581338731588641687789E-0004
   1.51136873405195770080508306474851250E-0004
   1.49849600377507598099507372556383760E-0004
   1.48403216866599374584610588093017331E-0004
   1.46790675754293958948198355333080841E-0004
   1.44963649981145421018418631829050001E-0004
   1.42920833464446806854193968569619353E-0004
   1.40605097566017560091363578567372767E-0004
   1.38028183062847831283855638380752060E-0004
