 0.60175952840444E-03
 0.34169692313402E-01
 0.36631625479898E-01
 0.39270658586811E-01
 0.42099541231197E-01
 0.45131940919715E-01
 0.48382509954484E-01
 0.51866955530148E-01
 0.55602113371470E-01
 0.59606029388711E-01
 0.63898053692199E-01
 0.68498928024838E-01
 0.73430884843977E-01
 0.78717760826256E-01
 0.84385107872319E-01
 0.90460318041896E-01
 0.96972757895114E-01
 0.10395390620438E+00
 0.11143751075780E+00
 0.11945975215666E+00
 0.12805941575731E+00
 0.13727808097659E+00
 0.14716032415905E+00
 0.15775393446904E+00
 0.16911014270448E+00
 0.18128387505579E+00
 0.19433401317998E+00
 0.20832368796817E+00
 0.22332057685438E+00
 0.23939724231900E+00
 0.25663147323636E+00
 0.27510667315208E+00
 0.29491225947568E+00
 0.31614410236295E+00
 0.33890498568465E+00
 0.36330511359299E+00
 0.38946264128955E+00
 0.41750425524573E+00
 0.44756578396996E+00
 0.47979286947504E+00
 0.51434167091849E+00
 0.55137962689486E+00
 0.59108627341100E+00
 0.63365412468210E+00
 0.67928960583940E+00
 0.72821407260675E+00
 0.78066488429714E+00
 0.83689657243125E+00
 0.89718208466290E+00
 0.96181412306817E+00
 0.10311065787883E+01
 0.11053960742481E+01
 0.11850436124464E+01
 0.12704363520031E+01
 0.13619895106751E+01
 0.14601484038442E+01
 0.15653906389285E+01
 0.16782284587290E+01
 0.17992112684571E+01
 0.19289283391714E+01
 0.20680117038100E+01
 0.22171392713227E+01
 0.23770381622005E+01
 0.25484882843830E+01
 0.27323261640930E+01
 0.29294490587911E+01
 0.31408193511199E+01
 0.33674692712979E+01
 0.36105059375457E+01
 0.38711167598484E+01
 0.41505752212725E+01
 0.44502470577758E+01
 0.47715968686335E+01
 0.51161951796644E+01
 0.54857259920815E+01
 0.58819948452927E+01
 0.63069374312549E+01
 0.67626288009480E+01
 0.72512932089107E+01
 0.77753146457271E+01
 0.83372481347153E+01
 0.89398318714416E+01
 0.95860003131324E+01
 0.10278898359546E+02
 0.11021896814194E+02
 0.11818609365895E+02
 0.12672911427877E+02
 0.13588961281023E+02
 0.14571224115328E+02
 0.15624499807695E+02
 0.16753955514903E+02
 0.17965164602909E+02
 0.19264153932098E+02
 0.20657462279153E+02
