   7.07670513887904720659659047957260678      
   7.14116015410643200884967811916526488      
   7.14898754831805677444259941356427328      
   7.15691124145916315840771630807792204      
   7.16492591911945957301629828895653651      
   7.17302654636241362571626118703203565      
   7.18120835228675943059142081800428829      
   7.18946681695456929851409334987330431      
   7.19779766032983273447705994031585252      
   7.20619682831897762008021278658297211      
   7.21466047908397305797090286506837484      
   7.22318497405489609958162487678201758      
   7.23176686184254062342747888097120723      
   7.24040286886980870587136971428015529      
   7.24908988795345277176844376079501465      
   7.25782496549345552426091426217388488      
   7.26660529199064668982280767384947891      
   7.27542819063320064006015696692526795      
   7.28429110724489946085653150280510610      
   7.29319160030866479054048649415035633      
   7.30212733083457028753799533162529571      
   7.31109605300852159225264122078729798      
   7.32009560468346131979618844920690085      
   7.32912389848568513571531003826946043      
   7.33817891221227013335941652289609077      
   7.34725868057490536861633826312938616      
   7.35636128609250911258142443418774946      
   7.36548485016863381487113221030568669      
   7.37462752473146067878484411974515138      
   7.38378748347289648278516976133630127      
   7.39296291280500527113999630987812195      
   7.40215200324314266901198481795487505      
   7.41135294049288862587881410922015669      
   7.42056389616676973542515221660494076      
   7.42978301851876992244443230507487604      
   7.43900842266299600368531550741983475      
   7.44823818103440532252795581077126572      
   7.45747031256243164469702521800404334      
   7.46670277236823023050881121631249903      
   7.47593344028290754745171223738813454      
   7.48516010919997732577694244733112248      
   7.49438047266955131081550358291964910      
   7.50359211181487084693582077324032747      
   7.51279248146257239505065174604156082      
   7.52197889553534741543663356261964961      
   7.53114851130901163028942408537022385      
   7.54029831284387036449574663349129260      
   7.54942509318133541418364218384462206      
   7.55852543530158765571566380173685177      
   7.56759569180267759417709683759869480      
   7.57663196307407989155013583387726293      
   7.58563007384057581860659129148209717      
   7.59458554802543894274304378024942726      
   7.60349358169809801677005855680910151      
   7.61234901396887406841339145915718888      
   7.62114629568239718423936116137384058      
   7.62987945569829907010448656713171233      
   7.63854206459834893081549307511013120      
   7.64712719551467361057344616653976958      
   7.65562738204519094120951061089525531      
   7.66403457277679067389405079261217794      
   7.67234008240400452787390464223881061      
   7.68053453899245185777118389896810525      
   7.68860782727152018780457132521286810      
   7.69654902756535258681771805007182291      
   7.70434635017253863562767881925224087      
   7.71198706487177281630770312145876879      
   7.71945742536183515360624863387233004      
   7.72674258836722797243401654430934308      
   7.73382652725283010584669905740113827      
   7.74069194005560291337649882791981092      
   7.74732015188116508749410340311108951      
   7.75369101171550723445831536750006183      
   7.75978278382099399249928028971120608      
   7.76557203391273744326825970976550086      
   7.77103351033714155768303033588888172      
   7.77614002030135786317346420114807512      
   7.78086230085081136226110326258744194      
   7.78516888345986352910078128276150293      
   7.78902594976280668855177837470215860      
   7.79239717377174529888122140725358193      
   7.79524354281432545562908265453617455      
   7.79752314524706276074332321871916759      
   7.79919090788534831842775300557008080      
   7.80019826030103228933238062859079939      
   7.80049269702515657644619715641945133      
   7.80001720200025532116316669579542863      
   7.79870949047710166733109636679481876      
   7.79650100567059851418843899987282072      
   7.79331556525383252008222693144353892      
   7.78906744869706136890202058846393676      
   7.78365845733081489301435829460440693      
   7.77697281346415241803182514959141099      
   7.76886695888727490326117277634474722      
   7.75914618383712105458304523206968350      
   7.74750703048670920403516609400157268      
   7.73342993902077991259348094598634188      
   7.71636385538862858522102498673662087      
   7.69672085037112865216898399057573101      
   7.67527100999819210585362688385095184      
