  0.354783224166750220019786736816072979      
   4.34062681159033479311588527428346711      
   4.49877800935119804210383362748868494      
   4.66276603679376271749425152481287678      
   4.83280753874755428000232779376513583      
   5.00912718988468410436584268775139131      
   5.19195795005536977747553990294254955      
   5.38154137898609175939665430684667558      
   5.57812800947806264284599754344824459      
   5.78197766616355968771412940299285741      
   5.99335979515052615561016727997702451      
   6.21255391916640707211397960156958718      
   6.43984992428909371289002496365122766      
   6.67554852131013851428444675440429314      
   6.91996166701974404312466249971094788      
   7.17341295221897652648474951350925616      
   7.43623808968939510365289462194794124      
   7.70878535702431644129847071753537914      
   7.99141608733467313913038051521067450      
   8.28450517307042971814378900493170256      
   8.58844157484122328649177079318991750      
   8.90362886678197643630708946826307530      
   9.23048578942030727402214827855423812      
   9.56944683806055214128258736571454936      
   9.92096283960814095681282185124126761      
   10.2855015956600805589825868184943836      
   10.6635485118691431269177125818365686      
   11.0556072516698485902007298132652690      
   11.4622004342360818964838926778562495      
   11.8838703389138862277146476227824215      
   12.3211796195423987227450182487035326      
   12.7747120633410396510615991842241369      
   13.2450733644842439380129065685633670      
   13.7328919082386079774225286053407855      
   14.2388195865741915349980284245434921      
   14.7635326190000906853871357706526197      
   15.3077324224926665112914531490907274      
   15.8721464445525940944926872142799704      
   16.4575290644223153314508757440422585      
   17.0646624638456274280043349851954702      
   17.6943575280107543089831119539109607      
   18.3474547408949736690914263795782395      
   19.0248250791193335553812062934155684      
   19.7273708960927410193887135375948086      
   20.4560267997480064543029922594761825      
   21.2117604915527082791723647856766666      
   21.9955735885362869615868340364694087      
   22.8085023932742847947977107097823048      
   23.6516186062357995316499441807816572      
   24.5260299729139802175666986610292738      
   25.4328808395689702873847836927572560      
   26.3733525977562741987869486773112720      
   27.3486640045878879632559413140762262      
   28.3600713451435020292988380565696080      
   29.4088684103979098057328037262606908      
   30.4963862612719301954295319705516145      
   31.6239927394333094041195156938357702      
   32.7930916890284893003641048533841288      
   34.0051218304654277640764399226059676      
   35.2615552628677714798504408328206578      
   36.5638955041007512580532067473635436      
   37.9136750423124592176808320925577914      
   39.3124523016564498064861470472005694      
   40.7618079741391916673496782018449330      
   42.2633406173880209151736251699575691      
   43.8186614476641486852935175106339494      
   45.4293882247021425945937283277659165      
   47.0971381433249966743946211924842434      
   48.8235196182541194663336522011550214      
   50.6101228585077128182166916275114727      
   52.4585091297421912048427136750669967      
   54.3701985944804411639294604086183037      
   56.3466566285649489200315506772145863      
   58.3892785405752654992135655747059211      
   60.4993726386047333447558097439497307      
   62.6781416561382640104894346951582064      
   64.9266626213545812593657306262599704      
   67.2458654233648037536014797295114737      
   69.6365105149731591702725029821476142      
   72.0991665383709345537397913302494062      
   74.6341890874163493470301849391133887      
   77.2417024358225480928602757470285836      
   79.9215868172719836805034718822153168      
   82.6734747429564319442704149515088097      
   85.4967608510185296915183344509779661      
   88.3906308249079548066699872521586623      
   91.3541160933131690716696729757614883      
   94.3861826183463860991710922668613268      
   97.4858651761475193807977934589110061      
   100.652465641149985794961922868845133      
   103.885850810977178030579925260156167      
   107.186926447775413087942398562306312      
   110.558466203355985107174966386622611      
   114.006738605001867622637265329325612      
   117.545076729408783598591267242768958      
   121.202017166777180527751468969926134      
   125.032837866009566635838631828704668      
   129.069086119445517739691570835490614      
   133.146609359271499064932807580790095      
   137.071248328593889331982035201163619      
