   2.15285974111312228464256321572642250E-0003
   3.44824418867893188574380525305566760E-0002
   3.57897157301938317948369510649298237E-0002
   3.71422397658253602269095401201096428E-0002
   3.85415997077737273481153407299743004E-0002
   3.99894416523447436080088048352116048E-0002
   4.14874738085251421232128203891440563E-0002
   4.30374686970169351943034081723536067E-0002
   4.46412658053358492774818821379388203E-0002
   4.63007737754344294902095776734760654E-0002
   4.80179726628181019627273902580198762E-0002
   4.97949171961027116660118458987213740E-0002
   5.16337386491516750929668380561799917E-0002
   5.35366481145891861286499131726973241E-0002
   5.55059394325117446036757770410030551E-0002
   5.75439918361914921888728934531547600E-0002
   5.96532733890780198365904577158880727E-0002
   6.18363440434664522663255363846584839E-0002
   6.40958590713075684356635757038458119E-0002
   6.64345725875936333565469375503040284E-0002
   6.88553411031983309398184227219748300E-0002
   7.13611273601580208668936093639567136E-0002
   7.39550042184848960584592067626547791E-0002
   7.66401588187933559013223882766359424E-0002
   7.94198966487879642525678960498916500E-0002
   8.22976461323298107811756384115526236E-0002
   8.52769631088924157704744894029653416E-0002
   8.83615355085041538817495584977862544E-0002
   9.15551883805577849993467420656271773E-0002
   9.48618889817677542605061377223662838E-0002
   9.82857519550421077117994218998377559E-0002
  0.101831044875412427399398173844687634      
  0.105502193932899111417625700717475424      
  0.109303789726421914088508004170179909      
  0.113240593338710389503389827471775985      
  0.117317542494911874145377329019523821      
  0.121539758154704498908455596038802942      
  0.125912550879667467206987685990186615      
  0.130441427803317543816807615465358055      
  0.135132099450991867128826534095743245      
  0.139990486894934716242633381129946990      
  0.145022728984030753807475956765673629      
  0.150235189699433700080990365356720285      
  0.155634465594538125830510014662841986      
  0.161227393369335508007141410280432991      
  0.167021057358840310187397310051411798      
  0.173022797134659634671068059195461490      
  0.179240214986494148205886645165559062      
  0.185681183281938523174332565300050625      
  0.192353851692676181875969963819672207      
  0.199266654139080289455401377380714993      
  0.206428315360936896246655300154205641      
  0.213847857081152145026341307289540754      
  0.221534603581252939106421234131863455      
  0.229498186570246350548231050263299447      
  0.237748549217941911168114995407257267      
  0.246295949159806777124699567809227547      
  0.255150960320582691237259874800851030      
  0.264324473243551653817668800582860216      
  0.273827693897497316965476983388982616      
  0.283672140437780344177233429541380886      
  0.293869637910165096512570438454775226      
  0.304432310367252280408362056869759880      
  0.315372570263265040084361959644617764      
  0.326703104622951289419394340392358676      
  0.338436857729936903892129808218959280      
  0.350587009859987602167885701069629936      
  0.363166951752327266504731418229166438      
  0.376190254326257141311599089518219655      
  0.389670633255602390149312254390724337      
  0.403621908057930176338638753424394888      
  0.418057955320580117251596821779822424      
  0.432992655776062398460164172832183595      
  0.448439835179901703423909499116260618      
  0.464413199102851940887570103096293706      
  0.480926262287165482253810575825456206      
  0.497992273802820342040719467805427894      
  0.515624140579696875083821264290685060      
  0.533834353399418269574917754090611416      
  0.552634922229542053138191956032289429      
  0.572037331304148611962159599483488451      
  0.592052529476890197739238577853887536      
  0.612690977800663159147752889074249881      
  0.633962784107635098731435757820002858      
  0.655877963399026032064130433031788605      
  0.678446872613966419001160904096991583      
  0.701680879760246520692033349534950463      
  0.725593343019360522186804594409919079      
  0.750201004582266994486028453759757714      
  0.775525968281595570320238344387895006      
  0.801598580954357306470305473765828926      
  0.828461899478092616257778072647760776      
  0.856179323871789965357228049182142652      
  0.884849321661598160074978297303097545      
  0.914637469016994734994639732153008237      
  0.945849917139760338373995581939220133      
  0.979044097890138400688650359206258966      
   1.01462047230039597222286212906403812      
   1.05132277075307484068327008672977959      
   1.08757873840427931641438091351547161      
