   55.7497640000000000000000000000000000      
   55.7493892033039421049186341597939550      
   55.7493539070935557732107007373035563      
   55.7493152868878388003080144172685524      
   55.7492730296519118836121923928828893      
   55.7492267928710601874556698598653086      
   55.7491762017744909480275016461407351      
   55.7491208462976404393510135852249266      
   55.7490602777584083736660920100907461      
   55.7489940052203790572634563580256021      
   55.7489214915135515036753615546792711      
   55.7488421488803246556063212964461081      
   55.7487553342114463838972567538109575      
   55.7486603438333113959320036101727763      
   55.7485564078043566583993500660864728      
   55.7484426836743239444559306270935167      
   55.7483182496558054014759064057205677      
   55.7481820971527243138298026955120719      
   55.7480331225851908933083439060358223      
   55.7478701184444697194226550453052541      
   55.7476917635055551456749503689538505      
   55.7474966121180230053960046364638642      
   55.7472830824883559478869928364432211      
   55.7470494438587651564017961111937281      
   55.7467938024785867851634918237981979      
   55.7465140862545447044525096973434837      
   55.7462080279554627346502831275556302      
   55.7458731468352926853010786524960352      
   55.7455067285255042230817382320410827      
   55.7451058030338549585638417350488450      
   55.7446671206712104652630486495258234      
   55.7441871257112898174758020204657279      
   55.7436619275698365315288330763921888      
   55.7430872692696085746305259034962131      
   55.7424584929355813961692073601487421      
   55.7417705020406864200902397846087932      
   55.7410177200960690029735311050867971      
   55.7401940454510310252659805538271438      
   55.7392928018362904526088533815384252      
   55.7383066842496877919586499898441465      
   55.7372276997457177149996685595007259      
   55.7360471026489572343414361836454788      
   55.7347553236662648844933692432380707      
   55.7333418923231720372700982801201341      
   55.7317953520957769277338559560009435      
   55.7301031675502455906121054108282533      
   55.7282516227372418128939415834843572      
   55.7262257100177253067526822002296860      
   55.7240090084189990589049551272783314      
   55.7215835505350245720251529025044982      
   55.7189296768921696326307891071364529      
   55.7160258765999546920645254647929188      
   55.7128486129951974289452820070109149      
   55.7093721328663195159789740508172225      
   55.7055682577114891281687036294366073      
   55.7014061553386485424405472894413256      
   55.6968520899561379381742872473794417      
   55.6918691487282827029331785471240683      
   55.6864169425795490395188866965523194      
   55.6804512788221452397452452993356265      
   55.6739238029535618033131375524886941      
   55.6667816067206514759360695519397018      
   55.6589667992734247667135617485595961      
   55.6504160379325613386550082522143804      
   55.6410600147672878931928423622903496      
   55.6308228948220954660606877891918828      
   55.6196217014388602197861958832830241      
   55.6073656436921152523790804200205872      
   55.5939553804860208832128485711729142      
   55.5792822153481942390853099686091247      
   55.5632272153938245065307894047060826      
   55.5456602473188648194325746741777653      
   55.5264389226085735057050971324372463      
   55.5054074434118252475084706282159580      
   55.4823953397264621891937427093283883      
   55.4572160876599800333921749916910389      
   55.4296655975659039828749245658508188      
   55.3995205598014908267739232095246183      
   55.3665366346983475459114091593486597      
   55.3304464720748294399013597021630305      
   55.2909575442374369608208735692296731      
   55.2477497749066713035011655760488225      
   55.2004729448486808340897115213915179      
   55.1487438531841261535563087269068197      
   55.0921432113653408682241781350142152      
   55.0302122446460163038420824616576113      
   54.9624489734967281271614662017053492      
   54.8883041448254337897837478717512762      
   54.8071767800235747643398146578382885      
   54.7184093037526093701424161552681658      
   54.6212822139875065525201438347916370      
   54.5150082501154035088946130437085842      
   54.3987260118191317573387129896362637      
   54.2714929770236700331237065503989722      
   54.1322778623127055953754457436832652      
   53.9799522638928973885971086152466156      
   53.8132815113519362211730696135677838      
   53.6309146600758216666296723961321238      
   53.4313735412092043964337041116855406      
   53.2130407804035872083353276756050398      
