   1.21797918623285582059747406071763679      
   1.19609182371188218214332368001321691      
   1.19347406649969731635814460964050156      
   1.19083284684375572331265952587094315      
   1.18817020846067303983806275093436599      
   1.18548808004575281343963219551077982      
   1.18278828149754317357423656956998866      
   1.18007252933600226362194414334563008      
   1.17734244143942093952236515732761641      
   1.17459954270751257423641816964598266      
   1.17184527058969933749376237576632545      
   1.16908097904071749864663140904712970      
   1.16630794474111536101028906061741648      
   1.16352737107876817363633864378529065      
   1.16074039274886365016710638341501621      
   1.15794808074202486926293548976739257      
   1.15515144620491348235546425919763261      
   1.15235144486322842126297168400320584      
   1.14954898094957523635983127613760741      
   1.14674491104957778448935964227138322      
   1.14394004793730569700541063073438302      
   1.14113516410498751444776085632474263      
   1.13833099528384023972483544431402620      
   1.13552824371435147693890602156749590      
   1.13272758157893625606862615560751815      
   1.12992965395855608384598439490850385      
   1.12713508199713056425007314021835654      
   1.12434446595042193991848314906172861      
   1.12155838800589540154896516943317242      
   1.11877741517006943409626383185960912      
   1.11600210218467642523872213245137853      
   1.11323299425637576216867176030807224      
   1.11047062982046422138461296683437340      
   1.10771554335891773342393080577126101      
   1.10496826815515841251092592558273808      
   1.10222933914464327127221926528666399      
   1.09949929563446312178108105063338724      
   1.09677868434468383048729300224446987      
   1.09406806223214618146964537931864833      
   1.09136799959924099414234032324315608      
   1.08867908318551327409440358007225922      
   1.08600191941433457840269172849784340      
   1.08333713776764858048346616006398795      
   1.08068539431720986364503016960183505      
   1.07804737539504894560258271907492878      
   1.07542380151421848353803527659658795      
   1.07281543144652180010520832441489595      
   1.07022306657081386124742250093501004      
   1.06764755548823615338798118434734088      
   1.06508979891130412508894821392492299      
   1.06255075488669934079377936012706332      
   1.06003144438184305544421016304154263      
   1.05753295724491448841650939340110548      
   1.05505645859965814501306757661657203      
   1.05260319570876362286971020526692581      
   1.05017450534300169614252342019373249      
   1.04777182171110912944635955950550898      
   1.04539668499186944701782604917347132      
   1.04305075055025988238659220951130006      
   1.04073579884600769667592679237929259      
   1.03845374616635672358787760539344189      
   1.03620665618860328066235358796713392      
   1.03399675249990050115637253035758663      
   1.03182643211330689958638362547555739      
   1.02969828009727707852587107515775419      
   1.02761508538562263679450572934049308      
   1.02557985787628025883824163803539885      
   1.02359584689865008947470884658001375      
   1.02166656115798768270399564112073139      
   1.01979579024517617597283589613070109      
   1.01798762779497748401382430659160349      
   1.01624649637948820710210804596515073      
   1.01457717421313598907137047021275695      
   1.01298482373386851455479422020676802      
   1.01147502214074439537938550983061625      
   1.01005379398703619614117439858212459      
   1.00872764600181895502350634317995846      
   1.00750360443605967501452716203033230      
   1.00638925547961080041268678774492874      
   1.00539278967930267123520636931724093      
   1.00452305189346117026528131471492829      
   1.00378959917009709827336559442214252      
   1.00320277007412511081436968323797622      
   1.00277377039152323074437166116075322      
   1.00251478175588550378881484997201911      
   1.00243910151136120019819335323704576      
   1.00256132414800715415278551643852617      
   1.00289757745228055615824080248182288      
   1.00346583179137682245672758200099690      
   1.00428631284479540157048239765669356      
   1.00538207655647814216423042950618419      
   1.00677987490926383027528820630360174      
   1.00851161939915924240657019328805362      
   1.01061723230059306340516037458776434      
   1.01315105145048251825871816827801364      
   1.01619747094797608571070362128867560      
   1.01990038791606218209517395163838263      
   1.02441675171610176968038058502644790      
   1.02965230631800942412308625827263071      
   1.03541542241848409114689699637324692      
