 0.26859175772073E-03
 0.26859428185392E-03
 0.26859851268368E-03
 0.26860447341881E-03
 0.26861220764162E-03
 0.26862191179145E-03
 0.26863432576402E-03
 0.26865126430430E-03
 0.26867596545046E-03
 0.26871309777559E-03
 0.26876851709473E-03
 0.26884894770781E-03
 0.26896170877646E-03
 0.26911451995711E-03
 0.26931536514963E-03
 0.26957237839586E-03
 0.26989372599096E-03
 0.27028747654305E-03
 0.27076146540091E-03
 0.27132316749395E-03
 0.27197959336516E-03
 0.27273721926700E-03
 0.27360195631563E-03
 0.27457915802749E-03
 0.27567366135766E-03
 0.27688985403132E-03
 0.27823176033917E-03
 0.27970313818451E-03
 0.28130758151884E-03
 0.28304862394498E-03
 0.28492984090500E-03
 0.28695494933958E-03
 0.28912790493785E-03
 0.29145299809752E-03
 0.29393495053748E-03
 0.29657901520946E-03
 0.29939108282865E-03
 0.30237779907290E-03
 0.30554669737658E-03
 0.30890635339404E-03
 0.31246656876768E-03
 0.31623859401312E-03
 0.32023540341710E-03
 0.32447203927071E-03
 0.32896604920265E-03
 0.33373804990938E-03
 0.33881246493140E-03
 0.34421850623209E-03
 0.34999150418970E-03
 0.35617474716143E-03
 0.36282208646462E-03
 0.37000172706198E-03
 0.37780192204709E-03
 0.38633985513371E-03
 0.39577613375336E-03
 0.40633975914627E-03
 0.41837409332695E-03
 0.43242852467244E-03
 0.44945867284310E-03
 0.47129979549559E-03
 0.50182048094281E-03
 0.55093410578410E-03
 0.67081339786780E-03
 0.96007295672665E+01
 0.22316313779786E+02
 0.32645573629708E+02
 0.41941610886406E+02
 0.50752053731701E+02
 0.59437691443533E+02
 0.68336759841627E+02
 0.77847999568267E+02
 0.88406519362335E+02
 0.10030670134493E+03
 0.11352011408181E+03
 0.12765938497820E+03
 0.14202678933986E+03
 0.15565696819749E+03
 0.16731748303990E+03
 0.17519235262660E+03
 0.17736978588952E+03
 0.17938776006551E+03
 0.18149520485886E+03
 0.18367573437073E+03
 0.18591453806800E+03
 0.18819842130430E+03
 0.19051578299138E+03
 0.19285654409343E+03
 0.19521204137122E+03
 0.19757489979221E+03
 0.19993889496896E+03
 0.20229881449929E+03
 0.20465032459023E+03
 0.20698984612831E+03
 0.20931444254216E+03
 0.21162172042169E+03
 0.21390974288126E+03
 0.21617695501648E+03
 0.21842212043231E+03
 0.22064426764244E+03
 0.22284264509588E+03
 0.22501668362819E+03
 0.22716596522615E+03
 0.22929019711243E+03
 0.23138919027672E+03
 0.23346284170804E+03
 0.23551111968971E+03
 0.23753405162368E+03
 0.23953171393824E+03
 0.24150422370988E+03
 0.24345173169462E+03
 0.24537441651838E+03
 0.24727247982132E+03
 0.24914614218757E+03
 0.25099563972446E+03
 0.25282122117745E+03
 0.25462314549035E+03
 0.25640167973561E+03
 0.25815709735347E+03
 0.25988967664971E+03
 0.26159969951104E+03
 0.26328745030397E+03
 0.26495321492955E+03
 0.26659728001051E+03
 0.26821993219179E+03
 0.26982145753849E+03
 0.27140214101760E+03
 0.27296226605233E+03
 0.27450211414028E+03
 0.27602196452568E+03
 0.27752209392051E+03
 0.27900277626756E+03
 0.28046428254086E+03
 0.28190688057882E+03
 0.28333083494623E+03
 0.28473640682200E+03
 0.28612385390940E+03
 0.28749343036637E+03
 0.28884538675360E+03
 0.29017996999834E+03
 0.29149742337198E+03
