   25.5609701966351035855553402224603038      
   18.1244481185044911535557519904232204      
   14.8101904356950108029600220514110294      
   12.8299691460439285978696528439888977      
   11.4767685160484581703984073437341892      
   10.4768580555589693447452748261870293      
   9.69901067628743457540383882204698183      
   9.07138201943762541495203207413711690      
   8.55085921006059091705362900319401530      
   8.10976061317377766532186573948461032      
   7.72936378935558071268256731533513836      
   7.39647245078287804413845557237426091      
   7.10146780288929939909331199859207068      
   6.83714099656115839079703762984417710      
   6.59796262556843577444252432405899851      
   6.37960923784595524761979782296410551      
   6.17864698286629568947723317794113219      
   5.99231423710708105671885982855819224      
   5.81836807478472026020126832882230513      
   5.65497281024495369637774232803150591      
   5.50061688823258064014065715819252714      
   5.35404936842743284510827685297026798      
   5.21423035646339485669750332288731376      
   5.08029167973456635949077171966513172      
   4.95150532330437887499966102892040791      
   4.82725790183980051553493705259457178      
   4.70702992217980461766872542688323546      
   4.59037889912750112956876665387379652      
   4.47692559292568129038358699762713899      
   4.36634278209015308102345312719931604      
   4.25834609364997002066813743945541352      
   4.15268649770947022147422142064450525      
   4.04914414195061963943339708708604849      
   3.94752325829704879857794921075074024      
   3.84764792064985690576869405804760740      
   3.74935847104240328146746556549904807      
   3.65250846265584324919969357906441605      
   3.55696199272260923273002630957363841      
   3.46259131713260456073477533155867610      
   3.36927465181674534907851558861681076      
   3.27689407401540572864350310623409569      
   3.18533343913357076547042958877756301      
   3.09447622547610042151160946642730541      
   3.00420320846581803262468184352366501      
   2.91438984577395050502422049142060930      
   2.82490322125337084412581001104458180      
   2.73559834241898662272449123524773318      
   2.64631350243829325884106125039634840      
   2.55686428495573244494804226678063529      
   2.46703557568698105278789641644072824      
   2.37657058938997489802437756825424224      
   2.28515531247928320357127443726005987      
   2.19239567968812377588865488365698255      
   2.09778279279203489529401293351406545      
   2.00063756176224458437680207090274099      
   1.90001803658784384759606048465251739      
   1.79455494992119631717772204350295054      
   1.68214034446266325493921970089599414      
   1.55930304890587109886987208827028287      
   1.41996566892752737136785552954888684      
   1.25344212712646119739187089773664330      
   1.03888016079919824873996643636308824      
  0.695243630886554858033785871612587958      
   9.60072956795512048477626365739793516      
   22.3163137802852590583089312047418215      
   32.6455736301153333829551178688677045      
   41.9416108866969538511939993094703575      
   50.7520537318999476743845415707566670      
   59.4376914436737114799899116526353104      
   68.3367598417824586181269588401039566      
   77.8479995684372693855602520157326267      
   88.4065193625013774516942220747500590      
   100.306701345099476695516340973657027      
   113.520114082008209112548811270251594      
   127.659384978444394945640284083632590      
   142.026789340046173973001810469399288      
   155.656968197653319144621436794710527      
   167.317483040038120257957546056875433      
   175.192352626662622588667686944341307      
   177.369785889529227121658572702085621      
   179.387760065526155037695732595880582      
   181.495204858873660680393866427836696      
   183.675734370739142464021806980872522      
   185.914538068013513074597079560676098      
   188.198421304312026755000986688161065      
   190.515782991398077057371284907019795      
   192.856544093438473480789909159084364      
   195.212041371237802144510503602136006      
   197.574899792222592093081686816939776      
   199.938894968973167647327539475755373      
   202.298814499307706888900024710714253      
   204.650324590244538677519129116499373      
   206.989846128325342087156679767302216      
   209.314442542171776367905483421815267      
   211.621720421705633595335215392994488      
   213.909742881277425476089621990817989      
   216.176955016493201142929649557552932      
   218.422120432320982470357387116959307      
   220.644267642452454644851631226183266      
   222.842645095896181974070121776563626      
   225.016683628203573800299852940007265      
   227.165965226163825392915176833466161      
   229.290197112444743974822230278032438      
   231.389190276734115970251864997556454      
   233.462841708057185842005361059863206      
   235.511119689724140359787895921749045      
   237.534051623690785931399569224332554      
   239.531713938252632892825609949227524      
   241.504223709895665382977762887351003      
   243.451731694629552459990088569316723      
   245.374416518395682876399942127735347      
   247.272479821329456220417459572081290      
   249.146142187578003857641650854975418      
   250.995639724471469665374337529594172      
   252.821221177465950626360259124979520      
   254.623145490362805947240908864849945      
   256.401679735624087564288059551219481      
   258.157097353479410237999423825821762      
   259.889676649723161543405452784489157      
   261.599699511046864008098492256977751      
   263.287450303984728797461265726822621      
   264.953214929561672692470550685898709      
   266.597280010518664993772655691202265      
   268.219932191804533075575807349509470      
   269.821457538502562385215830755576987      
   271.402141017611109472946037023179087      
   272.962266052342755401423544211257371      
   274.502114140287264129095015694264598      
   276.021964525693988936683766021384920      
   277.522093920521805993621276677833912      
   279.002776267568532757656869415593114      
   280.464282540866236506088745324637589      
   281.906880578827893186631443182263269      
   283.330834946239733226408905865682035      
   284.736406822010302727526246943360515      
   286.123853909413941502509878368742836      
   287.493430366381294021648481600886390      
   288.845386753610578346242460407407937      
   290.179969998351355765753652886193179      
   291.497423371990851333174006929365070      
