   84.7290503831216973642201309025508515      
   84.7260941869651993494979470679433587      
   84.7211561688949209861019249828505471      
   84.7142273681834629695605013290050143      
   84.7052985605833709776014154711446111      
   84.6943607352592435158373851596698478      
   84.6814051835550827746735339635868443      
   84.6664217061412748293926466553174087      
   84.6493918665471561567330016540727795      
   84.6302740625450767667069245279106162      
   84.6089782622358558905318865582391616      
   84.5853294851009031886226715895079491      
   84.5590219224851109308792122035404622      
   84.5295705167269438270360815916001005      
   84.4962705775534235949611911898040952      
   84.4581752554147481490426524165936931      
   84.4140957033933847116425176724777958      
   84.3626225593512498667913489213984199      
   84.3021628094263910673973630975362658      
   84.2309842822293208764230259835920773      
   84.1472605848610920989894630764661858      
   84.0491112002701153902319109156726931      
   83.9346337344818176362742258179313566      
   83.8019272812299428946465732921301533      
   83.6491072727758568824018762266331295      
   83.4743129753408490217240242168868807      
   83.2757090805621021917627195563602000      
   83.0514828002620126799020866269558247      
   82.7998376443544441581465491715325632      
   82.5189847668783244284421425771960912      
   82.2071324756228198183083095680302536      
   81.8624742527992537422265176427288046      
   81.4831754384579384423346531353737541      
   81.0673585773569343599809567709556581      
   80.6130873143969687279352066394726196      
   80.1183486237810801299647217002775759      
   79.5810330652696514689267527028372126      
   78.9989126577096307085195448523417447      
   78.3696158385632010463704975935333925      
   77.6905988220195600094428918220559764      
   76.9591124651914696181831071590418206      
   76.1721634772788659767872300291223251      
   75.3264684349566556445696100937923609      
   74.4183985516580984764526552641830885      
   73.4439124240713238945929753963450487      
   72.3984729435019975060273503219735693      
   71.2769430492182243831219524171982130      
   70.0734527567612848287389182771320684      
   68.7812264834512316553396813280912796      
   67.3923543863415924525550871385804040      
   65.8974829473901509684251808502464598      
   64.2853860701101300391561125385543032      
   62.5423541396890782362935842575411137      
   60.6512962470812463414540430760496133      
   58.5903722394058745944123965942995326      
   56.3308169671386979821599038643592230      
   53.8332953168740309026158982922853996      
   51.0413909685610391476765568499175140      
   47.8689922027753550818198905550638066      
   44.1731831900500446322385424910656557      
   39.6878600037245381644944582036509404      
   33.8333814898282413863620260736290755      
   24.9254356547297877521856364387430060      
   3.89444368012768337061404779627452479E-0005
