   4.31788823558744481341575724264978754      
   4.25858541183056423408339901928060097      
   4.20018732683676676211288755974154583      
   4.14260913464624929899279051211130298      
   4.08576854382003706578699838320618168      
   4.02958524240066256178439195201334384      
   3.97398033653804508200327437163643247      
   3.91887579688176034326371865198606739      
   3.86419390628076565279673560841769777      
   3.80985670158222804229832907745500292      
   3.75578540134821605515270755676819444      
   3.70189981005817525393728369730157565      
   3.64811768776205385766524093298505424      
   3.59435407208995477958427781646340040      
   3.54052053686713330041005185895053398      
   3.48652436813565389289585172297267186      
   3.43226763387942166733496017940218713      
   3.37764611781935585071554762561427519      
   3.32254807977356736888327051484629911      
   3.26685279452849402921974452519269281      
   3.21042880688649753720031303147810341      
   3.15313182099469995745660563731718583      
   3.09480211491910720867547587160208553      
   3.03526133321305064064707417319864860      
   2.97430845551632998564312894966233093      
   2.91171465940392945269028346357366550      
   2.84721667668780285921108826112607513      
   2.78050806048998044527281182799252326      
   2.71122749442495911397656574188030075      
   2.63894281084456979047322944587365141      
   2.56312860309245161370167340074823660      
   2.48313394513662971077944091391656141      
   2.39813421488723810362162736713527602      
   2.30705615747871097625514848578710881      
   2.20845537339259680721477006740843826      
   2.10030353138681796948550286797642734      
   1.97958983057383413199083336828866188      
   1.84149703145608326881647785790282909      
   1.67744228641376562303591277927277498      
   1.46927004276877879301599274496961611      
   1.16299732282601305021628968762655346      
   1.63846698227030989141244931616573196      
   9.78862027209038479264758469059640002      
   16.1196537660490064191094801584001422      
   21.7332475954304776751537437109439859      
   26.8958005492796110891648941527437698      
   31.7313363395495818670883768947440727      
   36.3114555310665606064885879209548880      
   40.6825947301497290658892776039521091      
   44.8771446183333767300352180925293886      
   48.9188120201483103792780221314326400      
   52.8255021526468689113072906206722590      
   56.6109839380085871851968814725496716      
   60.2858899802816896297802361347334329      
   63.8583034119224572786623706915431579      
   67.3340181311486002220946373154006741      
   70.7163574538146571407614293588060986      
   74.0044320482188191322562160185242235      
   77.1887343475675689377135778599147080      
   80.2928941981765563535083337589524628      
   83.3239558621322452573174031633779264      
   86.2858240592701723868893782193502177      
   89.1820348908859447386930061236532292      
   92.0158028345384961180244195885261641      
   94.7900602142990002665187664632117107      
   97.5074906696342791014740543411718072      
   100.170557760773443605028702587469491      
   102.781529578628551226357857127352238      
   105.342500034430569760324283488393200      
   107.855407363393118675542845878680513      
   110.322050271774548441198045585955741      
   112.744102077005501350407242813339110      
   115.123123128915262753259026720184712      
   117.460571751644764274761295609192533      
   119.757813907187755876566900028777402      
   122.016131750270895725215152560149209      
   124.236731218753309336687883713066686      
   126.420748782657783588758016757240042      
   128.569257457400850954099898586147891      
   130.683272172087565002262105301255338      
   132.763754571326729302016646265979711      
