   277.063994752807950380999828051341283      
   277.054327991376201872858287044696376      
   277.038180672286391907104845582934950      
   277.015523493964962998575535787004694      
   276.986326294971573514644029178715532      
   276.950559702299299986023797068639053      
   276.908196653111045316449969987392775      
   276.859213771800584272397460435700720      
   276.803592565937279980275101378218020      
   276.741320395627321528120835819681608      
   276.672391132975989470132587574456199      
   276.596805300954658705436966888411370      
   276.514569240360374165995630874260760      
   276.425692546772187074640290107126166      
   276.330182793191906082048533655808734      
   276.228036602315812487319160087248568      
   276.119226531087114298389134581948020      
   276.003683897026514071117534010578007      
   275.881278396017734085438401319609516      
   275.751795935871787828645238905767963      
   275.614916423488646713131616622011081      
   275.470193272751116002334756688845866      
   275.317036195775430367723936999037905      
   275.154698474198753311472788358822022      
   274.982269457323019021071172091613884      
   274.798672573101853772478089145033554      
   274.602668710051495282300912500663030      
   274.392864479982549141705693995438728      
   274.167724611962348681070846584747192      
   273.925587572434378164796940666230461      
   273.664683439620489818357740594892746      
   273.383153072599868915299842988965289      
   273.079067690794918303687724479978770      
   272.750448090029622440307379014742491      
   272.395282861333205624271255263633343      
   272.011545119132726318251808506497497      
   271.597207388802747587697393604649379      
   271.150254428985914681528700813398950      
   270.668693877735077285652815057508547      
   270.150564702338591210945937870065454      
   269.593943503946961358715354293840296      
   268.996948785797645396447646042691994      
   268.357743325987238798329122269153879      
   267.674534822144243931654306982546937      
   266.945574983281296754995340051566303      
   266.169157245407459797641194687272411      
   265.343613280116743035265336817942359      
   264.467308450853867353907065558554336      
   263.538636357186264057923449069420495      
   262.556012582076533308144162120941367      
   261.517867739919080511160750063422199      
   260.422639895618699987556219052930082      
   259.268766402420983882999324916266926      
   258.054675182561244428293133413438171      
   256.778775446937002293941597766553563      
   255.439447828205010600102512180992639      
   254.035033873148542860210685043663956      
   252.563824815340000739798801977966614      
   251.024049519409497950326013910656536      
   249.413861456500086626335533375072433      
   247.731324537915465510126404575866263      
   245.974397593508701005710427811219623      
   244.140917233004240677562595194993356      
   242.228578779743373073757960151688662      
   240.234914892695360734156216452898904      
   238.157271419219056947195224844153488      
   235.992779913934339170972219579749230      
   233.738326141640345247823528937679977      
   231.390513712401305857543836144990584      
   228.945621807688801019777427580423977      
   226.399555680781813194424041646248432      
   223.747788285306775779161984407120215      
   220.985290930538929923466971606691648      
   218.106450272630794369336876053145151      
   215.104968148239816357097277212320393      
   211.973739674873850284198138256169990      
   208.704703546900707604829136073399116      
