   2.63832749831767334627303024877432574      
   2.63841925767092640733995819541989510      
   2.63857210103611414717227677521753813      
   2.63878583738208172650015691850123505      
   2.63906019958987120112513590329746552      
   2.63939484330848765373250052930298120      
   2.63978934763388548300244084307461569      
   2.64024321803831836005718102577875151      
   2.64075589150063599789479789814386393      
   2.64132674327888611867080139280288870      
   2.64195509392893887196855262410487303      
   2.64264021362067350141380399709821193      
   2.64338131880545857100356270384250455      
   2.64417755452962911844690524687721546      
   2.64502795469016618758146445886108401      
   2.64593137262478385803527163749472721      
   2.64688637588414432512450449063026794      
   2.64789110239104489432569152046332499      
   2.64894308043530700865159021095422943      
   2.65003902131225614498984825913207171      
   2.65117459939436274981812498696964310      
   2.65234423844175674511386072329443192      
   2.65354092406153805779473240413211615      
   2.65475606026361349527008991431984101      
   2.65597938364102956717289855109394609      
   2.65719894290384102690749871496031538      
   2.65840114533981212431068960709525470      
   2.65957086627164064218250623053254927      
   2.66069161322832767993373482147225299      
   2.66174573370397623968170573755801181      
   2.66271465395322381211139088080872392      
   2.66357913611853726308168448105095694      
   2.66431954183409105181076276354607446      
   2.66491609191302759171927223327810008      
   2.66534911361992930950913664406545215      
   2.66559926899180029271050510941701314      
   2.66564775964252500870117037420105794      
   2.66547650523211995983692490762666069      
   2.66506829432974795278066991936688660      
   2.66440690763991667501821048081768026      
   2.66347721452579982371765382402756104      
   2.66226524451523915089139772928999892      
   2.66075823592078063342078610677981177      
   2.65894466403699629799546095635233661      
   2.65681425149771750144861768116552922      
   2.65435796340225832384781142730893435      
   2.65156798974699639298234434784311560      
   2.64843771755006356253617871608100719      
   2.64496169490586604146931457404651601      
   2.64113558895914318468930832210843742      
   2.63695613962138870474099632758276105      
   2.63242111060466366299853726168747160      
   2.62752923915857055624537002317003516      
   2.62228018571475476812649642731990323      
   2.61667448444387755633134833518294118      
   2.61071349560900361750104867622508444      
   2.60439936044460993416690899839367209      
   2.59773495920192432365774789453258100      
   2.59072387290689514017225958492017571      
   2.58337034931068964352808223657636722      
   2.57567927349533661207116853080679791      
   2.56765614357777631333203183948046072      
   2.55930705195079592549825604034363981      
   2.55063867260060432336270485753822143      
   2.54165825505136181917148411851211537      
   2.53237362567613875319056593859545331      
   2.52279319721899887699492281792965333      
   2.51292598767673186881036353941077219      
   2.50278164989351118416857306757902011      
   2.49237051375344269320071183571814364      
   2.48170364326361652939747781419229083      
   2.47079291163822955594322013325931190      
   2.45965109837969135743552074612055180      
   2.44829201368859455727730571205113751      
   2.43673065725118540729847454770506714      
   2.42498342089939834599244647824776599      
   2.41306834799933138260084498295800235      
