   1.84051559052455421330919815460376769      
   1.84058431708064881109685065965488251      
   1.84069880964711241734921345864594723      
   1.84085889854699104474995539326072420      
   1.84106434439495463007639704946944909      
   1.84131483784588901945208890748303879      
   1.84161000210126000568359169084270767      
   1.84194939718137163128117549804771737      
   1.84233251973417615205550796036214188      
   1.84275878139053980416297624039460499      
   1.84322743938204292560509429938670509      
   1.84373745710342482732594887740157809      
   1.84428729062789188410225491905627829      
   1.84487461795213333858969724943234507      
   1.84549603966649734034215696829696885      
   1.84614678091254881212129827821652825      
   1.84682042002008145027434431142847695      
   1.84750866431141350097479013209511987      
   1.84820119018258283826098970688703302      
   1.84888556168051976903706179836309780      
   1.84954723788891380840458485343233278      
   1.85016967376934433337788459893890856      
   1.85073451212158231934053577941596614      
   1.85122185724471014491403122338617972      
   1.85161061488004479618279196321286149      
   1.85187887895985063647101589223133225      
   1.85200434394605151226821490975987457      
   1.85196472191503847035469632166053797      
   1.85173814567611686090072948345394730      
   1.85130354246434167705573726137121967      
   1.85064096657874079586467136093159280      
   1.84973188325913385569412185014016544      
   1.84855939974611106852863691195166651      
   1.84710844259984184743772751493607895      
   1.84536588288449312578001365838322402      
   1.84332061270667396109606370096444536      
   1.84096357786195934837138219027127651      
   1.83828777209519888719561645695083897      
   1.83528819878769986634266116596010233      
   1.83196180586063328475050493366911299      
   1.82830739940760286634600882513334850      
   1.82432554114651779038703083268607082      
   1.82001843423281107664852929625702246      
   1.81538980142121862974115630359575073      
   1.81044475896604316741151794828994783      
   1.80518968910647132508599561916892459      
   1.79963211344961512531380023987122893      
   1.79378056911823520558459623962727259      
   1.78764448910526570456319599941103632      
   1.78123408792377754394228816173777030      
   1.77456025334646260255605193506372436      
   1.76763444478430612336267949067400758      
   1.76046859862782481568269985130094729      
   1.75307504074016998677013898091530821      
   1.74546640614306313096480803876300136      
   1.73765556583870959654631713578416185      
   1.72965556065443132991773368579899291      
   1.72147954192740949683387512134525514      
   1.71314071882707408966425418840306515      
   1.70465231209336447375922789370044712      
   1.69602751396306545293691828240260989      
   1.68727945407232443039974107138742850      
   1.67842117113853952177758965785953790      
   1.66946559025443509673890212359440827      
   1.66042550567078097730968177655930263      
   1.65131356898573027383470004187124642      
   1.64214228273165503916371525934165011      
   1.63292399941509251502242559129295299      
   1.62367092615690325181990691492804604      
   1.61439513519852357837234484302262295      
   1.60510858065950587936559918956255471      
   1.59582312211910074381758969608668914      
   1.58655055579029541283796899782218085      
   1.57730265433177490667022852958141473      
   1.56809121669417923300130152112116013      
   1.55892812983470305250041691055928497      
   1.54982544475280830526071181209682601      
   1.54079547008373894098820752103807838      
   1.53185088757808070591231631863054555      
   1.52300489529457388895339319374677271      
   1.51427138641315274505331996031858182      
   1.50566517453680912943700115420042347      
   1.49720228061530561307163308020656722      
   1.48890030291232717264840578612358802      
   1.48077890083124069201518846873632479      
   1.47286043785391428861505952908957627      
   1.46517085154565614098196172755123240      
   1.45774085524122642397040157067243435      
   1.45060763718254664709897337127052398      
   1.44381732844933715353151246307791312      
   1.43742870074671570061742589090484981      
   1.43151891196171649534061891519526200      
   1.42619282545490528343746025849095859      
   1.42159892588504427015818469015250757      
   1.41795827558843347668703116533156522      
   1.41562160333633360698207595746012242      
   1.41519470132371544656755087657535120      
   1.41786113727864894204180762524156293      
   1.42646035235545471418524511560113845      
   1.45160156345630025286890576898414336      
   1.31523058198438661600022963547523648      
   1.23101218412147523519840646042966244      
   1.19030280528952403910290661821963263      
   1.15911543630177282355312531330184954      
   1.13238685039137937704131024030339862      
   1.10834865415363569033373335899433592      
   1.08618815241088358571428758878164011      
   1.06547734900847111456842870120578110      
   1.04597809888386370223576391943037626      
   1.02756536379986546817708065586866554      
   1.01019611150034014377799420570199092      
  0.993896817420523066228130763282413613      
  0.978759231870247347429265855300167302      
  0.964945431644773640192813834997165321      
  0.952720787430337232587024164482540895      
  0.942631834417859453334886338701035757      
  0.935912626839089585625891163372484742      
  0.929779095808488700816189191879435424      
  0.923814265123733967565482780636931369      
  0.918015391983438852250456293900016289      
  0.912379721588478269828961782161763006      
  0.906904491077478629757143178057310274      
  0.901586933209572030617356893512936893      
  0.896424279804346054983489967080452445      
  0.891413764952909375382253965889660258      
  0.886552628013735754091098895095668029      
  0.881838116396860694322616067143164936      
  0.877267488155943352836079670192767885      
  0.872838014392806086852332136925294087      
  0.868546981486240323995668583454115446      
  0.864391693152858927682560709510823730      
  0.860369472350497305216088660047488193      
  0.856477663031168214091712378738659502      
  0.852713631752424052415123289544521413      
  0.849074769154120325214948765925578197      
  0.845558491308916176093160394098458775      
  0.842162240952178455232792599475121569      
  0.838883488598910494395730362463807817      
  0.835719733554025581174888572800379286      
  0.832668504821217867918577794953840995      
