0.e-35
-6.79040480737947300516751781558e-6
-7.50455791507686335066546393443e-6
-8.29381916075736509135297357117e-6
-9.16608773624761447340084629765e-6
-0.00001013009359863071072894135574909
-0.00001119548484259094363915326647853
-0.0000123729242617882305171267578151
-0.00001367419606568095337458802674653
-0.00001511232381985502798968701142363
-0.00001670170079024565931263551736052
-0.00001845823399578056474315855147128
-0.00002039950341117193642375448929474
-0.0000225449379132121944136718745618
-0.00002491600973150319623361414062744
-0.00002753644934974715785741109710237
-0.00003043248300840363650622220423171
-0.00003363309518571899372882829793488
-0.00003717031868412670455519114029167
-0.00004107955522530070842352380448512
-0.00004539992976248485153559151556053
-0.00005017468205617530218583372659002
-0.00005545159943217698180887754446531
-0.00006128349505322209551324093143817
-0.00006772873649085387299718845899205
-0.00007485182988770059147118931935455
-0.00008272406555663226272917182333809
-0.00009142423147817333786294324894678
-0.0001010394018370933507306727337116
-0.00011166580849011473564008537617772
-0.00012340980408667954949763669073002
-0.00013638892648201144784776508213628
-0.0001507330750954766006434064639154
-0.0001665858109876334114921305071248
-0.00018410579366757912495477618985821
-0.0002034683690106441743689334304871
-0.00022486732417884827279863356012189
-0.00024851682710795202080347447063716
-0.00027465356997214232762778939376136
-0.0003035391380788666608655095322087
-0.00033546262790251183882138912578082
-0.00037074354045908837443002142297664
-0.00040973497897978670846196784093379
-0.0004528271828867970579972072645979
-0.00050045143344061069550203582085631
-0.00055308437014783358310200008853035
-0.00061125276112957255567022977674465
-0.00067553877519384423783672431778057
-0.00074658580837667936809064751533537
-0.00082510492326590427014622545674938
-0.00091188196555451620800313608440928
-0.0010077854290485107614475355751664
-0.00111377514784480307878921964046768
-0.00123091190267348118462347627667359
-0.00136036803754789341685576368558816
-0.0015034391929775724473829033321676
-0.00166155727317393449908325417364147
-0.00183630477702890682522793629989507
-0.0020294306362957343633862534597822
-0.0022428677194858024732236165214537
-0.00247875217666635842304516743081666
-0.00273944481876836923277552084214495
-0.00302755474537581474819204459548803
-0.00334596545747127276573243602060659
-0.00369786371648293082069263644124913
-0.00408677143846406699346470268472081
-0.00451658094261266798164901870578038
-0.00499159390691021621228672594207452
-0.00551656442076077241799375466730282
-0.00609674656551563610713456478542494
-0.00673794699908546709663604842314845
-0.00744658307092434051823604642012821
-0.00822974704902002884136202676607424
-0.00909527710169581709205407429138796
-0.01005183574463358164213309433154997
-0.01110899653824230649614313428693049
-0.01227733990306844117893938623654164
-0.01356855901220093175723057452576747
-0.01499557682047770621198436022872873
-0.01657267540176124754198369808345101
-0.01831563888873418029371802127324128
-0.02024191144580438847202754374365356
-0.02237077185616559577858332254082262
-0.02472352647033939120275738298340267
-0.02732372244729256080156306243555302
-0.0301973834223185007397862923636198
-0.03337326996032607948240013147094792
-0.03688316740124000544560370474151552
-0.04076220397836621516607926214442503
-0.04504920239355780606833509217833533
-0.04978706836786394297934241565006173
-0.05502322005640722902994653083417522
-0.06081006262521796499562138818394096
-0.06720551273974976512655170085596571
-0.07427357821433388042821057016997552
-0.08208499862389879516952867446715985
-0.09071795328941250337517222007969162
-0.10025884372280373372994069379798721
-0.11080315836233388333414442584993946
-0.1224564282529819102186473760726263