   5.74731635672217918476022820191117153      
   5.75187375651668638503601428822950851      
   5.75683955378028178016383778625829530      
   5.76221494381426067971860877183572114      
   5.76799991266203261867726994776726315      
   5.77419330813101326800133187056356286      
   5.78079291111833337689853163766253362      
   5.78779550606563143557686661189080732      
   5.79519694957279427068656279345232278      
   5.80299223638371270368459319980588655      
   5.81117556211779837155530311532359126      
   5.81974038225918003410430198265207658      
   5.82867946703174048578691534326470061      
   5.83798495188273364384222215745426290      
   5.84764838337293489060201448941183526      
   5.85766076032715835959323318912265051      
   5.86801257013781004796557252731423109      
   5.87869382013600939792829072267974242      
   5.88969406395177387517541972784319120      
   5.90100242277584949793862505928592904      
   5.91260760141273185216135834209318224      
   5.92449789897549334500350775654088573      
   5.93666121401837242482233253126099484      
   5.94908504383043594102451910462532656      
   5.96175647752112611226648026500176225      
   5.97466218241141487943407629838852865      
   5.98778838309948321803974523441531364      
   6.00112083238862517739670457754115426      
   6.01464477303973589562065412259457925      
   6.02834488902764414502022621955886025      
   6.04220524462411973707773568218018386      
   6.05620920917672284513762597105210431      
   6.07033936487100072654022463379928116      
   6.08457739401063872791129092455772091      
   6.09890394136610031950854544497378788      
   6.11329844584182528668962229999131440      
   6.12773893397498577391173313402553174      
   6.14220176543050305525175210815375484      
   6.15666131744127262530400526134445889      
   6.17108959067990224849736529562720750      
   6.18545571276033637307974982582077232      
   6.19972530656799999233807642554149089      
   6.21385967750314765876194709679360884      
   6.22781475424399274278594989040044133      
   6.24153968807888137550681847643329591      
   6.25497496992788082906304276321695053      
   6.26804985089477394793019024555052149      
   6.28067873174480242045759199952932153      
   6.29275598198463866435315179406286949      
   6.30414828773215960919508783535931873      
   6.31468296064807187065734688330796327      
   6.32412934541539860252422912824221388      
   6.33216779263057035061530964308409232      
   6.33833473329048840158411123330990603      
   6.34191792536210475213568126994185168      
   6.34173594482199848484629605669242613      
   6.33560391350173354125923774307135763      
   6.31871683639071806711757301908709738      
   6.27624168081499807222845624646283276      
   5.98995230870113946193050018187224158      
   6.75064153985298515369550263371568919      
   6.87631536814118649894048698461033915      
   6.97186509088110782605003024616771074      
   7.05523889466306203911420849564037132      
   7.13200300618348833028731516296772577      
   7.20454416532344386952145850317870971      
   7.27404426890561726181181729619902020      
   7.34112090709851538663769255490236614      
   7.40607673341761644937282615945804928      
   7.46899788017019347516903762627842505      
