   4.56526948958230958239932759184657399      
   4.50785497008721213215629016232637081      
   4.45134081240405831940926411057791411      
   4.39566757691533593777126175530984264      
   4.34078005912553842416427807389383126      
   4.28662687241175374012605349999107432      
   4.23316006492063906980155940567119155      
   4.18033476724095537734039395253628638      
   4.12810886775508931565079801758793715      
   4.07644271280877527891916036004399303      
   4.02529882904154014722636989025951759      
   3.97464166539510227310196862440571750      
   3.92443735246604203514311536355708451      
   3.87465347699447456721861389009814772      
   3.82525886938243687505203458602487796      
   3.77622340221468962569303819354178180      
   3.72751779780971834329571478693404082      
   3.67911344285852017230998241088010389      
   3.63098220821063533546084343980228691      
   3.58309627183874780345999945004272045      
   3.53542794294941503822441440779691673      
   3.48794948510434238738947318216938847      
   3.44063293606558679140006441849767552      
   3.39344992187133860604071003146859017      
   3.34637146237340205382035814495521841      
   3.29936776510967658128531630574567848      
   3.25240800392298329829685353158034539      
   3.20546007814695412265566118413595921      
   3.15849034742547390618446612074672173      
   3.11146333626928202291936889857106028      
   3.06434140122058090979463897943061092      
   3.01708435191324966941248665612888660      
   2.96964901527119016291294618162900158      
   2.92198872942943953661835347004655158      
   2.87405275048203796868708887590693189      
   2.82578555056488217318075609280686028      
   2.77712597965630516440912237192341251      
   2.72800625522934719617034531039450798      
   2.67835073265772589096250619616866326      
   2.62807439379073084228040834693547934      
   2.57708096947778889517626035904976810      
   2.52526058114562604698158279907646153      
   2.47248674233398990345195224665871375      
   2.41861249627848855151374524212227554      
   2.36346536869951439987628439587257785      
   2.30684066680823464230304203846886994      
   2.24849242351846376674473542848435870      
   2.18812091230360996672418228484670011      
   2.12535503740511544379152042400498863      
   2.05972683425333726067421480082017982      
   1.99063338993155769715446587298128714      
   1.91727784711775606502211718547762419      
   1.83857380215023275523683701247922030      
   1.75298138818297752888543358286414242      
   1.65820485892937058928953055524015032      
   1.55057673938172222122822054123179612      
   1.42361632082242365778579239388748478      
   1.26386143185103411641136722392053696      
   1.03322566525275417604781897463542767      
  0.283749340346844424886528150420398080      
   7.23794945940097623379159300582709262      
   12.8088656172469873820964257601054329      
   17.9802298731943118114236095535827010      
   22.9572772172861539725940751475556964      
   27.8292731562175452105501304575431080      
   32.6494658237672086089733308624765761      
   37.4572888274801650709153730045385386      
   42.2861746005373625203701279158376003      
   47.1650486369562574983882145109292652      
   52.1158881915300595153397313184925472      
