 0.26859175772073E-03
 0.26859428185392E-03
 0.26859851268248E-03
 0.26860447292238E-03
 0.26861218849512E-03
 0.26862168751012E-03
 0.26863299929792E-03
 0.26864615418464E-03
 0.26866118647922E-03
 0.26867814513898E-03
 0.26869711611728E-03
 0.26871825691256E-03
 0.26874183987600E-03
 0.26876829868737E-03
 0.26879827225829E-03
 0.26883264124274E-03
 0.26887255361672E-03
 0.26891943716087E-03
 0.26897499805883E-03
 0.26904120611314E-03
 0.26912026816249E-03
 0.26921459206141E-03
 0.26932674402729E-03
 0.26945940227836E-03
 0.26961530974203E-03
 0.26979722826699E-03
 0.27000789630559E-03
 0.27024999150943E-03
 0.27052609915974E-03
 0.27083868687860E-03
 0.27119008566441E-03
 0.27158247698046E-03
 0.27201788539893E-03
 0.27249817616497E-03
 0.27302505697098E-03
 0.27360008322450E-03
 0.27422466611898E-03
 0.27490008287986E-03
 0.27562748863256E-03
 0.27640792942422E-03
 0.27724235601594E-03
 0.27813163814388E-03
 0.27907657902234E-03
 0.28007792992804E-03
 0.28113640476358E-03
 0.28225269454800E-03
 0.28342748182381E-03
 0.28466145500863E-03
 0.28595532274920E-03
 0.28730982836419E-03
 0.28872576448812E-03
 0.29020398805374E-03
 0.29174543577414E-03
 0.29335114031307E-03
 0.29502224736153E-03
 0.29676003387192E-03
 0.29856592774134E-03
 0.30044152928271E-03
 0.30238863488156E-03
 0.30440926330594E-03
 0.30650568522676E-03
 0.30868045661514E-03
 0.31093645681996E-03
 0.31327693230421E-03
 0.31570554723793E-03
 0.31822644242685E-03
 0.32084430441843E-03
 0.32356444709559E-03
 0.32639290868212E-03
 0.32933656789137E-03
 0.33240328402632E-03
 0.33560206728448E-03
 0.33894328748688E-03
 0.34243893215414E-03
 0.34610292861826E-03
 0.34995155017832E-03
 0.35400393393970E-03
 0.35828274909803E-03
 0.36281507094731E-03
 0.36763354089962E-03
 0.37277793153128E-03
 0.37829729710770E-03
 0.38425299024629E-03
 0.39072299396449E-03
 0.39780831228161E-03
 0.40564269651685E-03
 0.41440800273142E-03
 0.42435953387489E-03
 0.43587018681321E-03
 0.44951282230031E-03
 0.46622847122668E-03
 0.48771526147632E-03
 0.51750658174211E-03
 0.56498368496086E-03
 0.67347754864273E-03
 0.38121790298336E+01
 0.10634499430730E+02
 0.16571391282155E+02
 0.22150646958850E+02
 0.27537750917641E+02
 0.32819546419917E+02
 0.38055237619273E+02
 0.43291639098661E+02
 0.48566506295071E+02
 0.53905988751721E+02
 0.59319691197152E+02
 0.64796227998969E+02
 0.70300475774152E+02
 0.75770889074777E+02
 0.81109973322114E+02
 0.86118457813304E+02
 0.90585692183844E+02
 0.95004413512570E+02
 0.99375340890052E+02
 0.10369666993772E+03
 0.10796716516918E+03
 0.11218605253003E+03
 0.11635292310942E+03
 0.12046765019545E+03
 0.12453031994762E+03
 0.12854117484959E+03
 0.13250056854200E+03
 0.13640893042752E+03
 0.14026673844329E+03
 0.14407449851886E+03
 0.14783272941279E+03
 0.15154195181244E+03
 0.15520268076713E+03
 0.15881542069252E+03
 0.16238066233112E+03
 0.16589888117720E+03
 0.16937053697800E+03
 0.17279607400701E+03
 0.17617592187323E+03
 0.17951049668530E+03
 0.18280020243218E+03
 0.18604543247694E+03
 0.18924657108673E+03
 0.19240399494324E+03
 0.19551807459414E+03
