   1.84051563690825564413742632622864020      
   1.84058440985859409243923708297876856      
   1.84069894884014998487880538893413397      
   1.84085908418645868643653129802725740      
   1.84106457652277088572141425095864953      
   1.84131511646915467996153296359362377      
   1.84161032612643177171612665164540224      
   1.84194975413262046026258718891518658      
   1.84233283439127017267743597635941613      
   1.84275875607165850751721023714179810      
   1.84322620247021594827259618142380789      
   1.84373296363884458235345793931292991      
   1.84427547631391602267427305524723713      
   1.84484836214049337398989810827078463      
   1.84544402138492283074175469590924494      
   1.84605231430689385780737185050099594      
   1.84666034401328807805761179978772597      
   1.84725234784849234482480301957236291      
   1.84780970438363555842695001693770039      
   1.84831106313262577788473714556619156      
   1.84873259997001207614354926460224235      
   1.84904839290832246858298879343087084      
   1.84923090265031063358267008558169671      
   1.84925153285999825001143206439414948      
   1.84908123871959460252172687870248886      
   1.84869114991722001084993249816660520      
   1.84805317572451454027284379539392535      
   1.84714056418566510762631606007851144      
   1.84592839395560078400232560141308380      
   1.84439398431754483775863587058927806      
   1.84251721600055306067162504033677124      
   1.84028076144910705357673910541851328      
   1.83767022820586927554059480951162143      
   1.83467422264304857667088633909096831      
   1.83128434367765027336119337456945979      
   1.82749511728549144595574925905734152      
   1.82330388298997407308721757427191215      
   1.81871064314740814079056494416273650      
   1.81371788500623637680814935056358938      
   1.80833038445724827424170973899271742      
   1.80255499910636683692664876394838259      
   1.79640045706326962118791175926083162      
   1.78987714661831510702776677607439922      
   1.78299691085507289570112840893195502      
   1.77577285025236052195106712288208163      
   1.76821913552111298596385965053910247      
   1.76035083212129838772345433412604071      
   1.75218373746696287061592118516002495      
   1.74373423119648697544233626002417609      
   1.73501913867753166935136208957530939      
   1.72605560755170925790810010383606792      
   1.71686099699500969754304657015997660      
   1.70745277915966014224802358114037189      
   1.69784845230289700905735347149654767      
   1.68806546490742158966814679714872820      
   1.67812115024801287219421693749619078      
   1.66803267073339524721994158889711036      
   1.65781697148837715125304534557581528      
   1.64749074262061686071354367536578777      
   1.63707038972276742777577341735139746      
   1.62657201219802371424752432124084959      
   1.61601138911620325124747742285960657      
   1.60540397236977472703419326852512793      
   1.59476488705244918198287977435791515      
   1.58410893905911512619569197392335673      
   1.57345063013219595522168681030533965      
   1.56280418066449264127190333160854320      
   1.55218356091880533042325235198466887      
   1.54160253146498581974452392936379528      
   1.53107469411665119111690798272367109      
   1.52061355501170740870904296217567973      
   1.51023260213305966141725098256028675      
   1.49994540034494882477204195707739915      
   1.48976570809902799192769817328236814      
   1.47970762143982387338924498947336743      
   1.46978575303038273733806850125479192      
   1.46001545684239326002825719011772918      
   1.45041311340315285719618155188557712      
   1.44099649676711008682578226617298178      
   1.43178525382681045790513165078130539      
   1.42280154106436339383223855651315508      
   1.41407088686422335155714524351035242      
   1.40562338478054713168268836595185951      
   1.39749538580946071777662326019111125      
   1.38973196673140373247099794350962095      
   1.38239064895412643542467457738228470      
   1.37554721719757111161456713929279739      
   1.36930523838974863978903361986763982      
   1.36381248566188581154520182044444741      
   1.35929118226969596869984806857762405      
   1.35609849039119931525837673736485413      
   1.35486182990728098529518030800657916      
   1.35683685405961420154022116964333227      
   1.36516600619991438626997463283213309      
   1.39302056155781447214620164057215709      
   1.23466818292822817820642872251230216      
   1.16780150090325473101700592160244537      
   1.13044134339848596961819499482605447      
   1.10105045921087603174777154064850213      
   1.07555559652996488904484336635454198      
