   1.25237141441641852490851686763664211E-0002
   1.25690724407418519272664816019506919E-0002
   1.26173655623785352971830502458539119E-0002
   1.26688871808033733091633740127830182E-0002
   1.27239720197947470920044771812996918E-0002
   1.27830039313411106592646931348238596E-0002
   1.28464258805085224055610013039026824E-0002
   1.29147523988121495705287582304541254E-0002
   1.29885852685298803423942633629158443E-0002
   1.30686334881025774851307880854626722E-0002
   1.31557389829320423265998295209705485E-0002
   1.32509101308425298635990806029093237E-0002
   1.33553660690285832311512509576468595E-0002
   1.34705961040604994049491058929308563E-0002
   1.35984406320121253778954969870660710E-0002
   1.37412032633199310682194378492969597E-0002
   1.39018091902707819253132279825727639E-0002
   1.40840338853909884298217111093523592E-0002
   1.42928424283044262933991908849912592E-0002
   1.45349109193051239725731619527762442E-0002
   1.48194661991246980102151731854444892E-0002
   1.51597246084249049563003896826820162E-0002
   1.55755526100836203058289734439425072E-0002
   1.60988395463419571677196525096818731E-0002
   1.67855575922847238374356362326390352E-0002
   1.77471883517696841575409291440463562E-0002
   1.92552577762889204132992989445855167E-0002
   2.23022277402509407721215409621315569E-0002
   1.73030278475378994173942547278973209      
   12.4997651598069367279275561479071868      
   20.1239115765834758182285258021618497      
   26.5955823200305711271349114056733893      
   32.3693111102693261979785027505442570      
   37.6533151288673884048324707169172665      
   42.5663455287779832019460261230395798      
   47.1843820949990481534892465760892511      
   51.5595874111466878198515414948565867      
   55.7294828468236239772123251627994418      
   59.7219063692667246737331265901830333      
   63.5578737197130702476593731752440547      
   67.2532587658296388833477969775470071      
   70.8196854193032661788472736541020920      
   74.2646695088498852672568713193699064      
   77.5903295105371924636174316354043146      
   80.7816421912666336792510137668034261      
   83.8357136257555430445133367216354680      
   86.8085438593663940753635008675168341      
   89.7052214280732273235585932373490514      
   92.5302891231035027219644274729316638      
   95.2878238209558996728883967130874727      
   97.9815015500125709320916194209108240      
   100.614651131400156533689633949737529      
   103.190298843940451338002168615535861      
   105.711205941766276376494312241994870      
   108.179900411095366371449053236081231      
   110.598704032981457449246381883412736      
   112.969755584132093765408197393689240      
   115.295030832898536115407173155780159      
   117.576359855402577250326204964349356      
   119.815442095464222526331228038780392      
   122.013859513591470187069621845702113      
   124.173088108636387038978223025565736      
   126.294508046985726874924646722029130      
   128.379412595045943408434526959156342      
   130.429016019177788431763663121457470      
   132.444460591572359499140200036165663      
   134.426822819371016699472117216081437      
   136.377118996937040992002021519145756      
   138.296310166641974228704644865739536      
   140.185306561385870959534114423884166      
   142.044971591947601876324811263462495      
   143.876125433532100784633359583600124      
   145.679548258674262305862798795877976      
   147.455983157396815773321255508997566      
   149.206138780253377446056023829561955      
   150.930691735322982362557157077473808      
   152.630288766269897429829112364130676      
   154.305548735302594654624591589447219      
   155.957064431927598376962754774569399      
   157.585404225826632993458284967935365      
   159.191113580065993009082686668060478      
