   1.23159828426824525188986644598244332E-0002
   1.23463282694678164994863048784523548E-0002
   1.23780627499481063526638915747826994E-0002
   1.24112690568388311195670880273623759E-0002
   1.24460371514669530669546944472519247E-0002
   1.24824651519194732919426723842248258E-0002
   1.25206604335682973510129382265407163E-0002
   1.25607408817902006738137168021026118E-0002
   1.26028363219144128501659386924700100E-0002
   1.26470901578159164477263518074615315E-0002
   1.26936612584666561049700212840100652E-0002
   1.27427261416057089911712806712468182E-0002
   1.27944815161118758214145028935160086E-0002
   1.28491472604822902020466883175073196E-0002
   1.29069699351696130349624356063988780E-0002
   1.29682269529625681643600662670404291E-0002
   1.30332315662757676140198464206560925E-0002
   1.31023388761835775896801216842203464E-0002
   1.31759531296125725010375724147294053E-0002
   1.32545366545259109932342218004995568E-0002
   1.33386208972751058472376881853945709E-0002
   1.34288201850440267024162085681013817E-0002
   1.35258490597390519289124645079614650E-0002
   1.36305443489004171074614571087977810E-0002
   1.37438936028311999545519333407552843E-0002
   1.38670722127830200428944154669616767E-0002
   1.40014925596782634461445981112260695E-0002
   1.41488701396022879132802071244534068E-0002
   1.43113141400112342372939111387807428E-0002
   1.44914540584891737914707652364778018E-0002
   1.46926208878244176979721097356289382E-0002
   1.49191135057760764806830247734751578E-0002
   1.51766030145914537761787156635838935E-0002
   1.54727701871038370347290596382378313E-0002
   1.58183574676306133688976178458481444E-0002
   1.62290053194544151471134944345393522E-0002
   1.67286908723913381722277114890548866E-0002
   1.73567774809298733145875056622733441E-0002
   1.81843495956389250204408098720456504E-0002
   1.93594330761780165921437927431577314E-0002
   2.12745811788796896017188809876352055E-0002
   2.57333077089372692963055210500195696E-0002
   4.06922528393579069950344285339396460      
   11.3607327917474125295908489414759511      
   17.4058820434155289410260024618182348      
   22.8436510508022164075973381549173970      
   27.8804839351520640310951970791854371      
   32.6195398357145660084255269032554850      
   37.1225350946362317589045843780875634      
   41.4303765666564431568013332147345663      
   45.5720129055980480717749200206157196      
   49.5688404402587162481770329746712047      
   53.4371218671163423294520500110890970      
   57.1894022104521864989140533658521162      
   60.8353619954979515331201847328034222      
   64.3823076099713809143191143975176327      
   67.8353512562672994718866142198377455      
   71.1971028261299777632204134058171303      
   74.4650298424480760108749660797326099      
   77.6329670522297451967299587236671579      
   80.7246682085199164063628333805042198      
   83.7445847595257001772480530760321270      
   86.6964685332373273087606410185144172      
   89.5837243098120828808692760733869971      
   92.4094530391911903007615533893059751      
   95.1764883321772752343106809254943899      
   97.8874275515283308659908148989684575      
   100.544658499107992413773888764454590      
   103.150382463305146609540152248404965      
   105.706634224732250271085303632963241      
   108.215299496436898760521161470150448      
   110.678130183743121176017484425726297      
   113.096757779283183604461278473631909      
   115.472705154692744607345228620598207      
   117.807396967669714230496683205312684      
   120.102168868766107157132892049480598      
   122.358275664363520695022557651031470      
   124.576898569324307069400570532937240      
   126.759151663748594951053404352962239      
   128.906087652311785866330303346406565      
   131.018703011211585300776457161740955      
