   7.07989384348527096669820377599126624      
   7.09196791834183341762557019769917992      
   7.10510799199678625658270930580199578      
   7.11911358484422560816763510216122049      
   7.13378793821954111924196445307470504      
   7.14895719474470399821611974734726849      
   7.16447987953953408825559761989029204      
   7.18024894228276543771568676280491078      
   7.19618800880800565726441073549997541      
   7.21224495812018068806780726288759853      
   7.22838575064446219086352204090185551      
   7.24458867679012108473109470868465469      
   7.26084027348522907389335683716059812      
   7.27713212701036377713970361084076990      
   7.29345904179448255047311133747142465      
   7.30981762385534280999693598922277880      
   7.32620553905814462724419893636287629      
   7.34262104685721981906284512837607863      
   7.35906267827361017560565209466344328      
   7.37552907113090241080806523537300125      
   7.39201888459426463147125462162043219      
   7.40853071449872144185899361803765492      
   7.42506306851700823324481963311295930      
   7.44161432717333573711377257600684671      
   7.45818272612325384856810002231604708      
   7.47476633460639315143664310519811962      
   7.49136303825821292292954279120845642      
   7.50797052003593361891526490329940202      
   7.52458624176626890206844414903178139      
   7.54120742442754914673822484121594458      
   7.55783102739899747262522389063862758      
   7.57445372621795223403491051310159398      
   7.59107188930468986093773870480971765      
   7.60768155309018696232995812541423533      
   7.62427839598744418450881450823824753      
   7.64085771083457178742230438524974156      
   7.65741437621858323228373529690796875      
   7.67394282671946365279348569516810431      
   7.69043702213559182429917691294178943      
   7.70689041612815390083942114635946522      
   7.72329592454585061565993280910914073      
   7.73964589390358362401828467821846739      
   7.75593207066840510275359956403606016      
   7.77214557211083719129326444350505105      
   7.78827685979017265036830540740041543      
   7.80431571700131994454697419426756367      
   7.82025123192702335516254596427016355      
   7.83607178875321212001985685173776674      
   7.85176506968605218000176292234697613      
   7.86731807168762392475424806769522469      
   7.88271714291381901808344150948128167      
   7.89794804533688991208731534726586239      
   7.91299605196701997497426457286106553      
   7.92784608952864145130338844410948092      
   7.94248294044708855905003676791175950      
   7.95689152154537803881896712180680260      
   7.97105726076034304426612827221671001      
   7.98496659698362779761770503494418626      
   7.99860763079475418526904685494876864      
   8.01197095344453084340385584009576212      
   8.02505067456158538096100696461214776      
   8.03784565004929572272954453370826593      
   8.05036087167298487210679907321970351      
   8.06260890584125596667718561310724520      
   8.07461114303037974850124588945540719      
   8.08639841827266811178461241157977027      
   8.09801026056269908125152734635434231      
   8.10949159543631574646065224805146429      
   8.12088512022593920820184980462323477      
   8.13221670807439886428846955976596173      
   8.14346984269678792963704850588159416      
   8.15454271948977829293951721141387531      
   8.16517750044609711566096866232894367      
   8.17484503654285591221038003460264090      
   8.18256290353215908950345768086161709      
   8.18667485776993741835638487109252868      
   8.18536265424384461385321822066589821      
   8.17793781908681233807924631839317519      
   8.16203993157468941251055792126445335      
   8.13404609948825265920614016000086293      
   8.09088650309628253556940353148014587      
   8.03076967266638546908528415342927466      
   7.95381837346666689543169865916805082      
   7.86261299032068269166654396616377101      
   7.76245891010518332486968888556111673      
   7.66128655458879959582884978145820159      
   7.56922101040839797672892554141674085      
   7.49792986232961064024906913936815722      
   7.45981674755226888741867651772025936      
   7.46695178044180923447487553578982954      
   7.52930361697407654577696665042141013      
   7.65140629716157441903258288715411182      
   7.82650568970182375917289316898519694      
   8.02908109555204764950145355593364921      
   8.21291617899751458802284968130006709      
   8.32772590499890139578436442111300950      
   8.35090692102517239690441104039767197      
   8.30069702591363013425957985978740634      
   8.21511381262761110577001925137903975      
   8.12547559563315040550094133575390616      
