   1.05980404679020036994912652321428470E-0002
   1.18427144210914152619747331108691155E-0002
   1.32704737218260915653244465877720700E-0002
   1.49021261974062114072318798014174898E-0002
   1.67608224264761989918641527784658180E-0002
   1.88725603722781983977943703747946905E-0002
   2.12668098033950597140431034488808168E-0002
   2.39771108800063199340451118068382910E-0002
   2.70417081819946826216557695513471790E-0002
   3.05042216636522143461108302893149238E-0002
   3.44142746744492565602468870641449763E-0002
   3.88282289548285781616041217838859875E-0002
   4.38099417738212936256076836831744757E-0002
   4.94316854271570735178912166138839202E-0002
   5.57751213667830025765462101171686779E-0002
   6.29324770277747107149221965867404910E-0002
   7.10078429413799455441797248193767031E-0002
   8.01186493878407375788054064128379331E-0002
   9.03973546815038394728600231102124094E-0002
  0.101993340339447576065017055599025789      
  0.115075041487226780846240362185566665      
  0.129832365344019867843346611957696065      
  0.146479395631711948884674294914760977      
  0.165257449947658651964125525684512787      
  0.186438509782986735719534604189407681      
  0.210329081227805033687041416893645967      
  0.237274531146997879743836729484061160      
  0.267663959779541984718413625156302822      
  0.301935670636089003196522917663176412      
  0.340583309479874536332856586761626684      
  0.384162750156603313101491108790613040      
  0.433299814372275800084608546146912794      
  0.488698920259604978376376704341961097      
  0.551152766111208323225231886629839487      
  0.621553164605910682075368034815237654      
  0.700903155971335752128866531435406873      
  0.790330539167241338962857264326792895      
  0.891102973971523723653794914885433403      
   1.00464482107179221694659815030814858      
   1.13255590090047636893253410110856384      
   1.27663236830508402977226425051158445      
   1.43888991636756141980231658736352465      
   1.62158954000954569682194477016391176      
   1.82726610941007555335373326595451180      
   2.05876002378252150424992119587762821      
   2.31925224011722331774962019866727749      
   2.61230299960201621619574779978640033      
   2.94189460955753519068343493740924988      
   3.31247868460075736038184915851554005      
   3.72902831373449701481655841406632110      
   4.19709570934845293324803005855056612      
   4.72287602463472713091527508961375789      
   5.31327821970349872143827458499814111      
   5.97600414733876307990519683066649453      
   6.71963746741077954879629074660685369      
   7.55374465970590197083569671761449564      
   8.48899140001274075909920636396325271      
   9.53727905783648823746869502779095002      
   10.7119083051267769213235695585452116      
   12.0277801379004884249419328747397495      
   13.5016494942462807466783313065180045      
   15.1524537797893949842118073429382112      
   17.0017488949058396815404581593898177      
   19.0742999478669561307077442865135117      
   21.3988939916614334967763782276753071      
   24.0094685796554681171138709599712275      
   26.9466808050084553404046032560749466      
   30.2600660445025905096608153996937662      
   34.0109185648125788204383482873157927      
   38.2758754366909982420425318244710378      
   43.1507137258598800758627377224658386      
   48.7528607927975812840577879025689103      
   55.2199508921225494572014718454039778      
   62.7044454131787708745436366806409614      
   71.3972585795266710360150570162149284      
   81.8789478875505496020482400431239179      
   96.3982036327004876601038116353763709      
   115.122951503077204542562141685779415      
   135.713245965654662763861544110833595      
   157.963680697538008120573511737733406      
   182.082839616591422291580282800845670      
   208.081189635956031054866798014162006      
   235.720358250057967637641311459994571      
   264.546370842769128594800035364553453      
   293.965380924299860771876266629826770      
   323.352380012215144834276650678117140      
   352.168221387509154803464686579735634      
   380.053161670051008071482119570526270      
   406.878600404180979501311545231201116      
   432.776825827522929919442642131138255      
   458.245917400375928744930904374879082      
   484.535300544149155433071250487183219      
   514.252706480486273423781997178274574      
   550.368491915717258600891358453593452      
   591.860693767217630708364323912980566      
   633.317618037219136449170923472770395      
   672.210984120869638031175773408074096      
   712.081229922671171793437813556555037      
   758.853154427038271585968410167500690      
   817.032547361607391437629436542016985      
