   1.21745739487808713612739633258783632E-0002
   1.21956564024458495796926177866123059E-0002
   1.22174753131003147231950078199779218E-0002
   1.22400538145885165958457934823018382E-0002
   1.22634167202247576762329121736481520E-0002
   1.22875907057371645471470195762346239E-0002
   1.23126045032525479746906400955397878E-0002
   1.23384891071940972035866574507620455E-0002
   1.23652779933398178542429706757664601E-0002
   1.23930073526971890077613835634836392E-0002
   1.24217163422842075565438338172951520E-0002
   1.24514473553807095531082056734481795E-0002
   1.24822463143315761974168077535533431E-0002
   1.25141629895577323902910458750802934E-0002
   1.25472513490796796695149421856893922E-0002
   1.25815699435970072787879434680795257E-0002
   1.26171823330248854732987205814349394E-0002
   1.26541575613913226074183478659883059E-0002
   1.26925706881870953644678601977252435E-0002
   1.27325033856793974588230078801101056E-0002
   1.27740446134074315451764339718967569E-0002
   1.28172913831499833823875348566778798E-0002
   1.28623496301805909664603128776365936E-0002
   1.29093352097272804379388092879601673E-0002
   1.29583750413818041666248754781496696E-0002
   1.30096084289580685972212131806632260E-0002
   1.30631885892384421348039399331173399E-0002
   1.31192844305085383569495741813188633E-0002
   1.31780826312273309661968614555758192E-0002
   1.32397900812049789494566807133616253E-0002
   1.33046367630882885009565213991280900E-0002
   1.33728791719024023735731302230970269E-0002
   1.34448043963948099815876743174427310E-0002
   1.35207350201104931174149642928396603E-0002
   1.36010350455008164738506204891669028E-0002
   1.36861171051938505665367153038966446E-0002
   1.37764513069935671743358868189363500E-0002
   1.38725761722128622088035910625148555E-0002
   1.39751122839146613394944032761704091E-0002
   1.40847794826090613896577365581015057E-0002
   1.42024187627333924686801085532073870E-0002
   1.43290204818973098777091134123280528E-0002
   1.44657611731564172545081248943258054E-0002
   1.46140522737130162982613796042619282E-0002
   1.47756056611234652066747916476164448E-0002
   1.49525233815029542699420363276571758E-0002
   1.51474230056358179124044235762448551E-0002
   1.53636168418712958598549080084772181E-0002
   1.56053750418951209996510740293713549E-0002
   1.58783240294217167791708625945320972E-0002
   1.61900723779989498161784973682039826E-0002
   1.65512382690980334980755450433144292E-0002
   1.69772297842628416432805036756235209E-0002
   1.74915459715457167140224808191927104E-0002
   1.81324589455182460108429028358371183E-0002
   1.89682406338763915835567745611532235E-0002
   2.01383097324498145292361177000767516E-0002
   2.19994460153240395567244022820212147E-0002
   2.60363425734946386696618001973939388E-0002
   2.22727514767078302646856717026921409      
   8.03260155200583898928764397958116060      
   12.9703323796109809309960686996446818      
   17.5402315177627342581888255330230811      
   21.8796189915934101245545524199485402      
   26.0521358702223965650721797558631802      
   30.0938483869061227219160913188449896      
   34.0277102768513260563707215630826491      
   37.8695031653182499768303190981946479      
   41.6306738872004396394319640454531256      
   45.3198192049203737853896513478091071      
   48.9435056501307455028353813161927301      
   52.5067340435176301091203303312508657      
   56.0132022199106293592391164457377375      
   59.4654462650628366532632324774587794      
   62.8649001712901063160924043409830786      
   66.2118829624745015293356011664009989      
   69.5054757966020714577061708264024683      
   72.7430736313355951552641909249582180      
   75.9187374405672816025894566926128262      
   79.0316128759774440359265445595076750      
   82.0841361186595368856759413395028760      
