   59.2130902285117974192110388135757585      
   58.3159643154587725314242186489903106      
   57.3205301199243721247372053171039713      
   56.2057334810407344628380681480712935      
   54.9428827309167609225543867466225523      
   53.4916659103140598803819234470493125      
   51.7944801530137212287309944513156982      
   49.7728903989342963578509361514870837      
   47.3430160941595627920600262887463651      
   44.4223921999977863432375573402158196      
   40.8038209479132574049736649748549478      
   35.9965352334387246758152776386856730      
   28.8010565659781722308180913539524330      
   13.2387371806015128567362566695249616      
   5.89113598066032270397460952836813422E-0005
   1.23477956881209010330939588689562651E-0004
   1.39969802615407031434367931294027653E-0004
   1.45732985039277194506667724203095646E-0004
   1.53440366144796882818167453475709158E-0004
   1.38693028101752050120110529678757090E-0004
   1.29467436040533443143319922758249066E-0004
   1.21247355359554167527507083876886051E-0004
   1.23098884147307512683025536588460826E-0004
   1.26350766699626887617560545689517977E-0004
   1.26139704843060094640023683671777737E-0004
   1.24334177953690002905263646692646611E-0004
   1.22536790557286178990607033159903297E-0004
   1.22165111238302362444966712304699603E-0004
   1.29487776086945100623006845878641750E-0004
   1.16246691623211718749104018462221619E-0004
   1.02436012237757620225833121064552828E-0004
   7.60353525766845835582086239619749627E-0005
   1.01786320164595506102494152203557661E-0005
   1.01731508559627880669329866277452620E-0005
   1.01684408838161766198201636750074057E-0005
   1.01643674386942794174635608343002818E-0005
   1.01608234103658994813137793094154618E-0005
   1.01577228587695342648062191530966499E-0005
   1.01549962681264436881340762908981695E-0005
   1.01525869800734492747610942905121490E-0005
   1.01504484865237671993111614949102354E-0005
   1.01485423560744369974020434845471695E-0005
   1.01468366319270732550350251649395276E-0005
   1.01453045840114421982523874301219564E-0005
   1.01439237295316479541112325176161509E-0005
   1.01426750586191336716397522884880468E-0005
   1.01415424179419283507114796715959828E-0005
   1.01405120168622777287051130772823360E-0005
   1.01395720293411628960063614389941292E-0005
   1.01387122711493466250035390270149947E-0005
   1.01379239366842571993093511227369630E-0005
   1.01371993832503756865995269050038706E-0005
   1.01365319533517610074484487467597798E-0005
   1.01359158275944535044699415592195350E-0005
   1.01353459023670926099601342352702341E-0005
   1.01348176876795544839637560637097337E-0005
   1.01343272214794545420252706182873603E-0005
   1.01338709975000020498138589892095745E-0005
   1.01334459042684340136642382847450795E-0005
   1.01330491733584089980934059990778587E-0005
   1.01326783353298834756843708050693708E-0005
   1.01323311820869037646953130318684682E-0005
   1.01320057346134200643931277964248507E-0005
   1.01317002152319249705524399294415185E-0005
