   3.97387508843413717416194499093563227      
   3.88813989337125543965695634633765010      
   3.79924009248664498306672555381678291      
   3.70610022501066691964770304699049812      
   3.60726932315675401810271172687527863      
   3.50071756207032098232126818847409732      
   3.38354334776843859884123318390233657      
   3.25178002643194592827989660195802170      
   3.10115102996281239509775932314927257      
   2.92731327754697646769702282794750862      
   2.71910741093825034716303705177022247      
   2.44955977263581201319128134465835564      
   2.04929795717795153347282061849266438      
   1.12631327410846434265363661239425694      
   15.0012847082323606553183328315340310      
   24.8255854297725938362392703602053884      
   32.4737105857651561361489135582011907      
   38.9761161182600710239723089205981817      
   44.7374748054717634087869973342172119      
   49.9698004260655513635531694178359293      
   54.8009482492893359071928808290045354      
   59.3145744644901159856270347104810507      
   63.5686265192439385231860021078911775      
   67.6052055670852645156476306439234699      
   71.4561889442377068168906812289314665      
   75.1464850363008021985786699270063485      
   78.6958824767496867977363090194305043      
   82.1199911642505940412474042129767032      
   85.4304250340401721357227680409697176      
   88.6339462500396230754235031301122817      
   91.7291576342006505052260660734927554      
   94.6926323424291954975136364929749941      
   97.4115438016155371797321548541990185      
   100.023758823039359772813351106530532      
   102.576761445607057481105087057047573      
   105.073039943716184673156033588674198      
   107.514945788474013644899075474829965      
   109.904699770091543232918323974381575      
   112.244398436020697883708639391666526      
   114.536020675686315399659110021729784      
   116.781434324718094010325759697854007      
   118.982402690507907444065804096314162      
   121.140590922858532828635712186913717      
   123.257572171543169024159410920457775      
   125.334833487961879641655783879461941      
   127.373781441095719850842138242898958      
   129.375747429271785819318177463089794      
   131.341992678402486255632101685068273      
   133.273712924838489191560336154190352      
   135.172042786968478661617404208017371      
   137.038059834086220473751998869877228      
   138.872788364357971873564844487407772      
   140.677202905971159808885538671177851      
   142.452231456945619472762540171181784      
   144.198758479866036586940675027537886      
   145.917627668026245119299411502648631      
   147.609644499330950159794082328922620      
   149.275578593871112095010342812367756      
   150.916165890435610272453322444075634      
   152.532110656468744699646851640618121      
   154.124087345114425417138208650662297      
   155.692742312095076423006639669745120      
   157.238695404262651049954481781790977      
   158.762541430759964382073132784217572      
