   4.42775704772813408214589885086788372      
   4.37414090488967654293597104104156827      
   4.32172572719429014441012122380370273      
   4.27044820314729451376166391842441713      
   4.22024871508724396530601870385290864      
   4.17107097640042930816291551745154965      
   4.12286170709961682249214609009802481      
   4.07557034325299303505790286872555420      
   4.02914877623158890571329515755404731      
   3.98355111817174010017804899066522531      
   3.93873349043082107289160132535480333      
   3.89465383215405095696436647721774422      
   3.85127172637233164571294774448340139      
   3.80854824131950190407176532705065649      
   3.76644578489450473019622858501458220      
   3.72492797040305262174854217586784291      
   3.68395949189590965124575110963879978      
   3.64350600757897128528248038057200700      
   3.60353402990572304071930678883928751      
   3.56401082107615208850557622715134435      
   3.52490429275913007118613173808639523      
   3.48618290892844839227097610977584714      
   3.44781559075625918530368207965770724      
   3.40977162254199057888487614119553410      
   3.37202055766952098122592453787004725      
   3.33453212357994225834707355545090457      
   3.29727612472033091441107804061008122      
   3.26022234237877991612473074619759376      
   3.22334043024040891064704688544110783      
   3.18659980439421560085719651213736738      
   3.14996952638253474617217180554504618      
   3.11341817770743558037779342485912509      
   3.07691372398394898356234843236665141      
   3.04042336664914666233944172781667814      
   3.00391337978553196426876490222449698      
   2.96734892918097849691013291223162391      
   2.93069387020385228025388682009142174      
   2.89391052039281883951596068734955291      
   2.85695940180973511322517079405431959      
   2.81979894713188439285732383106425175      
   2.78238516210175304234176092048764995      
   2.74467123522103503076107547451148665      
   2.70660708335299972065751598314125347      
   2.66813881902078016281614552798649964      
   2.62920812143570568420345145590838495      
   2.58975148834601499067717054899231795      
   2.54969933921997913707507691916136866      
   2.50897493143394950370263227384026041      
   2.46749303910483924404529346289401941      
   2.42515832762688556386840515637075939      
   2.38186333380754583238863917191170530      
   2.33748592863159294325719803347118387      
   2.29188609226564016910969098935301375      
   2.24490176122067885595351013968144806      
   2.19634340300573241956718283471421768      
   2.14598681297768279998904985121882888      
   2.09356337482424771215615914835476637      
   2.03874661466825514782563930921002997      
   1.98113318703662527118562826562023991      
   1.92021522084453558391354092826236956      
   1.85533873618743338799682709879516057      
   1.78563855085072049763726947620397027      
   1.70993122488529781427043807675560720      
   1.62652772882200727737654963666543125      
   1.53287833403440999937872067819661202      
   1.42482320213300299784189302775909298      
   1.29474916709644474260409695403021921      
   1.12580515987496988084253292539058899      
  0.862213401933063901432829601608163063      
   2.12165054644678085378122759140732149      
   7.18808447422176002863481294461812827      
   11.5880138054811831841374678175288343      
   15.7147128566021633981902568946418473      
   19.6776246294462136665399470131583422      
   23.5268593310741334027870584995242731      
   27.2902562180600991537270432616251834      
   30.9851196279389980003545316791199278      
   34.6230693715718271750786035065223698      
   38.2123595361438785236598235442951680      
   41.7590761950984324593025262785367692      
   45.2677712854493417056931241092780281      
