   4.41629566164643109614704593012729025      
   4.36193428050841447710276016736732660      
   4.30874206430216162864759478496076205      
   4.25665444702270787595796246017267616      
   4.20561055441039596939383476691016014      
   4.15555283515018721601774814374270184      
   4.10642672824917333128038471574337141      
   4.05818036244036749494573834768329555      
   4.01076428390022280643164693629086951      
   3.96413120894543504650645065547366603      
   3.91823579870257366669962207031410996      
   3.87303445302829287006186855662674111      
   3.82848512120560855264175824638905298      
   3.78454712715633199510459076022869687      
   3.74118100709526367049917459236789222      
   3.69834835771068051382154786936785689      
   3.65601169308911635728259416910255503      
   3.61413430871241905359208328995717866      
   3.57268015094124117453769596713923846      
   3.53161369046199150064650812932211719      
   3.49089979821316875263936240435655407      
   3.45050362232080696667206953309055955      
   3.41039046455949565078930177998968815      
   3.37052565481327564491889704408275204      
   3.33087442193531585067765136030938377      
   3.29140175929304745481310822817267095      
   3.25207228312958994330401644880754008      
   3.21285008166611468076313373303784251      
   3.17369855260209085755724680023614144      
   3.13458022632923723886224695315366365      
   3.09545657174297203754542929181289652      
   3.05628778099027025834994899814138179      
   3.01703252880673364036704355397872271      
   2.97764770122999018484160756636886545      
   2.93808808738167648838755857579376762      
   2.89830602661885499872209655340180506      
   2.85825100157831438086484213741202262      
   2.81786916535203536256041171644683080      
   2.77710278807209731703512067029620528      
   2.73588960431859135236335625587338565      
   2.69416203767210177356736803338848109      
   2.65184627195787023146551264602271328      
   2.60886112961889623196640041138815618      
   2.56511670526194774416525648005134125      
   2.52051268534483632391118401515483097      
   2.47493626111836147634460918073688937      
   2.42825950809824510672955489523806736      
   2.38033605653304379301673511563515230      
   2.33099680560542596382240767475914177      
   2.28004432649010930866198493789507704      
   2.22724543413727493943405688512955979      
   2.17232114712965081086900634197249838      
   2.11493283178929489684292526498091683      
   2.05466261534043715465038381121986921      
   1.99098490868345226585775807540217097      
   1.92322359975754000638875278181363517      
   1.85048506725052444462256441431312224      
   1.77154805064398571907321535068812060      
   1.68467101659650784717393953465813155      
   1.58722719315130869944489306656944447      
   1.47493494482971543337340594890287654      
   1.33996701834345383911995596643217622      
   1.16502835748259908049184686289583000      
  0.893105125794385238540266344019619174      
   2.23155177627130148652181356148958233      
   7.62790607530586023515074622049354177      
   12.2781067580286554605062458228342609      
   16.6146162704579563908482096537412391      
   20.7580296099244895616082970784686224      
   24.7639513998153318185409424033313332      
   28.6635770095597287451635742488111985      
   32.4765231885246363904419233605470916      
   36.2161195284237972614706797170360744      
   39.8919357312221768621563888753026903      
   43.5110937347967012662952783007312893      
   47.0789764736414998019881910719624049      
   50.5996117177006558916404133367904201      
   54.0758722772404224581070389005163798      
   57.5095696357176150984520148949412649      
   60.9014829748716637385800519142915548      
   64.2513410661910180531699819281761922      
