   67.9519922109847163708771737197709210      
   67.7530555250100716027424556404155710      
   67.5490110598233015076119054268513622      
   67.3398132151908511619300618141350076      
   67.1254085461895425430841847751464076      
   66.9057348802179146278373498157391063      
   66.6807205206873326084473205252325603      
   66.4502835301357658491463536731628081      
   66.2143310840260820769901643409372301      
   65.9727588854049975939556351463602933      
   65.7254506298388555531680975041200002      
   65.4722775095513237582775701141582147      
   65.2130977453957458824041814134146756      
   64.9477561351527988950734672741956950      
   64.6760836065997481285811863338318187      
   64.3978967637991712444302452859288031      
   64.1129974150698667143874348529080736      
   63.8211720710802752671334189311858073      
   63.5221914014175253697553651231584225      
   63.2158096377948237705688756201599257      
   62.9017639117335204606774927680042769      
   62.5797735140587963930470916081708318      
   62.2495390628478244890703111525092859      
   61.9107415655227878586232603777512522      
   61.5630413595483850131198308768526357      
   61.2060769146230576233311368369497373      
   60.8394634772846454870820677503254540      
   60.4627915364121184728557176326719224      
   60.0756250851071646136574002103434418      
   59.6774996507724667533640997245917527      
   59.2679200607301705299034726999745256      
   58.8463579052716563820164583860947629      
   58.4122486533821807581236688717703416      
   57.9649883682628960346158863856942224      
   57.5039299598257203217994497715535302      
   57.0283788991092598478309916514882863      
   56.5375883044676935379041923933591622      
   56.0307532906566563018605984708368231      
   55.5070044485723200298328654232035076      
   54.9654002940712170590598350451981046      
   54.4049184872386735375058321154361171      
   53.8244455763111238413571712395545921      
   53.2227649599742762372215357265373785      
   52.5985426835475996880271186327119159      
   51.9503105825269326275217658469896849      
   51.2764461525541500125029751487902336      
   50.5751483460149173022098252935409951      
   49.8444082547581418270083822571099186      
   49.0819733105658489426296454639649798      
   48.2853031825121750347585649219834640      
   47.4515149168159240861547484183094725      
   46.5773139636467961027000809167175222      
   45.6589064309570468517483312535993604      
   44.6918859802924783169908229727764657      
   43.6710858758086236898251871280104939      
   42.5903822091492498459115716854418736      
   41.4424271883246938324211453933688148      
   40.2182796707787523752699087542499600      
   38.9068801868668865318761434247584173      
   37.4942822742096398432534738485816209      
   35.9624857375076458021388662517789536      
   34.2875861051940270342330930492360782      
   32.4366745441614671823824379728850242      
   30.3622700925619923091349527908261514      
   27.9913628202543763443349984853301400      
   25.2009579666483876208610646966424001      
   21.7521645216662282861850629169061701      
   17.0428128792780518736198938795839995      
   7.66519158349176061523903052828006673      
   3.97345961898730587068957547009088878E-0004
   1.47599010821891048523862554308583830E-0004
   1.11727377738280243250578130212410614E-0004
   1.00200243298435021262524825365029960E-0004
   9.36740378431652302181118420114197675E-0005
   8.85160142059881973086593927189872636E-0005
   8.41274149705652233282967244613846189E-0005
   8.06413354888133736384460790709403588E-0005
   8.05575126137330533761590088959849420E-0005
   8.24750819307567081416881752666550702E-0005
   7.51171245517919659872796482281766999E-0005
   6.99819682594953694529241909527571071E-0005
