   1.21310642547727394204670174610654267E-0002
   1.21488608309055907265012996342465512E-0002
   1.21671959522677269605282178258976003E-0002
   1.21860806006272216012710130982340991E-0002
   1.22055268104684027232499560867537194E-0002
   1.22255477816631115335497315686283875E-0002
   1.22461579890749439211246495554784139E-0002
   1.22673732899248075372425630109161549E-0002
   1.22892110299182968555583836575383049E-0002
   1.23116901492834664061030738851007086E-0002
   1.23348312899976073880585260015152101E-0002
   1.23586569056006767253718002070715832E-0002
   1.23831913751051046108417521884235542E-0002
   1.24084611226238543035828981446191966E-0002
   1.24344947444568782038366485609826128E-0002
   1.24613231455047170097812227514127959E-0002
   1.24889796870259481994093867630792091E-0002
   1.25175003479260281208342166548289254E-0002
   1.25469239019679046154278932786280418E-0002
   1.25772921135368822167993878890235712E-0002
   1.26086499548823386101663334152270413E-0002
   1.26410458481069568847541361524954248E-0002
   1.26745319355939961451993503400460972E-0002
   1.27091643830670142916334306675693753E-0002
   1.27450037200835658457768549784471407E-0002
   1.27821152234960788018283404011769677E-0002
   1.28205693502952603683932383741085318E-0002
   1.28604422273174642526996171717055052E-0002
   1.29018162065882643346242044757657566E-0002
   1.29447804966428263293323584779864322E-0002
   1.29894318820732032564695302559825335E-0002
   1.30358755458893467407611760605613494E-0002
   1.30842260121472672703373846100918092E-0002
   1.31346082298387635998522071969614546E-0002
   1.31871588234216177652405018196032444E-0002
   1.32420275408387991459917322302880001E-0002
   1.32993789367294177216993996956111510E-0002
   1.33593943371831263464022274069673215E-0002
   1.34222741433709493033095184292308190E-0002
   1.34882405454295129485852680243729757E-0002
   1.35575407360726163467056181550664294E-0002
   1.36304507369060073410440338271735255E-0002
   1.37072799812156041049678209723107053E-0002
   1.37883768377068730819931476346582486E-0002
   1.38741353140277243395046254971806067E-0002
   1.39650032522439383035787517099461392E-0002
   1.40614924285195056162862349107348457E-0002
   1.41641911075166356118949490269581540E-0002
   1.42737797955919163908411094502237610E-0002
   1.43910512117803737572055279697840901E-0002
   1.45169358922092976864651474666290591E-0002
   1.46525354258514837548100945549107518E-0002
   1.47991661906601953914091634391387600E-0002
   1.49584177901919209830187488544686567E-0002
   1.51322324729092436150851481311338588E-0002
   1.53230151601300095513538897896710695E-0002
   1.55337892407979249894688951718257131E-0002
   1.57684227601684281435616885845094769E-0002
   1.60319664822042897810064837866266204E-0002
   1.63311766952587059261334949736821609E-0002
   1.66753573165121532296434335059557871E-0002
   1.70777851044375767508599210058779771E-0002
   1.75582746615168782509512898932017705E-0002
   1.81481717368475039424459028790868482E-0002
   1.89011390992554184456545536029962713E-0002
   1.99200981991741824863492358139587285E-0002
   2.14411838290475422269599093892896918E-0002
   2.42230799249898124715455651925313426E-0002
   3.61192308036868735991980023917151494E-0002
   5.11288888322290696890729219956926487      
   9.74407024900580954932084703402961511      
   13.9958826208436461471100657627761139      
   18.0438029626271160671707372858781750      
   21.9571458874409350902127298754028675      
   25.7718259558283806337507959448678844      
   29.5092305366997433779228534553277045      
   33.1832962882448015139497355032317034      
   36.8037121952533521680227483774044368      
   40.3775294793092074698183870070534141      
   43.9100107651012136129360322175771644      
   47.4050771679800465624024703565173788      
