   4.42662655311684095871244952286407663      
   4.37293172317775772331945782444650753      
   4.32043444752561290958753439107985097      
   4.26907130009823459491763705261224396      
   4.21878254940713669286540758894533245      
   4.16951179533856462536334126030141916      
   4.12120564406575676713977833300160484      
   4.07381341659814653854611384559612422      
   4.02728688697253474267210355479314837      
   3.98158004651564901762443199071130227      
   3.93664889098386826115827397769903121      
   3.89245122772051821495667464888260683      
   3.84894650026768615836971221394335688      
   3.80609562813237158628160063668208809      
   3.76386085963895802007328440505437309      
   3.72220563600353600058875941336384942      
   3.68109446494363653192874199106893324      
   3.64049280229017325069361590195390297      
   3.60036694019911530969832390713161733      
   3.56068390066948800749024430957818862      
   3.52141133316265204622771739900284880      
   3.48251741518593848286458164531457916      
   3.44397075475231329461137117958083041      
   3.40574029365618270144424877625910069      
   3.36779521051366458380113007080655073      
   3.33010482250264905539969714924694445      
   3.29263848470215507902355494411642075      
   3.25536548586983192579444277632100865      
   3.21825493940795568673245997849460217      
   3.18127566814812573575314590364717494      
   3.14439608142765869524657350016597476      
   3.10758404272989808595274816447320291      
   3.07080672590722875879251806009654910      
   3.03403045768874622725184325992545013      
   2.99722054377867133163425355003698512      
   2.96034107535851349577353782850787491      
   2.92335471219000173052825012155086427      
   2.88622243774484875258019804403463067      
   2.84890328081770804922921615588031478      
   2.81135399685342356875795982433878416      
   2.77352870066194326177960022203795498      
   2.73537844020010588495811884780641838      
   2.69685069852861063031366511906020376      
   2.65788880770953590453538508276583580      
   2.61843125402554727819055718940365998      
   2.57841084809567936965570282377907808      
   2.53775372569324894619798651613017313      
   2.49637813455689519939821187229370150      
   2.45419294808073488214650091561646837      
   2.41109582676919919828025223124836103      
   2.36697092016297242750380790881573025      
   2.32168596159811641043411019027247130      
   2.27508854936246708786947370898013394      
   2.22700132041515372409791839737786117      
   2.17721559002432759683187859328205090      
   2.12548282378369772045103496038711854      
   2.07150297694753891894598995534301506      
   2.01490818740778847678092927029230875      
   1.95523936638145001460104609916245423      
   1.89191154103479473560785848665578999      
   1.82416061473129797696636351394205181      
   1.75095781933662606500751545584462797      
   1.67086435165325482646421793809958975      
   1.58176614820729792964590561691243936      
   1.48034245534872549193462400897060134      
   1.36085379561869363498237776881018950      
   1.21178357351722281661573288876013347      
   1.00271513919691354794929374641004506      
  0.541077936239988279246058488137524162      
   5.11288888782055244525707199001470614      
   9.74407024964971074551653543451787975      
   13.9958826212161722016897899843341579      
   18.0438029629287360966749681070222079      
   21.9571458877057269370119293067213235      
   25.7718259560654621726449855938834068      
   29.5092305369141709584019410872155047      
   33.1832962884418282601778670455740600      
   36.8037121954497574078143119375626998      
   40.3775294795146597989680341608955866      
   43.9100107652711641566929892857012455      
   47.4050771681270430421271223208945245      
