   4.40410340532637677372621253414810158      
   4.34903740478260493307342137833288010      
   4.29511038459005648260433625373758394      
   4.24225622219897727950220720352475735      
   4.19041246246284600100452868072432217      
   4.13951993882458593390566368447547302      
   4.08952242893351536772435558361091810      
   4.04036634082152410408531954039891099      
   3.99200042614456512496308195767524595      
   3.94437551731189150106089446926884754      
   3.89744428559162162665698630204480379      
   3.85116101750583853369811657824582052      
   3.80548140701708159048024693264989902      
   3.76036236116537666615711515850634691      
   3.71576181694302445940456629539062474      
   3.67163856729494798980289014959405846      
   3.62795209420555440763637612321214808      
   3.58466240687787342051084995707049143      
   3.54172988302604566892915034699957019      
   3.49911511128476248673312811771871488      
   3.45677873268550757926629472152541983      
   3.41468127905470898685756715627290407      
   3.37278300604591644387015496714886065      
   3.33104371831867077831009163604877954      
   3.28942258411015744957865340571910155      
   3.24787793609675700603505788381627143      
   3.20636705499353001587320156974825724      
   3.16484593176621670942823097756782681      
   3.12326900359990993676125978609207563      
   3.08158885784115744028250667381807719      
   3.03975589694898431046055423095357342      
   2.99771795598198859477236388286003526      
   2.95541986221413449310559481806725122      
   2.91280292397524422792411191014740830      
   2.86980433256849713130278108709539383      
   2.82635645686928266689131004827971249      
   2.78238600459738960561224248843193983      
   2.73781301676644839242847029269108482      
   2.69254965171650066196081674207619332      
   2.64649870135634865766157321971779078      
   2.59955176319637659356342281532941630      
   2.55158696505167600089397761043285183      
   2.50246610127571760402863511088589201      
   2.45203098430872931156721782087627129      
   2.40009873400181417433220791576311847      
   2.34645560450673588876418138409339235      
   2.29084875898461868446331644846482531      
   2.23297510147636610116594091393108445      
   2.17246578250279432195072108661261364      
   2.10886415877504454290906676961746565      
   2.04159350871367050856295646187768566      
   1.96990806152237276918112369473180655      
   1.89281550699195476901116981541219926      
   1.80894781311805369528653690311966057      
   1.71633123075731121058779699775191531      
   1.61194030490457493338063728046075278      
   1.49072681500292074673204658584701576      
   1.34311674452361308694537858364616740      
   1.14647840424445083540797134478624715      
  0.810453903881982171940603441315478009      
   3.92021912173076002953275374491739942      
   9.31905232792626418078675180994815780      
   14.0953489785454712747893671136895756      
   18.5612355492741127670833919584536767      
   22.8233015639716296344828759439008005      
   26.9343292476196653265749515262225869      
   30.9252828052803349339904878813651529      
   34.8162995995306375527985224725160204      
   38.6214285081566753543223188981394180      
   42.3509582399516580630430819313719443      
   46.0126548827038894822123533217191178      
   49.6124490180799931046803908737461741      
   53.1548233246005351682513923044549060      
   56.6430280144356964567224197644994156      
   60.0791913459946508500240834694409891      
   63.4643574019392241496850936382431671      
   66.7984534663082123009717253029910159      
   70.0801366600511149810582345765882641      
   73.3062296425039291281308796984352994      
   76.4704226623786944444225894901087627      
   79.5728447740049917632878990183495352      
