   9.05766603039004141089480886432022918E-0002
   3.00922032972236568831025148696503726      
   3.13225954074105972247103690777828426      
   3.26031646700132426972540576476886103      
   3.39360096679768462533868611398790543      
   3.53233117197867080914445005205414597      
   3.67673384615996663470808279308968974      
   3.82704475605917954686397808465929998      
   3.98350905652754872429023712968982907      
   4.14638168987208092533717453001377920      
   4.31592780007914032818876049659172076      
   4.49242316256768635161974263238457367      
   4.67615463011731424108478663300452311      
   4.86742059563308923222384555190228772      
   5.06653147242589577473067605934352000      
   5.27381019270361722335988505231166705      
   5.48959272498484435535826116041453271      
   5.71422861116286561896033452023579908      
   5.94808152396331844801869595649711379      
   6.19152984555370575360633055535046470      
   6.44496726807723432913935687114465582      
   6.70880341689618474376497028988249303      
   6.98346449734165256077946990368075999      
   7.26939396577621568523312923238571817      
   7.56705322578368320728752414495287529      
   7.87692235030506772773457649840961868      
   8.19950083054178551172861405007980642      
   8.53530835244523699400859118266102176      
   8.88488560160568007229080784951915034      
   9.24879509734191044605043666982536595      
   9.62762205677582825334328917897328166      
   10.0219752896514958701181494322746365      
   10.4324881246256346875926478680123448      
   10.8598193677143659211596032187271384      
   11.3046542935278876228904524086624600      
   11.7677056698590074043225748863567997      
   12.2497148161110955987936753748381795      
   12.7514526959539018153546859846158121      
   13.2737210444793083489250673290216409      
   13.8173535299906601018324821754533947      
   14.3832169503956332951763509932515721      
   14.9722124639800597862429479221570599      
   15.5852768541146290720131318685927366      
   16.2233838271834029560180934865510071      
   16.8875453427173521185309527598370471      
   17.5788129743616367323316087569104765      
   18.2982792998961332021898792880429934      
   19.0470793180563469667249363969582677      
   19.8263918893588987045641963035584478      
   20.6374411975120785685979882984603949      
   21.4814982272770065225924901318561086      
   22.3598822538262012657510534320715589      
   23.2739623377097169091749813565924023      
   24.2251588184680453479317041839442355      
   25.2149447987070194129066645343801531      
   26.2448476090512767317364320581681781      
   27.3164502427956499144949595570011174      
   28.4313927472510763049999552124567791      
   29.5913735567057261979356546477916335      
   30.7981507495653886672100090605539046      
   32.0535432095763189698402500654127438      
   33.3594316680541222181898180919519639      
   34.7177596007443552161061680906352918      
   36.1305339493479505195962265699436426      
   37.5998256339112419686760989950462499      
   39.1277698182940128772164691808751956      
   40.7165658869076407934964563641236212      
   42.3684770869882272820422224145832177      
   44.0858297869341923204591089719654644      
   45.8710122976860957082012777068650537      
   47.7264732005310315592958181786989185      
   49.6547191204786103116974903825385451      
   51.6583118783435742784242398939119863      
   53.7398649450506647228992063667225689      
   55.9020391058516330876055337516865426      
   58.1475372168452448814548021650661568      
   60.4790978978593920056895256188439287      
   62.8994879512838223551782702990985628      
   65.4114932243284865299552023173103113      
   68.0179075440096042497831187065000228      
   70.7215192562016766050232558237210596      
   73.5250948046097038529841756118113394      
   76.4313587112544172662063499959624892      
   79.4429692911715873878604320368060015      
   82.5624894767167032997187809768284661      
   85.7923522632020832454532021274285172      
   89.1348205262845288116644557316931883      
   92.5919412867452826258633331377887496      
   96.1654948595792500374181861063069220      
   99.8569396330448013933360919573879864      
   103.667353363418306295679253923581239      
   107.597371729379687868973455630812659      
   111.647124403859314125171562635878669      
   115.816168110233394394960856993660920      
   120.103415202722661135577602314529460      
   124.507055525147935290771503060614142      
   129.024468970726768657250504491354888      
   133.652126538255284577293753767303805      
   138.385478867925973150811634006673579      
   143.218833201450839026704496752921841      
