   1.27020485201939755254773136544290613E-0002
   1.27638185725533706230106754998502183E-0002
   1.28308957335191241566884969940722326E-0002
   1.29040339914420583170709341896448227E-0002
   1.29841426452945360387337306761028266E-0002
   1.30723310383234471798663265365431265E-0002
   1.31699697678906438233269937290390954E-0002
   1.32787759001284986949531187184054711E-0002
   1.34009337427737346940083523354103481E-0002
   1.35392690745243248154758784041620461E-0002
   1.36975046728127334659254925528339719E-0002
   1.38806404481543280900479190400817515E-0002
   1.40955264003113830592114368826244100E-0002
   1.43517458183503713983982393956034647E-0002
   1.46630679752352245061329664854600693E-0002
   1.50502070928684365532632466606659106E-0002
   1.55469891801521325960910673942084425E-0002
   1.62154553967968417998413277659566994E-0002
   1.71872947259468621146968293141440692E-0002
   1.88140379140555793616025609038068922E-0002
   2.26880606523635883349740723807323802E-0002
   6.74126848431924048158635674979180510      
   17.3671968133183178422424658038339570      
   25.2422767520547699497028854270653752      
   31.8845588797454844236791428217710670      
   37.7639399378442594108242912019419994      
   43.1074465723908110658210815968467372      
   48.0470664200181984345030934098665658      
   52.6679471940106615769760723994546516      
   57.0287304659988102703691443549235775      
   61.1716382836772741425353378323529737      
   65.1280221945053239173624683849542941      
   68.9215948961412778431449653750291429      
   72.5703121545313529189368605653192419      
   76.0873145435501199626944184829841262      
   79.4809468642061117796454035134952424      
   82.7531519039122593778396186720922521      
   85.8914927336930896093862949459293163      
   88.8371843293150685959415731088110152      
   91.6849617528465794585855429868660365      
   94.4606120575205988784171857351777437      
   97.1681746853903423480131618010248337      
   99.8113162728724237867089787692292020      
   102.393377070419889256253214763075511      
   104.917410001417882511416511006042551      
   107.386213839103435667004076708325907      
   109.802361615181677038205244771995382      
   112.168225112744424978482779038807915      
   114.485996106764219982230755029219479      
   116.757704876117710665405401081655350      
   118.985236406874554478597405266514227      
   121.170344627643919137498808099226598      
   123.314664957273316228705391968398052      
