0.e-35
-6.35247112849577378023635497857e-6
-6.56778885848784029451770956903e-6
-6.79040480737947300516751781556e-6
-7.02056634912871962037979720157e-6
-7.25852924246201617753893042202e-6
-7.50455791507686335066546393449e-6
-7.75892575747758473216434274334e-6
-8.02191542677068149588012714427e-6
-8.29381916075736509135297357122e-6
-8.57493910267229198751241107738e-6
-8.8655876369293546927630529173e-6
-9.16608773624761447340084629768e-6
-9.47677332054310696502533200764e-6
-9.7979896279853262742422983588e-6
-0.00001013009359863071072894135574909
-0.00001047345427105942917568728757372
-0.00001082845319245621617232071933598
-0.0000111954848425909436391532664786
-0.00001157495707217006211382998547086
-0.00001196729155604601386636420326163
-0.00001237292426178823051712675781515
-0.00001279230593413639780826565050835
-0.00001322590259587431877657454384249
-0.00001367419606568095337458802674651
-0.00001413768449353407786275627079189
-0.00001461688291426151201230041858152
-0.00001511232381985502798968701142367
-0.00001562455775118290414813899130666
-0.00001615415390975864299731679825425
-0.00001670170079024565931263551736054
-0.00001726780683440078644591512271422
-0.00001785310110718327201389488237853
-0.0000184582339957805647431585514712
-0.00001908387793232765970908376843234
-0.00001973072814112309782012160167
-0.00002039950341117193642375448929485
-0.00002109094689491415159525687462112
-0.00002180582693402603028854907488542
-0.00002254493791321219441367187456194
-0.0000233091011429370024873513244857
-0.00002409916577207623234450582031009
-0.00002491600973150319623361414062735
-0.00002576054070965781439307339511643
-0.00002663369716118271311675996368121
-0.00002753644934974715785741109710245
-0.00002846980042621762191721745694271
-0.00002943478754337306895117804795842
-0.00003043248300840363650622220423164
-0.00003146399547447339326313484712468
-0.00003253047117267125119374415747551
-0.0000336330951857189937288282979349
-0.00003477309276485178212392399078535
-0.00003595173069133447607221713831044
-0.00003717031868412670455519114029154
-0.00003843021085526090405885128623691
-0.00003973280721455056060045088072419
-0.00004107955522530070842352380448519
-0.00004247195141274941264044420025292
-0.00004391154302702755850909716978548
-0.00004539992976248485153559151556047
-0.00004693876553529256751729327246298
-0.00004852976032129834958060937621517
-0.00005017468205617530218583372659008
-0.00005187535859997685436600252103149
-0.00005363367976828043305887466232254
-0.00005545159943217698180887754446543
-0.00005733113768943986258277116422391
-0.00005927438310928577396949622156391
-0.00006128349505322209551324093143829
-0.00006336070607455961623035416720874
-0.00006550832439925701943660532500128
-0.000067728736490853872997188458992
-0.00007002440970234231443596139726602
-0.00007239789501792422783489559033617
-0.0000748518298877005914711893193546
-0.00007738894115844294266826021435157
-0.0000800120481037036741302060552612
-0.00008272406555663226272917182333797
-0.00008552800714897865998463173593223
-0.00008842698865988307013381797182948
-0.00009142423147817333786294324894684
-0.00009452306618201729901332432393381
-0.00009772693623990785405382196791331
-0.00010103940183709335073067273371162
-0.00010446414383170525888902561011463
-0.00010800496784497924190674668783022
-0.00011166580849011473564008537617776
-0.00011545073374447220283066921549489
-0.00011936394946996650975436086506209
-0.00012340980408667954949763669073011
-0.00012759279340488549561839110487551
-0.00013191756562085810028003062955198
-0.00013638892648201144784776508213627
-0.00014101184462711374064163280180448
-0.00014579145710750823714437802852331
-0.00015073307509547660064340646391535
-0.00015584218978608787155168597095797
-0.00016112447849909128058543494179216
-0.00016658581098763341149213050712471
-0.00017223225596081004813421580985624
-0.00017807008782730065682788205382206
-0.00018410579366757912495477618985823
-0.0001903460804424483739995128611831
-0.00019679788244590907156262087839416
-0.00020346836901064417436893343048713
-0.00021036495247468174453833845181906
-0.00021749529641808870633839612186251
-0.00022486732417884827279863356012184
-0.00023248922765738400436761446546501
-0.00024036947641951420997118441622967
-0.00024851682710795202080347447063711
-0.00025694033317280932745206199991841
-0.00026564935493191725251626869730949
-0.00027465356997214232762778939376146
-0.00028396298390325646298200984784685
-0.00029358794147631056019680436855791
-0.00030353913807886666086550953220865
-0.00031382763161986229364998741478489
-0.00032446485481731364751183812069006
-0.00033546262790251183882138912578077
-0.00034683317175482935303906836036283
-0.0003585891214817322417163919452836
-0.0003707435404590883744300214229766
-0.00038330993484737353268069722076977
-0.00039630226859990595713131278170803
-0.00040973497897978670846196784093378
-0.00042362299260278848313956343283292
-0.00043798174202401996668355593886414
-0.00045282718288679705799720726459781
-0.00046817581165277703047720746428422
-0.00048404468393305760312500620172778
-0.00050045143344061069550203582085632
-0.00051741429158511107616763541722871
-0.00053495210773193395243481241377009
-0.00055308437014783358310200008853033
-0.00057183122765657804538219963265369
-0.00059121351202860420046568761555419
-0.00061125276112957255567022977674462
-0.00063197124285354502131907432890326
-0.00065339197986738044442887197222534
-0.00067553877519384423783672431778061
-0.0006984362386618604142367046117651
-0.00072210981425329791537269097279831
-0.00074658580837667936809064751533542
-0.00077189141909923040812703194606217
-0.00079805476636975263396140870381466
-0.00082510492326590427014622545674948
-0.00085307194830061095571066186313168
-0.00088198691882350599345358222582513
-0.00091188196555451620800313608440934
-0.00094279030828796761656604674720771
-0.00097474629280688581428759224752927
-0.00100778542904851076144753557516632
-0.00104194443056343602667205242120101
-0.00107726125531222003394225423761549
-0.00111377514784480307878921964046777
-0.00115152668290960047218933602503289
-0.00119055781054073084679600049061939
-0.00123091190267348118462347627667356
-0.00127263380133980832333213786803653
-0.00131576986849743245691288675743494
-0.00136036803754789341685576368558815
-0.00140647786660081731896747095959954
-0.00145415059354358157440005441932963
-0.00150343919297757244738290333216757
-0.00155439843508430352591216857130216
-0.00160708494648680796010770054608891
-0.00166155727317393449908325417364153
-0.00171787594555746968474815130398888
-0.00177610354573437858723431238981451
-0.00183630477702890682522793629989491
-0.00189854653589182002825287426248398
-0.00196289798623667618206774632892052
-0.00202943063629573436338625345978209
-0.00209821841808090322534972697312008
-0.00216933776953802735181103526138534
-0.00224286771948580247322361652145367
-0.0023188899754337048554929179103465
-0.00239748901437651937398999059500202
-0.00247875217666635842304516743081671
-0.00256276976306648356212740471314086
-0.00264963513509477746364704935761596
-0.00273944481876836923277552084214492
-0.00283229861186469557890349660946306
-0.00292829969481818783109208967298123
-0.00302755474537581474819204459548814
-0.00313017405713888796747238016152554
-0.00323627166212285540503431848842784
-0.00334596545747127276573243602060657
-0.00345937733646475950118038841595605
-0.00357663332397051820124807142964016
-0.00369786371648293082069263644124916
-0.0038232032269108468113997632240459
-0.00395279113427245282118981305715087
-0.00408677143846406699346470268472079
-0.00422529302027483911800031158995797
-0.00436850980682516720719052307336516
-0.00451658094261266798164901870578041
-0.00466967096635576994145999350419056
-0.00482794999383144009872722306881734
-0.00499159390691021621228672594207453
-0.00516078454899860289805715368658764
-0.00533570992710600994091542364641911
-0.0055165644207607724179937546673028
-0.0057035489980074030388599900540829
-0.00589687143872509587238844486753618
-0.00609674656551563610713456478542487
-0.00630339648241728172194934101629508
-0.00651705082170987927308510025738569
-0.00673794699908546709663604842314844
-0.00696633047746791507185271535752707
-0.00720245503977476102134417408552939
-0.00744658307092434051823604642012833
-0.00769898584940158036977935967436853
-0.00795994384870644776776163376021818
-0.00822974704902002884136202676607424
-0.00850869525943456432088601283559
-0.00879709845110550883780538255548931
-0.00909527710169581709205407429138792
-0.00940356255149520819806650428852238
-0.00972229737161013292019537332424987
-0.01005183574463358164213309433154987
-0.01039254385821773868864721983710549
-0.0107448003119868264413897579538523
-0.01110899653824230649614313428693051
-0.01148553723692793136904203811882923
-0.01187484082533798600481529264056275
-0.01227733990306844117893938623654167
-0.01269348173272767902262520958234021
-0.0131237287369409631566667882624717
-0.01356855901220093175723057452576744
-0.01402846686013511141311569606901958
-0.01450396333678080367128035042373087
-0.01499557682047770621198436022872877
-0.01550385359900931888218432890621552
-0.01602935847664557433495023527529171
-0.01657267540176124754198369808345099
-0.01713440811572756253977189165686656
-0.01771518082379805384440784392117545
-0.01831563888873418029371802127324126
-0.01893644954794145780649135332027496
-0.01957830265491300276626788238428653
-0.0202419114458043884720275437436536
-0.02092801333199164336492682498618971
-0.02163737071949309257102173708891919
-0.02237077185616559577858332254082262
-0.02312903170761659776653771139569457
-0.02391299286280531731347511947160876
-0.02472352647033939120275738298340265
-0.0255615332065073992585571065650146
-0.02642794427612296170282513524747258
-0.02732372244729256080156306243555306
-0.02824986312125693528598995947102261
-0.02920739543849487027913496910656224
-0.0301973834223185007397862923636198
-0.03122092716123090753026306208808218
-0.03227916403135985841654095659502758
-0.033373269960326079482400131470948
-0.03450446073395048506936039510645792
-0.03567399334725239760443848023972979
-0.03688316740124000544560370474151545
-0.03813332654704519185058251268836444
-0.03942585997900747790246658649027186
-0.04076220397836621516607926214442507
-0.04214384350927640044444760697501206
-0.04357231386892162774590459654840327
-0.04504920239355780606833509217833529
-0.04657615022238342265683883907123208
-0.04815485412119638905772981047470181
-0.04978706836786394297934241565006181
-0.05147460670170076650283718195867943
-0.05321934433892149689063919648156023
-0.05502322005640722902994653083417517
-0.05688823834610152001234469886000307
-0.05881647164242989084183768666519053
-0.0608100626252179649956213881839408
-0.06287122660066727870384326012403862
-0.06500225396303453659186853816623133
-0.06720551273974976512655170085596572
-0.06948345122280153477902744906069156
-0.07183860068931328299065092846490968
-0.07427357821433388042821057016997552
-0.07679108957896805277227178492429088
-0.07939393227707821326431473850262213
-0.08208499862389879516952867446715984
-0.08486727897001741990835607547036801
-0.08774386502429432171234504889262453