   5.75680180862328832789351820703013421      
   5.75669425692907361772361239387902961      
   5.75651514666352854602821405956091677      
   5.75626476313267430225103753238129695      
   5.75594350843094074761004475303842389      
   5.75555190161776263876821932532507413      
   5.75509057461766978004410889005432607      
   5.75456026623219990513632761339636342      
   5.75396182769647651587355860485299182      
   5.75329627360572183615376834497808964      
   5.75256492594854336204007689659025131      
   5.75176968494698834923501445151212582      
   5.75091342310675535617399533905704364      
   5.75000046266688701792894041616803684      
   5.74903708119711953592104262350338619      
   5.74803199370013988924245937657333277      
   5.74699677117249707707169737957632645      
   5.74594616565349442966225941438075544      
   5.74489831773833695123801453033852260      
   5.74387482740650001189566760991266721      
   5.74290067575914781999589091201916984      
   5.74200399499521981409443637608830590      
   5.74121569577499131538416992543812913      
   5.74056897252051717138177231442666191      
   5.74009871641946822606277855914162597      
   5.73984087117755909560501197714502810      
   5.73983176783987953656944667610407517      
   5.74010747260747024866052965612051549      
   5.74070317646688723606192213453726714      
   5.74165264878503216546021893768891265      
   5.74298776984209192311209166137169084      
   5.74473815030317981262972700014014446      
   5.74693083966331048665348526572578808      
   5.74959012079740074753825692372204767      
   5.75273738412450391341484508005851586      
   5.75639107264200507634355794239616978      
   5.76056668760648186140330339976695384      
   5.76527684442676956578275345104049216      
   5.77053136834420252778403848950016823      
   5.77633742035382359154398825646969391      
   5.78269964470588876909864948629256557      
   5.78962033044753347973797569279667189      
   5.79709958072529651515113556032391411      
   5.80513548463850857486290217641710689      
   5.81372428748749233355486840962319573      
   5.82286055628938154641219690732923763      
   5.83253733815448974616430442500481863      
   5.84274630988434179355496134814152752      
   5.85347791767863786205847738979374216      
   5.86472150633032286436584541341169998      
   5.87646543758366150962891394295124780      
   5.88869719770682709357309992607627351      
   5.90140349440567057093784678702172812      
   5.91457034340916943591684425444433192      
   5.92818314513842043517300802634495378      
   5.94222675190228940924855122627739969      
   5.95668552605913250409424494668335398      
   5.97154338960644942908758613241919249      
   5.98678386555930570731916446683712255      
   6.00239011150371593812415244579136364      
   6.01834494554335175981625852267819431      
   6.03463086487726901447368306610194938      
   6.05123005702864625927990438831452166      
   6.06812440372421151539974746240293674      
   6.08529547724529306810546702780934919      
   6.10272452887583049271153239900120980      
   6.12039246898413219015557353875078598      
   6.13827983795480070504854477779090490      
   6.15636676697882055755699756902126860      
   6.17463292736291477503461027360866581      
   6.19305746664300257363816584892061509      
   6.21161892920791060164293102548606907      
   6.23029515863969807351650799761060366      
   6.24906317794716087145350656945694759      
   6.26789904301924663189812340985994268      
   6.28677766299652955883068157441908562      
   6.30567257946626675803300827947634338      
   6.32455569383116543723037693937610529      
   6.34339692857542635008646434392723073      
   6.36216380333594124627483983386352406      
   6.38082089963993206460347925603560009      
   6.39932917832575591270736435775591370      
   6.41764509894789628844796662398167209      
   6.43571946874009792285302090224090487      
   6.45349591552739048474583699623605812      
   6.47090882692104262157020935877914411      
   6.48788051481933851930782475869628757      
   6.50431722587047155307055288043180310      
   6.52010338158319940815098805104651916      
   6.53509300889228104524595384699812604      
   6.54909653344592775459724403568891044      
   6.56185955797759421532716790761766536      
   6.57302700857309107012224650640244883      
   6.58207872805263332733844640055213166      
   6.58820445016240817850594485194826249      
   6.59003460641924988048384236269493337      
   6.58496633794476741821416821375960148      
   6.56700409134468490074484988812173288      
   6.51550129624492259732218130512142723      
   6.79124114596799763822897662569551515      
   7.05593491367739865589741159937414738      
   7.17920254688116786469067668258999315      
   7.27665043741173991953486143034370884      
   7.36293265299777827140000157708864047      
   7.44301830781886040289803423926188159      
