 0.85241612091311E-05
 0.85242358010851E-05
 0.85243607661343E-05
 0.85245367376281E-05
 0.85247644351056E-05
 0.85250446399460E-05
 0.85253781714624E-05
 0.85257658633701E-05
 0.85262085414397E-05
 0.85267070045805E-05
 0.85272620152876E-05
 0.85278743125363E-05
 0.85285446690836E-05
 0.85292740222177E-05
 0.85300637072953E-05
 0.85309158136565E-05
 0.85318336638470E-05
 0.85328223945717E-05
 0.85338895979489E-05
 0.85350459692015E-05
 0.85363059037769E-05
 0.85376879923650E-05
 0.85392153740470E-05
 0.85409159232044E-05
 0.85428222621462E-05
 0.85449716064715E-05
 0.85474054625069E-05
 0.85501692048609E-05
 0.85533115670276E-05
 0.85568840793552E-05
 0.85609404871885E-05
 0.85655361783698E-05
 0.85707276443637E-05
 0.85765719937481E-05
 0.85831265313603E-05
 0.85904484112581E-05
 0.85985943673318E-05
 0.86076205217940E-05
 0.86175822691202E-05
 0.86285342310694E-05
 0.86405302772688E-05
 0.86536236052623E-05
 0.86678668738272E-05
 0.86833123837098E-05
 0.87000123004622E-05
 0.87180189149082E-05
 0.87373849376666E-05
 0.87581638251986E-05
 0.87804101359504E-05
 0.88041799162929E-05
 0.88295311171417E-05
 0.88565240433872E-05
 0.88852218395587E-05
 0.89156910165619E-05
 0.89480020258396E-05
 0.89822298890551E-05
 0.90184548933872E-05
 0.90567633647854E-05
 0.90972485344063E-05
 0.91400115166996E-05
 0.91851624218314E-05
 0.92328216301966E-05
 0.92831212632581E-05
 0.93362068931623E-05
 0.93922395440080E-05
 0.94513980512604E-05
 0.95138818634667E-05
 0.95799143937751E-05
 0.96497470596162E-05
 0.97236641907858E-05
 0.98019890425831E-05
 0.98850912287695E-05
 0.99733959977057E-05
 0.10067395928928E-04
 0.10167665848157E-04
 0.10274882081888E-04
 0.10389847653499E-04
