6.72283915063559876891748288017e-6	0.3951361704426224
7.35595771211205108059762721943e-6	0.3951944331419276
8.04869976061602147742872474661e-6	0.39527460887638544
8.80668029533033337697370552294e-6	0.39537088885007143
9.63604310396385793364327308526e-6	0.39548181889300354
0.00001054351056103218611828300940012	0.39560400544109753
0.00001153643811585571284187704857501	0.3957348637900314
0.00001262287391192591118247585602792	0.39587511396183667
0.00001381162402088272044602093695666	0.3960175407271544
0.0000151123238198550279896870114236	0.3961675451629016
0.00001653551609071106370385179664422	0.3963190884588545
0.00001809273647424975830827277024962	0.39647174880771835
0.00001979660697197936242378335139179	0.39662622077467985
0.00002166093825335909225821895700806	0.39678033747845465
0.0000237008415977519751306816815671	0.3969330893688377
0.00002593285137843092078548698931589	0.3970850846654933
0.00002837505908142832981673795942754	0.3972350023964011
0.00003104725994551486696259546433563	0.3973829860363759
0.00003397111341189319792178769931195	0.397528031348726
0.00003717031868412670455519114029163	0.3976707997890765
0.00004067080682129873417931174625492	0.3978101842910116
0.00004450095092140752583288358954818	0.397947053031653
0.00004869179609863180045396943395616	0.39808058909069255
0.00005327731111854060649491137221323	0.3982114095628759
0.00005829466373086880775836652252945	0.39833918492563003
0.00006378452193155948336780174431533	0.3984641120853323
0.00006979138359594337832392164931799	0.39858648081309134
0.00007636393715488691428831461885502	0.3987063947826595
0.00008355545623735808883708036775102	0.39882411801992135
0.00009142423147817333786294324894684	0.39893979431064935
0.00010003404299092965710487993338003	0.39905397348596755
0.00010945467733573667632327418655636	0.3991667364623623
0.00011976249317201460026761900738787	0.39927861519808233
0.00013104104018123922158294050986938	0.3993899708101462
0.00014338173627629311416924052613396	0.3995011178414345
0.00015688460858652239364580798787238	0.39961286829101617
0.0001716591042245304344968966357034	0.39972532475405553
0.00018782497740635363749964248210219	0.3998393437158228
0.00020551326011554431048981678480028	0.39995541522493244
0.00022486732417884827279863356012192	0.4000741578794266
0.00024604404336209863881331975422388	0.40019637193818264
0.00026921506490565799537072043501255	0.40032268241418784
0.00029456820080580005199486978778723	0.4004540333935767
0.00032230895011901884044108319452367	0.40059116900734815
0.00035266216462825581446218479367454	0.40073514938262966
0.00038587387137205077865546509785481	0.4008868858127799
0.00042221326680907013789901962222325	0.4010475619454728
0.00046197489878165118501748048156165	0.4012182928654793
0.00050548105396420024262070593689874	0.4014003622463377
0.00055308437014783358310200008853037	0.40159512926429525
0.00060517069453505324139981175897146	0.4018040733967211
0.00066216221121227654084271985418779	0.40202870048882694
0.00072452086314985089481322197494465	0.40227073598805174
0.0007927520964664688415774526070351	0.40253190562889873
0.00086740895730700236792845814663315	0.40281413238354447
0.00094909657454087270801205100384929	0.4031193408162084
0.00103847706461532818447126436043628	0.4034496682830703
0.00113627489831976616943370923413554	0.4038072796435875
0.00124328277296124088085385797623069	0.404194408057494
0.0013603680375478934168557636855881	0.40461341860886085
0.00148847972305942898814657669331659	0.40506667719172385
0.00162865623478828059767998751421451	0.40555660311244435
0.00178203376910149182595628113843893	0.40608562457197983
0.00194985552284512104494572636593853	0.4066561549575921
0.00213348177003770875046775464032673	0.4072705586635955
0.002334400887529134297569477006521	0.40793113863740266
0.00255424141899299784696702177931032	0.4086400834640205
0.00279478527503684350640751463678104	0.40939945877944234
0.00305798217642330756619328525571657	0.41021113357969236
0.00334596545747127276573243602060663	0.41107674370026026
0.00366106935773100636923638503334709	0.41199758825164634
0.00400584794209041843289063730498937	0.41297445653776743
0.00438309580266877457080409114887088	0.41400741659582124
0.00479587071029642046208944114403086	0.4150953490100074
0.00524751839918138427649352934137907	0.41623535318767446
0.00574169968565420325591110007477664	0.4174217639631709
0.00628242014080111932359169790342756	0.4186448338328166
0.00687406255749625153729064827344103	0.419888933042234
0.00752142247499326741721526028050935	0.42113037809092796
0.00822974704902002884136202676607426	0.4223350145056306
0.00900477758243655877177945406102844	0.4234559478183385
0.00985279606118725750857507627491446	0.42443202215036874
0.01078067607274308544954004241333076	0.425187821549349
0.01179593851975156579632914437065212	0.4256360321117523
0.01290681258047986886828646554167271	0.42568281350506965
0.01412230241016395823376999045762155	0.42523648214633786
0.01545226012390951484953823532326931	0.4242194706506847
0.01690746565270527845929868585922115	0.4225835527751184
0.01849971411981924497218649830933515	0.42032920029485676
0.02024191144580438847202754374365364	0.4175318589238302
0.02214817895703731572936141857553721	0.4143802710323781
0.02423396784569111795094391808302074	0.41123149822707944
0.02651618440889417876058261788518117	0.40867442732293513
0.02901332708219705476465432672175507	0.4075498281231973
0.03174563637806794323654699927973479	0.40879289215615183
0.03473525894473856030721368410514199	0.41293134476208204
0.03800642707517431523782464090552692	0.4193348857268385