   63.5807371105885928167862707121267192      
   63.1089080154296805881964633728537494      
   62.6114407867610400002391834241763553      
   62.0861855573492351846532848722386435      
   61.5307408189865757441538200742416257      
   60.9424089488182778671649941626378168      
   60.3181428297555590310991493791764442      
   59.6544812886614774863093222685519386      
   58.9474703276078838717798875254990766      
   58.1925661092153952598155872945704212      
   57.3845142749515844822797526810508248      
   56.5171982849461759041610707461312043      
   55.5834468774614623778282902295559063      
   54.5747871882249093629434230348161290      
   53.4811251467929269932425198470051782      
   52.2903277761427906882605183211729724      
   50.9876713692676865314861172643706280      
   49.5551008597363891434461205227485824      
   47.9702065734720196314406384695634703      
   46.2047311052201684611965727019471972      
   44.2221908230513383864062220031627564      
   41.9736741510693000923772902686859627      
   39.3897758499490877744101702445362240      
   36.3641879909213663384201099667054539      
   32.7174006404112371360436707839231712      
   28.1005030906591975390622235356668228      
   21.6282852118573364518694260844643809      
   7.27147059894120503047439502268487004      
   1.18226874634781058804992780017151957E-0004
   8.43550069253933604955269850372973215E-0005
   8.82842180600714692644390510994930408E-0005
   9.47538901996494079598918673515904623E-0005
   9.68284754456566493669550312860677390E-0005
   9.83799670501141317538728525413383818E-0005
   1.00927403048400792007808112595449785E-0004
   1.02565966016844324976833907028867622E-0004
   1.03190538292958279764768494092112600E-0004
   1.02497052076166627159003143614378285E-0004
   1.02497257032760869702927837006951209E-0004
   1.04514467804633660744474509924982692E-0004
   1.04593370452414664067164568900645917E-0004
   1.04439798346073475614970215766738374E-0004
   9.87710963082421523709788604561129231E-0005
   3.89485738006451306774978541573066460E-0005
   1.02233683412316088632138801197463841E-0005
   1.02104812300379379700210846222994771E-0005
   1.01998700258795029897643945454797725E-0005
   1.01910416199940694332145994370917227E-0005
   1.01836272708225054886929492027564144E-0005
