   4.20142932426895519739940816887078024      
   4.13584970576968397416546372513160732      
   4.07060432591358736993842458636995067      
   4.00554044807042559289321814908684082      
   3.94049876233236046983639423347502082      
   3.87531103619045135579858711769568060      
   3.80979739419740104276182557705834390      
   3.74376311320112248295199639619212371      
   3.67699478308654859560833659019881736      
   3.60925563259821403907952782810465549      
   3.54027975015649978491923730233989415      
   3.46976483267712349560441266294727845      
   3.39736295987551824434022553051763437      
   3.32266870063569810257367943444571798      
   3.24520358559083220026456193639773846      
   3.16439557953880879425108320903425910      
   3.07955155909847730156261429439872688      
   2.98981969500110944580377373837426642      
   2.89413637960706205728018789539173691      
   2.79114715018743530981170595641546845      
   2.67907869702743178801058482284853171      
   2.55551073564407270451270585920596355      
   2.41693482358652201706818151010168085      
   2.25784345681445811245455301024498006      
   2.06866150011702793676312104568151012      
   1.83006625556210467615167189422886124      
   1.49032565667357841846777055926284992      
  0.644591567807585568753577711130397847      
   11.3900345583256163159021614683430281      
   19.3688578004658681796568767310804657      
   26.0349390806981795328294968185634026      
   31.9369716422647640880708748517651632      
   37.3130378214737060294233237868151384      
   42.2954448900194239909980165970938825      
   46.9675053631048076212891527475521022      
   51.3857986838586056412542236501862263      
   55.5907156890936682541548110841823449      
   59.6120712833830565008051929726677846      
   63.4723144738517310653220629163288429      
   67.1884128832592398042458303470223722      
   70.7728814356263454169094970058578019      
   74.2340565628753815191833034200903247      
   77.5751216100984392624267648035270380      
   80.7872960284465326898223850513732942      
   83.8463727637916742716538759128185955      
   86.8206712995051364525440345120108606      
   89.7181576080782839536638312712640394      
   92.5434480739852686325752597128172979      
   95.3006838685017737753599288500106654      
