   69.2980303181542420647562014112433646      
   68.5591265608886247838136471010805088      
   67.7994659571981171175231852990293565      
   67.0191405745165548087858005144663177      
   66.2181886948868272835253324316740777      
   65.3965863549429394503469940939592013      
   64.5542381752336418725567123349363204      
   63.6909672822489971482757952031118921      
   62.8065040799761352399251742455371618      
   61.9004735681438577840594869443229253      
   60.9723808271524277643231549304948489      
   60.0215941888014944661418251646259419      
   59.0473254786918325848607161390938579      
   58.0486065382144197157500587763932791      
   57.0242609935927628570939652310612651      
   55.9728699105446831609813275591218889      
   54.8927295173419661999287767489381728      
   53.7817985385339380912028990383421009      
   52.6376317678518126421551067564496653      
   51.4572951838824854492081323488698582      
   50.2372559565294285921992252139709822      
   48.9732377496038573328873549805182977      
   47.6600272008781855967787371388294123      
   46.2912103392600957102939906416173723      
   44.8588061845232955676154507174202493      
   43.3527455824235688793073849066776330      
   41.7601101697256664321764778847239873      
   40.0639865238845431987638658407129966      
   38.2416763977521516348054320985818158      
   36.2617695309408400312357136985738251      
   34.0790539758606806276925282335514532      
   31.6248672253500120570021899861828289      
   28.7863528342367958672436313948533840      
   25.3530044119787669416113468036807911      
   20.8350952389665137068881025456554207      
   13.3243527503302207064391341307698939      
   2.99568666271570842836912276038310299E-0004
   1.10990201275138872971443956520680219E-0004
   8.81451396607284233573077931812088356E-0005
   7.41045540410603965628282167313206505E-0005
   6.18710513505556700834597489343689560E-0005
   5.56389330960406067576303387980180325E-0005
   6.68475418604227491758233810019589757E-0005
   7.26557575177692394270706824564640584E-0005
   7.85778941605405898686878898528837176E-0005
   9.48700349497421191814777719021178257E-0005
   7.34182453544541270939066143130376278E-0005
   6.22342487635467218459208621488368926E-0005
   5.59081861814690918897546389600856327E-0005
   5.06727954725598145901561882733112576E-0005
   4.44106732935197559529467110186903840E-0005
   1.55647415195654308565173944495138202E-0005
   1.55566394104032794003035881077954600E-0005
   1.55501606127184565211901546236244961E-0005
   1.55449280548906556405791239815943456E-0005
   1.55406624332257547960330900510165803E-0005
   1.55371545560721635484336029114338149E-0005
   1.55342461003786486988318149237477088E-0005
   1.55318160545303823112886748683094389E-0005
   1.55297710567462145633991898774841999E-0005
   1.55280384353202564206690407073189332E-0005
   1.55265611442291901823949415855929807E-0005
   1.55252940425322396597518596897326560E-0005
   1.55242011360438132874364433961119882E-0005
   1.55232535145978803512400342321297770E-0005
   1.55224277966511971571400515700024877E-0005
   1.55217049470951346850321327366888208E-0005
   1.55210693718611147214299004816201203E-0005
   1.55205082194293738193883249371424157E-0005
   1.55200108381679362768873879110332246E-0005
