   6.12737793527180480757289958580268644      
   6.15257872489698355759458807964072389      
   6.17836840441836303926979850821871242      
   6.20471508528534691527547336044149465      
   6.23158630719633896734817700546396720      
   6.25894903107890826027293597663433165      
   6.28676961573684379617196081289916217      
   6.31501377721728189987467583331158306      
   6.34364652923743137032322150675097131      
   6.37263210215958555249447598637553978      
   6.40193383695729942777203969616361538      
   6.43151404930045730175343707429160956      
   6.46133385719111432984702660213241510      
   6.49135296335043757635768454879506414      
   6.52152938056082487267489862558290073      
   6.55181908407111460604513903929867601      
   6.58217556946869894269437089220582964      
   6.61254928633552473171630677730073304      
   6.64288690631635463976150956040682439      
   6.67313036699035664398452611508434658      
   6.70321560694442632809432455267570424      
   6.73307086729030632426064346541730060      
   6.76261437112451936247705202431089054      
   6.79175108813726761156590530410392193      
   6.82036811503802019513977337213224620      
   6.84832789199141426239077333402181023      
   6.87545790525736085647582153183865502      
   6.90153442806652438984482498699474457      
   6.92625561830476961158620392164454450      
   6.94919446107897675894573039720848695      
   6.96971080725151166319289500074416856      
   6.98677299267528125332090393745440362      
   6.99855432601331334910677015509638345      
   7.00134911132978035523960629516029460      
   6.98558010879225395894381735529887363      
   6.90518538279072345410712090044130821      
   7.42327597188756167743666683673373868      
   7.60672013714807753213158323208828042      
   7.73078635925837431297085543994187511      
   7.83691242601460116477664495179581944      
   7.93509771104561636976350307248738921      
   8.02939653455510239286165826713093715      
   8.12177626105947913249257768298859448      
   8.21317416592407938441405058516403597      
   8.30382684405878750766452847175118798      
   8.39334431913717100557517806735043606      
   8.48070564134405108534291183146472050      
   8.56425182736114737687915640597606192      
   8.64167262350743592523175049996489590      
   8.70988327341106887988278526351300448      
   8.76435692319766073167599707383806755      
   8.79296189354086760082414656824432052      
   8.80535330707111426709114928169755722      
   8.81748051142800109208232860792969963      
   8.82933607695534113848731797438981727      
   8.84091331686138477663815848868083416      
   8.85220625655653784678928914353978764      
   8.86320960368763518320528002294737485      
   8.87391871886305933999925958439647913      
   8.88432958705098871817541618881210602      
   8.89443878964945184545452388845085764      
   8.90424347721634558966608713778593328      
   8.91374134285692600239285244031592848      
   8.92293059626765213442231241264385997      
   8.93180993843229147025820059122077872      
   8.94037853697237859302046022358460282      
   8.94863600213255031584509664003192844      
   8.95658236344124825267572308792076703      
   8.96421804700213069978994961105885075      
   8.97154385343821470223360418216739397      
