   212.307610964627435275021432454261692      
   210.907711738021526313337219939029928      
   209.445039153195626902959722882301290      
   207.917336262781069615827080692494165      
   206.322178979200082301355638383315794      
   204.656950401069131895049181107399365      
   202.918811563549147583104655304275977      
   201.104667935848779455869119738263510      
   199.211130810238591523252825031116842      
   197.234472499617226971431007631820887      
   195.170573968596810054849071348208842      
   193.014863143343748184046989572392870      
   190.762241646027529994027909833126281      
   188.406997035100879568676232028401078      
   185.942696737241909319511442546988476      
   183.362058635068258280877554016224853      
   180.656791585250808012990613818796237      
   177.817396771911779668806996209057601      
   174.832917425082298492377587057874668      
   171.690619547376420796747457773750394      
   168.375579088934955257026139440211183      
   164.870140184369806618559126745154086      
   161.153192438422158969936704523699352      
   157.199189096430444017569259025113808      
   152.976785689796516064479047472104016      
   148.446908383259448208066848230400277      
   143.559939795429321336153086808224254      
   138.251491160091225720787388589447073      
   132.435813001661871847153616806248211      
   125.995043986668245347470517278476965      
   118.760575398231891221356659142776606      
   110.477884113508560981389399699910070      
   100.731427079096765694934847581596803      
   88.7526174546737702394502276621334434      
   72.7726134330583356584947862621897679      
   46.0035629233638069627100253472602126      
   1.11189044113207783299946441356404660E-0003
   4.22135699532858548799489018356797586E-0004
   3.40715621662041811597906439318763053E-0004
   2.90375450194328374421984727395148460E-0004
   2.45476418975890044506698133167744701E-0004
   2.23373528293845820960427936807446083E-0004
   2.71460389296080646739839434253795307E-0004
   2.98367195325293266687636528760017001E-0004
   3.26248613439953597129215110894355645E-0004
   3.98138434450881442319942900575116343E-0004
   3.11319263777550393559598448859299006E-0004
   2.66494889348826619630894168837613802E-0004
   2.41570120977179091743693367145147392E-0004
   2.20677066851714434433108685023680050E-0004
   1.94615495971964665150449873342469129E-0004
   6.84300895321761059223095680127574836E-0005
   6.84908531396536727405901471228887903E-0005
   6.85566190761101474149470792374189092E-0005
   6.86256970443606416741604185900747290E-0005
   6.86968247293765132246264986062789228E-0005
   6.87690483851739617463839471138133375E-0005
   6.88416396114616176234196878886746205E-0005
   6.89140366121174736024267851919390007E-0005
   6.89858022397892465577994389521017075E-0005
   6.90565936931400347817662675532551251E-0005
   6.91261403960517629504087098122667384E-0005
   6.91942276834649795914114424583607043E-0005
   6.92606846497091927741206984823004727E-0005
   6.93253750092446729399784828845289146E-0005
   6.93881901574419061217842548745520576E-0005
   6.94490438520272172273546663351009280E-0005
   6.95078680988796966697355522879564008E-0005
   6.95646099396268491886365951406868519E-0005
   6.96192289202300117073574114235335655E-0005
