   1.62462350038845261557875440502553265      
   1.61134193223334692903738617627844405      
   1.59791791539661694804162659233943561      
   1.58437645542958631161787080774637052      
   1.57074193693650467707704251467414965      
   1.55703809345896546565009496116842484      
   1.54328799072244826192483972887710418      
   1.52951402277007139987635796553069728      
   1.51573792079317882953516434784593237      
   1.50198077479500609697189792460952787      
   1.48826306861116773167737052627196669      
   1.47460472928287555239617764690379567      
   1.46102519237283676164584596631952112      
   1.44754348558119130804821812517185477      
   1.43417833403655867340970624119741655      
   1.42094829201784205726062984638350774      
   1.40787190777745698383805654311773355      
   1.39496793084805624041274852362519185      
   1.38225557513674610521705671591681839      
   1.36975485690616210526538189314282705      
   1.35748703550714843011333080903396686      
   1.34547519831836053780022618871078976      
   1.33374505300860971129636354981028345      
   1.32232602582958927047369813489055784      
   1.31125282516106507974024602929552165      
   1.30056773643677697841045287362625498      
   1.29032411174663164442730174339504930      
   1.28059189905465845055141919510322943      
   1.27146683602859803951615755725660326      
   1.26308663009210731220791545540532998      
   1.25566142047138199816038652556158230      
   1.24953608387930298250871763605550090      
   1.24533269854094960196167454362855601      
   1.24433867786652758314400831320083025      
   1.24996287126090689291423623706531871      
   1.27923809121751046200916200388585836      
   1.10690628888637675430959477934375216      
   1.05416159823332724640710851162709328      
   1.02059802691088625540696005952809670      
  0.993143673142216583422100143423312588      
  0.968718313044670395834287892008079354      
  0.946098285130589516782479234163217208      
  0.924698227236887599591760509676224659      
  0.904232271929312412761921447525442840      
  0.884597074688908484961886446716537207      
  0.865828722558363504213043379158448771      
  0.848082474863448674573974894346077514      
  0.831616714849301444046975226571275964      
  0.816782545422071700601445291303440239      
  0.804039524685134769703266213759423038      
  0.794075792114953145753254889413743477      
  0.788917674131995248331499572477821290      
  0.786698813342322008306276461504984901      
  0.784536314318761333108479098880553630      
  0.782430861071806371580143675075554098      
  0.780383005052723325553949672409019349      
  0.778393174130544708047451200080990478      
  0.776461681102629537194631376344557951      
  0.774588731755131528482849084517514985      
  0.772774432492320521284645237433144998      
  0.771018797551125684062216788630489677      
  0.769321755819265694900965254650571075      
  0.767683157273705445406143817066487385      
  0.766102779055848975025808663597674135      
  0.764580331200191487913309188234928315      
  0.763115462031797427455024436254407168      
  0.761707763251309117412957170867232260      
  0.760356774715485909108970893620438530      
  0.759061988935412686363175549762203488      
  0.757822855302557221337606418213419088      
