   81.7400432154776786439866157347753534      
   81.7366366453006757293402415705957570      
   81.7216329456799790528822731309221206      
   81.6654415710823456373792468844440264      
   81.5393363922926011361439938087055561      
   81.3309080922386678444837887054762076      
   81.0401922904626325300228152235380045      
   80.6724324293899694830062209881902701      
   80.2331242192207113473638836865212643      
   79.7250816992123769851190908912381083      
   79.1469542178980916187973788759471029      
   78.4931806654898292189458595066716455      
   77.7552363156978872131718798501496115      
   76.9235787326370618038776904278392212      
   75.9895174743248189426186631045497945      
   74.9464244278272532578565951458541497      
   73.7900639285706351366092964911895444      
   72.5181329081532492902451604263752089      
   71.1292479974556519136133566068483005      
   69.6215904962986120166991655822809924      
   67.9912559560244988545424631322654302      
   66.2300408027045102072351545142357881      
   64.3217000519985713026304354072862869      
   62.2333900584991773247213726740194679      
   59.8860447535303326774429645075136334      
