   5.75680180984349932251072230336440403      
   5.75671700576174773609925624158157781      
   5.75717913845692852398692338053836776      
   5.76002804428475365473936882855168179      
   5.76690827824007542305339678068877379      
   5.77835999230217169494206809869269032      
   5.79415572393709552199363863428615532      
   5.81378310333129423954869566155232907      
   5.83673186547810961846943015973459762      
   5.86263257500398358417872757580166623      
   5.89131965881984384334920920296519443      
   5.92284563462060122582419752684506876      
   5.95745249722072791100614500535195055      
   5.99551122544176758852853587330999517      
   6.03744891943363502366860078213912397      
   6.08368322755924034482884281454815482      
   6.13457630167919388904298228876569175      
   6.19041080798372324653723652852738892      
   6.25138274454053245101545752548037134      
   6.31760151496084495333912768496668532      
   6.38908600151095696651647381891912458      
   6.46574374871627909601609111656891881      
   6.54731459786621424392331961887987836      
   6.63324070002882354784248690307307606      
   6.72235956303768832028557017067730106      
