   18.1387783837963082398708711678621114      
   12.8436306029811512808577598535978494      
   10.4893256156955245615864084167811767      
   9.07959449097547677563016760771075866      
   8.10943924725629358465745544469000807      
   7.38452207312807033296117606492813616      
   6.81269373077873531856202633978985087      
   6.34406644563137859085976038070036091      
   5.94890872858730823017256613384922936      
   5.60809638701988074827904673349763601      
   5.30851608069721935349705222220741915      
   5.04070266975855777113834121042172150      
   4.79758258117926335683373723138973082      
   4.57378025421757648771466624541444508      
   4.36520085681339472252604802436327876      
   4.16873963721629664489039732634676844      
   3.98204867614139630868426918795700392      
   3.80333598062842986150549555109099063      
   3.63119112084923804479859850294656304      
   3.46443523988227315139241322314411479      
   3.30198813794911153280570727770429218      
   3.14273319932815989970204676894742009      
   2.98533292309525482598451625617403414      
   2.82785063690892157410256170557729796      
   2.66647771976785188513828732651107139      
