   1.97435750986415116662531510436306784E-0002
   6.56821906876367358938296262289827540E-0002
   7.06756492755217687241333957433431648E-0002
   7.60304811086230343667265656004005841E-0002
   8.17726170993659738856064790594442963E-0002
   8.79297612846723745606254545935375284E-0002
   9.45315091111209943950711614375975912E-0002
  0.101609471874539296627894359399419207      
  0.109197407728638913488947417825902061      
  0.117331359665985965077596692977709436      
  0.126049800863980608745460645343789790      
  0.135393787779307664420565510276090356      
  0.145407121366728496372559213676052249      
  0.156136516792055716989466327503635456      
  0.167631782004518228684378738156898904      
  0.179946005530241251919406860323873378      
  0.193135753846042207953016330534614843      
  0.207261278690895191577742911211731579      
  0.222386734671503316382427430230102458      
  0.238580407517493595381777829172562004      
  0.255914953342134332268532875594483354      
  0.274467649264906471267013597546660929      
  0.294320655753741402886233122774375807      
  0.315561291047058355550309055453688107      
  0.338282318019207942807770836563105809      
  0.362582243858200451710211671878460115      
  0.388565632928534109959382653060630695      
  0.416343433208637558995596266314891186      
  0.446033316690052235274224007621022861      
  0.477760034152930297204602184846937658      
  0.511655784741351916048757987452609424      
  0.547860600785409812296887379220576653      
  0.586522748341175889200641971411381479      
  0.627799143949861561913252978954773500      
  0.671855788148276289285182631224884582      
  0.718868216306337472868458102168737115      
  0.769021967406807128663701214173198257      
  0.822513071435078189121935545749766766      
  0.879548556100477889760054814050816199      
  0.940346973672453626556138014796179820      
   1.00513894877884433521942436607441935      
   1.07416774808834752932003940340381858      
   1.14768987287183663269079866276348022      
   1.22597567551977968179377103539870698      
   1.30931000117632864961614561121732185      
   1.39799285573753022352242178348366640      
   1.49234010154972415438904812476328191      
   1.59268418223308676739080813309926190      
   1.69937487814350075024370416998454929      
   1.81278009407111170770957911109302476      
   1.93328668085593282729599616041799398      
   2.06130129267471071399195219878743439      
   2.19725128182114810388082480864832000      
   2.34158563285805765901841765299776353      
   2.49477593806665515405951610312912897      
   2.65731741615254047781303618561798615      
   2.82972997619438441240386983320839895      
   3.01255932884233198650109537798394268      
   3.20637814680334219205822519396183566      
   3.41178727669870719777082752585066570      
   3.62941700449163823364264003353427299      
   3.85992837688759638148579695481125108      
   4.10401458149196485412663939952246766      
   4.36240238915065521177766974011944521      
   4.63585366292952459903143927776890510      
   4.92516693973922904876070959143734816      
   5.23117909278569448815847270246195062      
   5.55476708584047223276725880398168688      
   5.89684983344981878001864586726101139      
   6.25839018374398065960911978882179914      
   6.64039704040673965589517447311505523      
   7.04392763380776661762615340788467850      
   7.47008993238662750242522297516875926      
   7.92004514715144008230592622921023494      
   8.39501022173070110916668921021533192      
   8.89626013155446683220715845276850125      
   9.42512979010235023628046490888297680      
   9.98301548179517120682153957360157934      
   10.5713761272608974237939047463035540      
   11.1917353061127338883811035291311776      
   11.8456854011776349255260655826468607      
   12.5348947425047233372974072218541083      
   13.2611169099651063317803580246701362      
   14.0261994366748754952743299012755332      
   14.8320888498354624996975496434537912      
   15.6808307985086797373487218108961949      
   16.5745664082088135133238124119343949      
   17.5155271845181500558381582482773108      
   18.5060304467276973483700851240974314      
   19.5484762352010211752590230068391742      
   20.6453457188359831546756948145175562      
   21.7992006299284153053925218134172685      
   23.0126831104895116764912587167722439      
   24.2885154136517182491362293234673061      
   25.6294990570745522859494313694759889      
