   57.9164199999999999999999999999999984      
   57.9168093627758406546052521078838307      
   57.9168460307363569206374453460290390      
   57.9168861518757897369586157825424892      
   57.9169300513947900756266008274580194      
   57.9169780851195472744609052159341804      
   57.9170306423859271757247446484512806      
   57.9170881491952219081243495447336288      
   57.9171510716670901440809269683175682      
   57.9172199198176755324080943359135777      
   57.9172952516935267281401624686221537      
   57.9173776778948263800641190362722030      
   57.9174678665245919681870804152363376      
   57.9175665486039640849854680545682151      
   57.9176745239974756115980457575660402      
   57.9177926678963288744474981151559447      
   57.9179219379122307841491989943777557      
   57.9180633818392848173495647186881485      
   57.9182181461468536161512498032025520      
   57.9183874852722308394459813835441809      
   57.9185727717884437295542343632614037      
   57.9187755075296012024341973744070275      
   57.9189973357639636252572981357833774      
   57.9192400545134027207804482844041652      
   57.9195056311272120675528140148958746      
   57.9197962182283957648350328140327541      
   57.9201141711616874102937126203005007      
   57.9204620670847237669952271422889916      
   57.9208427258571160355804260305577455      
   57.9212592328967344507634856581524236      
   57.9217149641884671078684721236421662      
   57.9222136136481607382113422102712090      
   57.9227592230635410063553428035637516      
   57.9233562148547975298352315348318576      
   57.9240094279203735268776706474046115      
   57.9247241568585070280433336853925936      
   57.9255061948824326372897959466649703      
   57.9263618807770916789471047542499842      
   57.9272981502779568879379570438432724      
   57.9283225922884211128149386346315407      
   57.9294435103914183316836802366941132      
   57.9306699901538575168469405284799255      
   57.9320119727694033488362487004167650      
   57.9334803356365130542473567164747932      
   57.9350869805248521451508987595489702      
   57.9368449300447192076178339686280682      
   57.9387684332014096691579369519026963      
   57.9408730808900861659160175380289215      
   57.9431759322672955983249701069119252      
   57.9456956530234332862157227057379212      
   57.9484526666769173918890403399673590      
   57.9514693201163838482512728857535259      
   57.9547700647326989172955941170174772      
   57.9583816546089492873613783854541219      
   57.9623333633748325253457132077191348      
   57.9666572214831544180819391119728242      
   57.9713882758316704909237633110003551      
   57.9765648738346284855696752246300548      
   57.9822289742465448717707138661620716      
   57.9884264872575878705767019971717255      
   57.9952076466171995652458534890352677      
   58.0026274168021935742376721573323312      
   58.0107459385296166701730851824679990      
   58.0196290162254650232186508800519081      
   58.0293486514004176253899155654147656      
   58.0399836262558473558297656742061113      
   58.0516201422505101042144388094900155      
   58.0643525188037944403640377595196846      
   58.0782839577988493439913703088599556      
   58.0935273800822463787928281100498846      
   58.1102063407403983714347213721925759      
   58.1284560305714792119033695548730448      
   58.1484243718702443519350359642234308      
   58.1702732174076018689280094806962868      
   58.1941796623232258119789661508629710      
   58.2203374795647167079387953726176361      
   58.2489586905082168105347147545927911      
   58.2802752834910967632152526842880277      
   58.3145410941862270524593708474768815      
   58.3520338630591495729077542448152998      
   58.3930574865848045787884365142351970      
   58.4379444804709803611810630087692285      
   58.4870586748540669045147877190699790      
   58.5407981633129390889914499032282799      
   58.5995985296041099803178331836113218      
   58.6639363782723558869206036186270457      
   58.7343331977540680739294809507395995      
   58.8113595872855955040220932430412966      
   58.8956398818776530434656955956707092      
   58.9878572128433817158920415544127443      
   59.0887590448980142005891054750258115      
   59.1991632347109351334543022500166142      
   59.3199646600175419775164073561418211      
   59.4521424730229669926529823421376613      
   59.5967680368898991465127211412343841      
