   5.75680180862328832789351820703013421      
   5.75669425692907361772361239387902961      
   5.75651514666352854602816251982383796      
   5.75626476313267428464990744183119741      
   5.75594350843090286223096479374679075      
   5.75555190161208168067587205098233647      
   5.75509057436041940333901891425254654      
   5.75456026210734186256371491259382150      
   5.75396179169592719354660356652867652      
   5.75329606856424712461220302420211818      
   5.75256407043468663244172631982434788      
   5.75176685932582847921610262497688421      
   5.75090562659172577719241569550934123      
   5.74998178313334601238840820145985861      
   5.74899710015754294058286023072843629      
   5.74795389747530392416943557947117902      
   5.74685526953264410769534995802596507      
   5.74570533451805130180977217714094526      
   5.74450948925364218751910224326600427      
   5.74327465141308698039462551428779091      
   5.74200947096329121969759560463629575      
   5.74072449443615399961657333459607753      
   5.73943226899010363408972483259038421      
   5.73814737756197691988307275668144881      
   5.73688640142546687061602559876687540      
   5.73566781157161834796709345239593926      
   5.73451179476708635746072376361378011      
   5.73344002378307432444980375338071093      
   5.73247538364302791476470021294843796      
   5.73164166711982948541883383028062830      
   5.73096325281187614208351175663219122      
   5.73046477849345508010020116362116886      
   5.73017082109207101839256067198299148      
   5.73010559288399924792191184652174071      
   5.73029266148229630241651103101765649      
   5.73075469920347492341115141065409966      
   5.73151326542502531472499845392856502      
   5.73258862380293226173496733398489190      
   5.73399959471110516011408463152642811      
   5.73576344200297726240036447340905119      
   5.73789579226655002593773423223104857      
   5.74041058402416193615825360696740587      
   5.74332004383513171974497630478067541      
   5.74663468605159522566004223808957435      
   5.75036333287288861125591735702612002      
   5.75451315134608381828221414586237746      
   5.75908970414052823679547477969934110      
   5.76409701115240254544501719825746892      
   5.76953761921005857640721822799917242      
   5.77541267749359177061745170052890678      
   5.78172201649897136762993231626272314      
   5.78846422880370579943674199677019386      
   5.79563674996128115660324276911201985      
   5.80323593837885957019341785760817426      
   5.81125715299187984950476864680341232      
   5.81969482799198925067765703094237125      
   5.82854254386332035630757513280700811      
   5.83779309429390894881801949920543406      
   5.84743854853747415861787685284027514      
   5.85747030898151298767892447062262353      
   5.86787916373167105387635105383744929      
   5.87865533412658046444932861527621990      
   5.88978851702130675497406516660212331      
   5.90126792194023087963549874293031344      
   5.91308230293194438679383968126080283      
   5.92521998517147091121861183928107338      
   5.93766888624631012245803512275133793      
   5.95041653201758465168848648218230016      
   5.96345006697163918659101117476416327      
   5.97675625883045681624144581379829503      
   5.99032149718195111688156971596186741      
   6.00413178572790613754749389039557143      
   6.01817272770335304644821928374028878      
   6.03242950375943037395221290038624480      
   6.04688684151587872817300799768960808      
   6.06152897569988655712936927998778429      
   6.07633959748921841456584053245154359      
   6.09130179132140998641199525368993707      
   6.10639795698659000344499609712469434      
   6.12160971410961871321083149905387106      
   6.13691778551576083305972718589983643      
   6.15230185474083567959154023141563970      
   6.16774039177370122566438720943231975      
   6.18321043917471295436506003339892856      
   6.19868734830689631305882600612378382      
   6.21414445203853891419083292584755051      
   6.22955265554758371060766031793533796      
   6.24487992029673961867896613104665866      
   6.26009060668011389225407853867302273      
   6.27514462698380138510150565730517559      
   6.28999633966996888592156555322720416      
   6.30459308450056734856150041618440877      
   6.31887320897268471456391741516042517      
   6.33276335805781980543232311482036362      
   6.34617466961822915562940348783900391      
   6.35899729657143531563643637649653752      
   6.37109228404216923220146841326295975      
   6.38227910054404022643162165348621281      
   6.39231569672012230841568029887705853      
   6.40086500064286685474258113277042152      
   6.40743510986934084679701400061200387      
   6.41126401641369704651828374714454684      
   6.41107348884186388680665814275440097      
   6.40446013146190314040998158675957305      
   6.38598611251681726747112619251532585      
   6.33772707591242892171266850148211298      
   6.53549425542213675166740052349187449      
   6.84358148745173514956719289388159382      
   6.96563967452715660372774904798361650      
   7.06059493530199058411882069098055977      
   7.14410157818517588276199409782192429      
   7.22127083885865086011323478710701736      
