 0.13838542727656E-02
 0.18682357749820E-01
 0.20085876856830E-01
 0.21594380485871E-01
 0.23215879120872E-01
 0.24958962180721E-01
 0.26832845993952E-01
 0.28847424781698E-01
 0.31013324909040E-01
 0.33341962704573E-01
 0.35845606181531E-01
 0.38537441022637E-01
 0.41431641216933E-01
 0.44543444761770E-01
 0.47889234868378E-01
 0.51486627135983E-01
 0.55354563188230E-01
 0.59513411297213E-01
 0.63985074555245E-01
 0.68793107192868E-01
 0.73962839683852E-01
 0.79521513324406E-01
 0.85498425024191E-01
 0.91925083102664E-01
 0.98835374943936E-01
 0.10626574742916E+00
 0.11425540113643E+00
 0.12284649937533E+00
 0.13208439320661E+00
 0.14201786368824E+00
 0.15269938268696E+00
 0.16418539370056E+00
 0.17653661425128E+00
 0.18981836153515E+00
 0.20410090314721E+00
 0.21945983484860E+00
 0.23597648750041E+00
 0.25373836546081E+00
 0.27283961892877E+00
 0.29338155291998E+00
 0.31547317578034E+00
 0.33923179038114E+00
 0.36478363139911E+00
 0.39226455236664E+00
 0.42182076648347E+00
 0.45360964551496E+00
 0.48780058146431E+00
 0.52457591610151E+00
 0.56413194386162E+00
 0.60667999409419E+00
 0.65244759915658E+00
 0.70167975540121E+00
 0.75464028471604E+00
 0.81161330494060E+00
 0.87290481820635E+00
 0.93884442704227E+00
 0.10097871889530E+01
 0.10861156211245E+01
 0.11682418679483E+01
 0.12566100451902E+01
 0.13516987758686E+01
 0.14540239342704E+01
 0.15641416160166E+01
 0.16826513537231E+01
 0.18101995995852E+01
 0.19474834981748E+01
 0.20952549748753E+01
 0.22543251677326E+01
 0.24255692330660E+01
 0.26099315579936E+01
 0.28084314161050E+01
 0.30221691058695E+01
 0.32523326150333E+01
 0.35002048582525E+01
 0.37671715395397E+01
 0.40547296958018E+01
 0.43644969828041E+01
 0.46982217703272E+01
 0.50577941190516E+01
 0.54452577177923E+01
 0.58628228660192E+01
 0.63128805930438E+01
 0.67980180116527E+01
 0.73210350100841E+01
 0.78849623917470E+01
 0.84930815765369E+01
 0.91489459804388E+01
 0.98564041906338E+01
 0.10619625050702E+02
 0.11443124763817E+02
 0.12331796110074E+02
 0.13290939856431E+02
 0.14326298413610E+02
 0.15444091763789E+02
 0.16651055647271E+02
 0.17954481958415E+02
 0.19362261266254E+02
 0.20882927351393E+02
 0.22525703648198E+02
 0.24300551510130E+02
