   6.63793279876596861906461787859151090E-0003
   1.86824690387007289938943455471366356E-0002
   2.00859601116054887846305597117437971E-0002
   2.15944427867929901442071404174921628E-0002
   2.32159257525126548060383719921811964E-0002
   2.49589970908388037022020553703194085E-0002
   2.68328721335534104344236997787138131E-0002
   2.88474443577362936146634432299040099E-0002
   3.10133395725629669493632024587120562E-0002
   3.33419736910393899599079934203514510E-0002
   3.58456144155671325020452090247428374E-0002
   3.85374471963140067859203298647351596E-0002
   4.14316458482914326687576495171407005E-0002
   4.45434482385978421030044570760344650E-0002
   4.78892374809669179847175416208077863E-0002
   5.14866291016423542541333270989055564E-0002
   5.53545646696333759720013262272856709E-0002
   5.95134124161356334238008989799359997E-0002
   6.39850754028435738837525515585131446E-0002
   6.87931078373792174000365187794100167E-0002
   7.39628401763352400767544217051194624E-0002
   7.95215137031140505846318447147597142E-0002
   8.54984253177428027533414025809084979E-0002
   9.19250833324810167938652698502483501E-0002
   9.88353751260543903510258303467928096E-0002
  0.106265747575573802857249312906204567      
  0.114255401256131551380604070511471809      
  0.122846499475036546378189107192936469      
  0.132084393291347393312881577065546575      
  0.142017863761780198332385393334268033      
  0.152699382752122368548420307720549793      
  0.164185393759454075049943315068917669      
  0.176536614305479935540091059394294787      
  0.189818361585843055711771636835564685      
  0.204100903195272468513121957501722899      
  0.219459834894697716050922194886480075      
  0.235976487545038146163446299485835903      
  0.253738365504340608727826507007069650      
  0.272839618971481886597358335943836851      
  0.293381552962075941541962350754384418      
  0.315473175821981534024286398713917575      
  0.339231790422432383528152199549403785      
  0.364783631440148921836759979837938920      
  0.392264552407482217317412768663069056      
  0.421820766524171942576178366587632410      
  0.453609645555552376624323617730374235      
  0.487800581504818179075097224768164531      
  0.524575916141994204460235343366531468      
  0.564131943902058532968976158285407689      
  0.606679994134584434042009732035465906      
  0.652447599196960442389768813309090719      
  0.701679755441569273421392685711481989      
  0.754640284756388132470603334688753088      
  0.811613304980937751524972170465196660      
  0.872904818246669531898521798897104486      
  0.938844427082576997433253286905218753      
   1.00978718899329579320188782656397090      
   1.08611562116477041784606526020599879      
   1.16824186798856733144703609345121325      
   1.25661004523037727567749803819034564      
   1.35169877590876620052685892828881435      
   1.45402393431057062492851388859483803      
   1.56414161605683325160395770235496872      
   1.68265135376322794107220149346874075      
   1.81019959962536225779079216868891705      
   1.94748349821487151446751223393226490      
   2.09525497491530702728568471326599433      
   2.25432516777266203009723775047230311      
   2.42556923310599103551197834262328675      
   2.60993155803350779734007368759395649      
   2.80843141614490349561145459158356084      
   3.02216910590925917488450765976002678      
   3.25233261507300818114824643583015699      
   3.50020485829206373632031447172533151      
   3.76717153957929041517263170993983815      
   4.05472969584117892638411112084829520      
   4.36449698284342745596339479329791366      
   4.69822177036633073365701680708031249      
   5.05779411909062181122891360141127748      
   5.44525771783110293948052551192015331      
   5.86282286605793066340029054192853652      
   6.31288059308230191594164714850486727      
   6.79801801169097590470884395958869665      
   7.32103501012212788115050045794910263      
   7.88496239178490332074353383004506961      
   8.49308157657438369334351107458164411      
   9.14894598047607420803906657663537350      
   9.85640419067066071341123242410237055      
   10.6196250507386652397502390031439413      
   11.4431247638534271838887223177692245      
   12.3317961101098881139186880300921007      
   13.2909398564664486833527630280791665      
   14.3262984136444508762310604823851962      
   15.4440917638227646096773772386679421      
   16.6510556473046851207252782491970394      
   17.9544819584479422274056726497018638      
   19.3622612662861888456498818612566687      
   20.8829273514234054106774604524637134      
   22.5257036482282521216170718997797690      
   24.3005515101588733162343479768920460      
