   84.7290503831216973642201309025508515      
   84.7260941869651571676485255781548480      
   84.7211561665624776296780368188150283      
   84.7142267910732306749297601027743626      
   84.7052822405918173067477476862425970      
   84.6942051004895028608169688096168683      
   84.6806085988507264546424261238079278      
   84.6636567879361623694674902569487942      
   84.6419641290843268736497551576714219      
   84.6135263695921685236075001693381394      
   84.5756009098046161821778808485711284      
   84.5245551341044838734362497388385428      
   84.4557880352415163104173263869864594      
   84.3638085725538652220122447021625460      
   84.2424664931502569837308563548244519      
   84.0852592615903356606205209659127315      
   83.8856183834911050074582045773034812      
   83.6371006864831663240982790286341065      
   83.3334503682836744978782664780538250      
   82.9685347774656760367965711850392159      
   82.5361795900927777417046480019382528      
   82.0299352177412740626988417859734847      
   81.4427999496342633917449194561373782      
   80.7669126144954500393425871980759515      
   79.9932135215624725523074338890080935      
   79.1110596677021735326508439782449515      
   78.1077687497084369047121655144362513      
   76.9680543773558500151822634979901047      
   75.6732977486980437172963163963222801      
   74.2005700963797682348529944741428091      
   72.5212549092017880564199240504965278      
   70.5989669463685648212838766027917333      
   68.3860852488228220853805965853624472      
   65.8172034669804943882518427779968885      
   62.7948351858132099363974315038495147      
   59.1524293216453058724135745828727840      
   54.5292738009847169497388047265499672      
   47.3696132037219066817645011154093436      
