 0.85241612091311E-05
 0.85242358010851E-05
 0.85243607663588E-05
 0.85245367925312E-05
 0.85247659711840E-05
 0.85250591478201E-05
 0.85254517807945E-05
 0.85260192281813E-05
 0.85268829923043E-05
 0.85282109112848E-05
 0.85302188967440E-05
 0.85331767538461E-05
 0.85374145669109E-05
 0.85433250168904E-05
 0.85513597887993E-05
 0.85620215153826E-05
 0.85758545267178E-05
 0.85934378358313E-05
 0.86153828986979E-05
 0.86423374814733E-05
 0.86749960098287E-05
 0.87141163398257E-05
 0.87605429941324E-05
 0.88152374264917E-05
 0.88793166743955E-05
 0.89541027759040E-05
 0.90411866171739E-05
 0.91425116504763E-05
 0.92604856447890E-05
 0.93981333759209E-05
 0.95593126333167E-05
 0.97490374329779E-05
 0.99740067872463E-05
 0.10243588331989E-04
 0.10571968362630E-04
 0.10983844413568E-04
 0.11534345986642E-04
 0.12469555469125E-04
