   81.7400452933505755287497682900338412      
   81.7369829321399900591098206253466402      
   81.7318659887511251480079179663559730      
   81.7246850311324590580966783552745826      
   81.7154304776995255419515687155835022      
   81.7040931828475586919901404009506143      
   81.6906644395433775287193025459578977      
   81.6751331803240740840042717527067017      
   81.6574762195321706591159684220230059      
   81.6376386576018686211054193176171070      
   81.6155059822532362697282426794125145      
   81.5908727801533230841521866795726029      
   81.5634133092811366643692953264157001      
   81.5326579541550395611844735950727223      
   81.4979784009991551149886207636544205      
   81.4585833691637686816549135023876364      
   81.4135255166630942128776704817479057      
   81.3617186900875837299256736450916271      
   81.3019633943393058712549506882080291      
   81.2329775808431953791088837743536376      
   81.1534297014755432607354975343221398      
   81.0619713316947454925124760748502684      
   80.9572673034058260174257632032827831      
   80.8380220054082305817537526851700147      
   80.7030011585165765690321534128843672      
   80.5510488892779450538664960874543897      
   80.3811002899398072287313761949155309      
   80.1921898789994443589901620219952292      
   79.9834564936308441507630531692077480      
   79.7541451830120199332824409506933865      
   79.5036066565382087375882481630271405      
   79.2312947941763182335095244174104609      
   78.9367626644416827349456190766912589      
   78.6196574269189024893998009486699810      
   78.2797144304864261606735518764813425      
   77.9167507564654901722708828473154968      
   77.5306584027337307500734706653274633      
   77.1213972579212498535225328766650815      
   76.6889879774974699084994238541930243      
   76.2335048418735411686792782716189131      
   75.7550686523278294684764331851176545      
   75.2538397010760148705199009609573401      
   74.7300108367859149082105165959638899      
   74.1838006347360067185492692037839212      
   73.6154466720255994075460461254803529      
   73.0251988999807605748347199861481133      
   72.4133130995705847107795650542838735      
   71.7800443990720774442062066834145613      
   71.1256408273282815755148233373769776      
   70.4503368685762054844044814254988366      
   69.7543469774834541042786251636740342      
   69.0378590040615699209279732821709342      
   68.3010274671555032340165946712161515      
   67.5439666032001042375944454969031069      
   66.7667431003554702752794747456602203      
   65.9693684104841275704644917608726254      
   65.1517905069803777717908336020037203      
   64.3138849281368834672249602921838227      
   63.4554449091035259003704892889122138      
   62.5761703588724515314142281139383214      
   61.6756553802033800180745768561141809      
   60.7533739531381845170406353693165083      
   59.8086633030679999459584050412404826      
   58.8407043421500824834681177444297810      
   57.8484983959744524011026471748380093      
   56.8308391894383123524902179720609781      
   55.7862787392674755347307790116905402      
   54.7130853492216225133225596355013082      
   53.6091912691991145818234613557391153      
   52.4721266752979395986335247986862547      
   51.2989353155939073159514300948478858      
   50.0860652338009286896786585956522690      
   48.8292250720626053136350406242620833      
   47.5231919849913625411503019268920895      
   46.1615501610069830167216210829792388      
   44.7363275728415704716147732990279027      
   43.2374796147497020319452216925510859      
   41.6521354920314826535986092309826580      
   39.9634639714595071664731424395710119      
   38.1489018437446177439093601106817867      
   36.1772554766022532551943537638141843      
   34.0036573853831483608231660700283841      
   31.5599998701168901849264721712888429      
   28.7343875836319911217121168341163713      
   25.3183568081176881893886608082435389      
   20.8284496009138128807130524326724957      
   13.3980677686052359753862543383892907      
   1.07053436233397808760255069645928253E-0004
   9.62885867562530040316365972345755858E-0005
   8.51096653911577465106008929818332177E-0005
   7.34906286437891447425422592771794522E-0005
   6.19548093199528678825647186655454866E-0005
   5.51842316491895864079424708192051611E-0005
   6.54928497383271568240819859916879757E-0005
   7.25413099125312472348946640779381597E-0005
   7.88271839515827858559427766254733730E-0005
   9.46044985329162410558844616840349695E-0005
   7.29756931387023356490881776627842376E-0005
   6.20004744753511118420446620077687822E-0005
   5.57466576186979407731796960953242997E-0005
   5.05474312572611135442075024149263962E-0005
   4.43803886027967703795429690193946750E-0005
   1.54466978174391671935818374090033900E-0005
   1.54466978119606244088747236798389226E-0005
   1.54466978075971159568878183921614703E-0005
   1.54466978040852277681534557021425955E-0005
   1.54466978012311071886923327895646863E-0005
   1.54466977988903906323562074884628148E-0005
   1.54466977969543692830480362533375438E-0005
   1.54466977953403245612606925912699250E-0005
   1.54466977939846920323330206535400983E-0005
   1.54466977928381697591350704319914468E-0005
   1.54466977918621799513875917430715056E-0005
   1.54466977910262833119018093223525279E-0005
   1.54466977903062712719118303595679329E-0005
   1.54466977896827454534387121290635833E-0005
   1.54466977891400506710081107479049382E-0005
   1.54466977886654667970608252910447256E-0005
   1.54466977882485918100508222197623673E-0005
   1.54466977878808672072797571720371479E-0005
   1.54466977875552102692152216632470912E-0005
   1.54466977872657271292109364880858057E-0005
   1.54466977870074873961577376311415436E-0005
   1.54466977867763459920951046386686344E-0005
   1.54466977865688014495725296678660369E-0005
   1.54466977863818825449119663383723957E-0005
   1.54466977862130570900144710566359379E-0005
   1.54466977860601581551709666471723061E-0005
   1.54466977859213240824131935813965230E-0005
   1.54466977857949494692781628272795013E-0005
   1.54466977856796449257391137587717039E-0005
   1.54466977855742038828501443774045638E-0005
   1.54466977854775750971854443488010763E-0005
   1.54466977853888397775541990598799879E-0005
   1.54466977853071924798192815234197842E-0005
   1.54466977852319250869116493928203362E-0005
   1.54466977851624133255226711140745589E-0005
   1.54466977850981053769295357869546127E-0005
   1.54466977850385122233675481233351404E-0005
   1.54466977849831994381768756217278213E-0005
