   5.75680180862328832789351820703013421      
   5.75669425692907361772361241267740394      
   5.75651514666352855653900294287396014      
   5.75626476313284279193440660388819034      
   5.75594350848828066471100835352349700      
   5.75555190452715398995835332088873152      
   5.75509062304672075130923158947596466      
   5.75456066979172138426022259349866922      
   5.75396394447291092806064179173640398      
   5.75330429515078070496480719981132161      
   5.75258890736057718125871575315961450      
   5.75182968172463182476763452435415127      
   5.75104429463311495742951187127890704      
   5.75025681427357985155573446251999273      
   5.74949790743000987724147382299855164      
   5.74880474217730384793856335316514936      
   5.74822067590395297942775586486773834      
   5.74779476714037875292015652033353660      
   5.74758110797702976549466195166534663      
   5.74763796214875497147418286212524090      
   5.74802670933833476961696298893805869      
   5.74881062556261966780229934971932584      
   5.75005355795969297263237379467953467      
   5.75181857037412071490568318369483676      
   5.75416664027672414918597223389593446      
   5.75715547919561735905129433202561743      
   5.76083853157255484889044155443788731      
   5.76526418606100590821702481771964409      
   5.77047521208682519615723051454561460      
   5.77650841651895748123698476423215566      
   5.78339450153631258527339228732793906      
   5.79115809590551742669383844318290340      
   5.79981792740505303510571794249618350      
   5.80938710323211033362207258953454484      
   5.81987346697418349692575706867693313      
   5.83128000416097226291817437723143189      
   5.84360527264375728959410195422034205      
   5.85684383874912096046745491355605939      
   5.87098670439358340191140592230377427      
   5.88602171453513543614395663144565936      
   5.90193393756178589690405249959326235      
   5.91870601423388415044499155524255605      
   5.93631847286223972434177799598939510      
   5.95475001021892800719144260646552874      
   5.97397773877401550754993583001509944      
   5.99397740184865911191161862470887109      
   6.01472355861795825145332669461523033      
   6.03618974125858971514015619628188594      
   6.05834858661828371037802261191654286      
   6.08117194469755504161613761213483419      
   6.10463096602081645564873990171749027      
   6.12869616984370843397190155054459021      
   6.15333749469569242604035058925684774      
   6.17852433257249621514070676526906106      
   6.20422554754463585284452499405599281      
   6.23040947928794704817351103023371429      
   6.25704393145330766311561871756839386      
   6.28409614438991536623419007536095779      
   6.31153275102199403868952973739657946      
   6.33931971413199367941285626727731034      
   6.36742224235451494164105873020748219      
   6.39580468120941617618243444476093260      
   6.42443037421189387283328091835897903      
   6.45326148735970014961917453492396792      
   6.48225878814763112604198208511656007      
   6.51138136717306535397831816195818488      
   6.54058628641516370517783841425081123      
   6.56982813238489155920716904511579918      
   6.59905844442695369049188823179239215      
   6.62822497655751047954659294224295852      
   6.65727073401692045313745207911441356      
   6.68613269959687620313907387312540467      
   6.71474012450679140576439491311359916      
   6.74301219463579320810646404820486665      
   6.77085477842403297335651391409916658      
   6.79815578594903751448476222787817767      
   6.82477835819946596474924266269891859      
   6.85055053665198600334541902389195564      
   6.87524896920860889774329145361409785      
   6.89857198837505495680815536991709929      
   6.92009260271304081432802974379224816      
   6.93917078833233409955221605307969420      
   6.95477583712927741090007462749427218      
   6.96508433333768441167851032860797762      
   6.96639786937754789341074372240460064      
   6.94914920882788008006058096423777484      
   6.86721861495371412877437100916858545      
   7.37984295576528586944298250273352698      
   7.56297863298384150494259827549836218      
   7.68584715721041150884211230093918691      
   7.79053145564471240334845961442875904      
