   5.75680188116313107596348891236242931      
   5.75669440201721263758237783381612776      
   5.75651536432357084413500189506123907      
   5.75626505740879892811084451257471410      
   5.75594405617573941641436555806664874      
   5.75555475932679629032116118396413834      
   5.75510656316037516521601436819590975      
   5.75462392783726654638800964334044560      
   5.75415271737321411169410144135994893      
   5.75376140815128034985875461969243581      
   5.75353751151479151297646193705056702      
   5.75358171831776602517103139162753582      
   5.75400229264170536318932212309607415      
   5.75491118037702397580741061066535503      
   5.75642209088411037381932888134609669      
   5.75864996832647656553649748402145896      
   5.76171095630055968706775865264268226      
   5.76572208649496461465034001404961523      
   5.77080027797659103038942214669680165      
   5.77706061123759657203889322226441055      
   5.78461411027197381154632613331577384      
   5.79356538517216833389228461839399293      
   5.80401047830969375589498346186920055      
   5.81603516835353376869785501391541678      
   5.82971386850418167916813027848126900      
   5.84510914512726920770397381591561048      
   5.86227180035088910161422105033398632      
   5.88124141269925220857975790845408975      
   5.90204720994377497373370321230464348      
   5.92470915032600312762124490826425042      
   5.94923910369850952174657308211885457      
   5.97564204588625994754771968030416247      
   6.00391720246276704186330420799991757      
   6.03405909908115610670697605414760903      
   6.06605849292749597436164636797613692      
   6.09990317327978794281438537840831903      
   6.13557862875269114958331399464821935      
   6.17306858512735924632498257967596083      
   6.21235542129536280231128805187927873      
   6.25342047241225065050064441380310420      
   6.29624422930893704393953717707642942      
   6.34080644197012354481793543928146253      
   6.38708613265545824604791666570536839      
   6.43506152110257385408705746282168642      
   6.48470986013661927159479065221449703      
   6.53600717473342453291838729621770765      
   6.58892789063324638153511712573607380      
   6.64344432921356406011074023199881779      
   6.69952603237736345515053859370651256      
   6.75713886254623301161526789574461776      
   6.81624379549019051032933060119025148      
   6.87679528208724778653879978650590856      
   6.93873899040717353944565118079617810      
   7.00200863515906468150646416130161487      
   7.06652142798275414681178500441310384      
   7.13217138005961944910318830570848551      
   7.19881913380172167944711364326790720      
   7.26627590121803656664963175858626384      
   7.33427665654541858222762897818512420      
   7.40243142752673111546373603735268982      
   7.47012327142525793734484584750740330      
   7.53624087513289512717562736574429662      
   7.59830584836208116976824031289176557      
   7.64971667565430461542670867207638321      
   7.66870688001038823425349246549232839      
   8.03205829331511054362349946553574152      
   8.34992953056683466270310701630536473      
   8.50844073150908381735218865022233487      
   8.65756353431639837682953045366397002      
   8.82038444062834873361763983533740956      
   9.00662327075331907971970557855381164      
   9.22199651915680455197837831745551665      
   9.47058512531984185349509995894925490      
   9.75466002856766021860257309228944780      
   10.0729401922789573546849351008794842      
   10.4184433667295598092338863234297353      
   10.7771787717852440502909873357482997      
   11.1281133017220025720085558522151863      
   11.4440709238821717436762558635355574      
   11.6925068280925223044841245563210297      
   11.8312405668124611758475294200818016      
   11.7870223646386950271044867585814548      
   11.7097618562861526307831175803871521      
   11.6353826774719469358156256661921090      
   11.5637233852421600177291429993001900      
   11.4946345671465598566533153595609479      
   11.4279777436218966579509724216851760      
   11.3636243868693322801785092331606760      
   11.3014550421051176671857744552922718      
   11.2413585390068605606265674912435413      
   11.1832312828176953055845820400298650      
   11.1269766159588474686359204244874906      
   11.0725042421867678517449843790353285      
   11.0197297063469509704376042557035875      
   10.9685739236562285188606416768967617      
   10.9189627531687578256211217081939637      
   10.8708266107550611143948063709973456      
   10.8241001174531462995631683633580053      
   10.7787217795594142498590914802083199      
   10.7346336972159599898188620736839488      
   10.6917812986880664800299450032792237      
   10.6501130976926604368154688222896713      
   10.6095804716264365636287052522107204      
   10.5701374586192294028623113673123545      
   10.5317405716271582547849187255415525      
   10.4943486279610589735981601118466021      
   10.4579225928076810689848023360894783      
   10.4224254354523225924700951273798835      
   10.3878219970436700554638572456162033      
   10.3540788688546524776502984620807432      
   10.3211642801058585760163145183507018      
   10.2890479944956187990067536558381433      
   10.2577012146772804090008952856394799      
   10.2270964939889761098363094459421345      
   10.1972076548254083850102130649589847      
   10.1680097130541378414614565053580816      
   10.1394788079941428945349466228640267      
   10.1115921374736777252214145584630594      
   10.0843278975534465080115769254552305      
   10.0576652265203299705722703828633864      
   10.0315841528118689054314664128040126      
   10.0060655465498716070072147517544565      
   9.98109107438826060574365392744514955      
   9.95664315740466308554479946205279651      
   9.93270493183703712464694299849516098      
   9.90926021237443573933504114497629800      
   9.88629345785402418953353503811848258      
   9.86378973916401154815084352806709424      
   9.84173470917913865895300534754762303      
   9.82011457458382688220710659497715432      
   9.79891606942977929576286245203338652      
   9.77812643031359050878669928245355032      
   9.75773337303831519414717366888029185      
   9.73772507066574606218644231479282157      
   9.71809013284723567444610682089956168      
   9.69881758634961850089129022699382711      
   9.67989685668401418418510193905095393      
   9.66131775076763067067964226216938064      
   9.64307044054060668306825893211087768      
   9.62514544747365985222338746138996359      
