   1.21648556555562827451122725686544053E-0002
   1.21852495232656849536186084583226864E-0002
   1.22063381226097734867683734279657420E-0002
   1.22281417321473548714001217849814697E-0002
   1.22506821386575796513933661257055110E-0002
   1.22739827995853012025384313358653974E-0002
   1.22980690132277958412979252755671965E-0002
   1.23229680974265330901092893233390370E-0002
   1.23487095778350149266671435296238154E-0002
   1.23753253871592158846767296980780451E-0002
   1.24028500771108921102745245133298408E-0002
   1.24313210451809722502711664229054400E-0002
   1.24607787787374241597430297191991092E-0002
   1.24912671193865460119866494501039323E-0002
   1.25228335510220655923765331935845252E-0002
   1.25555295155340532190244128857918783E-0002
   1.25894107607797237336304127343471339E-0002
   1.26245377261491828150266187534564242E-0002
   1.26609759719185107085900429319727869E-0002
   1.26987966596019171731504661620758706E-0002
   1.27380770917328840621741844889777007E-0002
   1.27789013209690464024515959611408657E-0002
   1.28213608401925132455028920104657239E-0002
   1.28655553674370824106845249471012639E-0002
   1.29115937421203407837319363324557298E-0002
   1.29595949523154273193955064473870450E-0002
   1.30096893168255393252805356107614448E-0002
   1.30620198508378375101579797471046730E-0002
   1.31167438502061391145868628088180852E-0002
   1.31740347373076621545664668791073778E-0002
   1.32340842214285121703449963892372868E-0002
   1.32971048393971316827945156900048816E-0002
   1.33633329585950449965102443391843680E-0002
   1.34330323457242391682514579859572806E-0002
   1.35064984324675435638400214066882253E-0002
   1.35840634457525755458719775762825680E-0002
   1.36661026189851461743585655390634318E-0002
   1.37530417660138004465734563574941231E-0002
   1.38453665884565139139838863258537055E-0002
   1.39436342092303021661612032477952090E-0002
   1.40484875953707781941992713719896154E-0002
   1.41606737737233648923799179838820614E-0002
   1.42810670880443423694322237840388007E-0002
   1.44106992491737047694009875583096247E-0002
   1.45507986773398100653687671643939302E-0002
   1.47028427687332941156499125685316380E-0002
   1.48686284754577557991310973373461053E-0002
   1.50503693821264151095702252502399589E-0002
   1.52508320345204562212781281682711543E-0002
   1.54735320035012240915651910675983366E-0002
   1.57230237235131805618732281741687333E-0002
   1.60053429720235135484569888417062200E-0002
   1.63287086812541015136329028753829388E-0002
   1.67046886065499033194554551129618972E-0002
   1.71502486070899804155355477350227067E-0002
   1.76916234273675020868583692685476994E-0002
   1.83723462864454132660459518089107620E-0002
   1.92721825833467845544335319211921373E-0002
   2.05610201851875408559226152808150213E-0002
   2.27088613655797987897117514227783976E-0002
   2.81712022049703677561182026193610378E-0002
   3.65275563770354920414200146614912861      
   9.01524478070367859605185340815140701      
   13.7496175528899450788917944884077677      
   18.1777641319324457766148000655232986      
   22.4068742604050773877088822578742001      
   26.4894556417947650060837334363532884      
   30.4560812488619057263090652872160869      
   34.3265161239493429861399581480923803      
   38.1144843150136759804851144997855243      
   41.8300005992479908856614596010233302      
   45.4806039804086101921749056947762613      
   49.0720380222931841086976680315659691      
   52.6086307235976527391594934597987432      
   56.0935024958202853840039853444709352      
   59.5286708050476105399672918084076494      
   62.9150855945878633855063064665204167      
   66.2526019244053505735205710455081239      
   69.5398533213306789250945683849901758      
   72.7738303155729803708779463548799577      
   75.9482797563618177287336520503170819      
