   5.75680188116313107596348891236242931      
   5.75669440201721261164782274948825333      
   5.75651536431631838060900717695443233      
   5.75626505337478656080908468432426196      
   5.75594387129542471932095287773704819      
   5.75555233714080426189629054082719303      
   5.75509108260180305702782925386578283      
   5.75456084308212763633181041967554807      
   5.75396244493667146853057735557145868      
   5.75329679007712695627146552010228289      
   5.75256483957962642219985006497067380      
   5.75176759876725266981031526221108068      
   5.75090610779523784238521896875965871      
   5.74998144380528139794901710100252932      
   5.74899474215968432703829505609304967      
   5.74794724431016018914026910258321062      
   5.74684037819367029108390023854829022      
   5.74567587409877057279773994326994837      
   5.74445591529172661241500970627045556      
   5.74318331885335701688753445881956119      
   5.74186173844610842526172754222925431      
   5.74049587760666449027911209332856762      
   5.73909169985223374121173827677028885      
   5.73765662090481939606813348841798849      
   5.73619966880107121182014641118765764      
   5.73473159952249296171436085837266923      
   5.73326495884606343360170130219360836      
   5.73181408489408947551792466182363915      
   5.73039504995586803763546151964087080      
   5.72902554401734165375094606695839596      
   5.72772470577858388391344293254258091      
   5.72651290954511903828290642984553767      
   5.72541151802975137366789418709611112      
   5.72444261195490489848311077047784112      
   5.72362870736781860858302851009923663      
   5.72299247094207807703619103048899161      
   5.72255644245445588499693905339702939      
   5.72234277217310035120916917785440674      
   5.72237297930094522482740792329549407      
   5.72266773598718674887772182343314091      
   5.72324667983649539434615039541656825      
   5.72412825644504642660683995801798400      
   5.72532959221188850695752816123862611      
   5.72686639670727964186348839195159112      
   5.72875289301929768856625679108257477      
   5.73100177395941581369622284808971890      
   5.73362418156377669777176644860166593      
   5.73662970712808582185222404428381867      
   5.74002640890661592861993332272258195      
   5.74382084463047687847303010377502682      
   5.74801811611664061817517822948406128      
   5.75262192339983396892473041948334775      
   5.75763462604219998534512165343072736      
   5.76305730950642471199766444760935836      
   5.76888985472733023669730218054219922      
   5.77513100927267079566795432619219925      
   5.78177845869693977791937676909743783      
   5.78882889695187165411868909939176359      
   5.79627809487439410906680524951805863      
   5.80412096599676310636093324625941830      
   5.81235162905591534473963239605122284      
   5.82096346672224986692120083517683813      
   5.82994918018993893348994587518939193      
   5.83930083934889727813029583612083492      
   5.84900992835376506254894874181364247      
   5.85906738643372724386090007001313546      
   5.86946364384934301344834248169786935      
   5.88018865290162472285171389142573931      
   5.89123191392471982750245370443780684      
   5.90258249616429470951696799408269835      
   5.91422905343642467277812296485921877      
   5.92615983440671194710284681154928494      
   5.93836268728342273154321653607626070      
   5.95082505864279158424496355984214424      
   5.96353398600219743577791443703663497      
   5.97647608365618772672990724796951441      
   5.98963752111166702486337114661029798      
   6.00300399331314173739177667586808800      
   6.01656068158567709551054027114064281      
   6.03029220394792944965413331780438109      
   6.04418255309865800767371436820831162      
   6.05821501987778088837735429864060079      
   6.07237209945724089102007505518492078      
   6.08663537670961530287834019878384169      
   6.10098538620716902031721438685694722      
   6.11540144098566920228345476548858306      
   6.12986142240089944115568355956359818      
   6.14434152102263531092965073622956461      
   6.15881591517672512738216349330217299      
   6.17325636918473847342701226843922499      
   6.18763172686279249746546506287438202      
   6.20190726653961344149315403890833763      
   6.21604387035328407999439781274769295      
   6.22999694037093065492911229476340860      
   6.24371496348812991669869695577557050      
   6.25713757932168746062882708599729614      
   6.27019292902521377073767692489987879      
   6.28279393718387889045942357562756989      
   6.29483296464745467911308555188098960      
   6.30617389031341721630986558812970234      
   6.31663997647023487056349631730180268      
   6.32599450024319023705771326758845370      
   6.33390828775059746001772982068128225      
   6.33990192310392486088474993120200751      
   6.34323473799810929977620668520731564      
   6.34266882290135877787230350107156046      
   6.33588879791175457630566055530931473      
   6.31770229765437669346900990229699097      
   6.27134870626600397456580247279807790      
   6.41266203036616248494152458328393706      
   6.76283306065948847145303706240813418      
   6.88512019014459792269943116646803042      
   6.97954033661088301028892486500810776      
   7.06236046083029902255883516613413487      
   7.13879723908694468852865131850390100      
   7.21111840331603952432226590686041771      
   7.28045403240370517333730554583282815      
   7.34739481549042924520598094357680687      
   7.41222641106016683568497815507747544      
   7.47502133626125474100783131581952681      
   7.53566728715307307895250051410960545      
   7.59386695693349320330275586347326953      
   7.64911826566022287522009080889348094      
   7.70064850392446744832237590645073959      
   7.74715902582262965351936490227976027      
   7.78468029455393125519919415865543181      
   7.81632115448683274431535943348768565      
   7.84743780952425657369314605270324597      
   7.87802436152675823746407106131456908      
   7.90807540940214244071185980875398881      
   7.93758605111093397242930337752785445      
   7.96655188451825035432603214051918654      
   7.99496900710033231691043327969110713      
   8.02283401452643959371711066782502046      
   8.05014399816932433683178351749637085      
   8.07689654153652029412058081068805461      
   8.10308971568429412049820491709547195      
   8.12872207363906043754436621169169986      
   8.15379264387422307109402618183411920      
   8.17830092288136961825226248594409679      
