   235.280623255560065767173916372200344      
   235.267416041613366799044398618009633      
   235.245371159244097756232513493127752      
   235.214474221392287767577645859197612      
   235.174715626896190103967025918029498      
   235.126092373660797358957208678566720      
   235.068609559847667432895719893891708      
   235.002281523895458730193246839834929      
   234.927132599296472013702907793086917      
   234.843197493913585491467339529531303      
   234.750521327467374086580706787179872      
   234.649159361132707639658406482281645      
   234.539176413467069454313577179816109      
   234.420645854309723148461589305052699      
   234.293647904144948859727226479227020      
   234.158266787713437397024172457596855      
   234.014586204079521677867333867133524      
   233.862682683951827029130388321074780      
   233.702616734640258767878708329381167      
   233.534422139842901265360129704152116      
   233.358094237463749399917945891025551      
   233.173578297293040775271894489502363      
   232.980759189967483447580284458119478      
   232.779453379013103317877855367364713      
   232.569403945975709277322607256486638      
   232.350278965269341364189844867136434      
   232.121673163077487064236265393708549      
   231.883112484947759519024059456370021      
   231.634060987023725359257191181042053      
   231.373929362826319354960139158673940      
   231.102084405385975965999067810751530      
   230.817858759989127797120131595603568      
   230.520560424228187218658233991955936      
   230.209481572248994769581613194619988      
   229.883906404836327594207110507055737      
   229.543117842970306068800916105404011      
   229.186402980720380305496884197229762      
   228.813057293236947191938187646271946      
   228.422387654485626356544168710309209      
   228.013714259727888193633295264585446      
   227.586371572752155514818564061823355      
   227.139708428643718149188329149284000      
   226.673087425977743180616934859446955      
   226.185883735129142292401061565518655      
   225.677483441009719449188711645892519      
   225.147281523814760857606299281729600      
   224.594679568273532373552023276065263      
   224.019083275993523220311025478546777      
   223.419899841563990784805620497533185      
   222.796535239428161201327022131584286      
   222.148391455882498788170244668741992      
   221.474863689796603702855945996607253      
   220.775337535543684820490874558897759      
   220.049186153319325087779779710086951      
   219.295767424604263989700597598244334      
   218.514421083877072846215803150067757      
   217.704465813011976198747084154127471      
   216.865196278773522393441742464794205      
   215.995880091108464284541992508774447      
   215.095754654656455625804627715036306      
   214.164023883118838502877259597513052      
   213.199854742251889868711556332337759      
   212.202373583210788712052377775038203      
   211.170662224360062071549330433591272      
   210.103753734320829856484532307701459      
   209.000627864567612315019521799032919      
   207.860206072803650468374126538288309      
   206.681346071641163157951023903159511      
   205.462835827536071742321672224638144      
   204.203386924874036690557764465688960      
   202.901627196610933928187456700816231      
   201.556092507705156848947214048283075      
   200.165217558213683463184817604146080      
   198.727325549769377561809498456619058      
   197.240616531026534946657241558615810      
   195.703154202226251568654065826583727      
   194.112850917025455485662869758809567      
   192.467450565214104875668233757165261      
   190.764508954636879761014687546372243      
   189.001371227033295584672677906185791      
   187.175145737136111167735529162396379      
   185.282673692407507274968915929553054      
   183.320493678866874281859526022335313      
   181.284799979951769633975843762323227      
   179.171393309299062535851515840301666      
   176.975622202991045491802554243214184      
   174.692312820795050606146526994059524      
   172.315684239630674143374696320126462      
   169.839245422069095670883002466166727      
   167.255668805449697513473474072592409      
   164.556633739311258446486121960513322      
   161.732630576223454424743060695403813      
   158.772712747449828323755739768126278      
   155.664179094145144784864735306658427      
   152.392161197260244807307889523727625      
   148.939079020886808494388902447978726      
   145.283910402582626791472666257257652      
   141.401191501428617643705617069396986      
   137.259618435936129819428374766725232      
   132.820040190235801530145163520848139      
   128.032489831347329167867486359540505      
   122.831632434310336507386096831081561      
   117.129470966554723799658187004143141      
   110.802990557964516265688765424102202      
   103.671654514974809769136277964903601      
   95.4521850339011519915590750852962695      
   85.6541424514843407469426071881178138      
   73.2819655908770586521730795152172534      
   55.5851899195061777602292747543437921      
   4.07938433435293669145599664417635447E-0004
   4.11411920162848506791918581088807821E-0004
   3.98088545178856522660266483926732671E-0004
   3.76258769648905717701540785658433565E-0004
   3.51784538575524422258403738043640036E-0004
   3.26318853277256341312012826881181604E-0004
   2.98490614099130625449516139546252747E-0004
   3.07986596950413574131057564557977311E-0004
   3.80868467475217233437540928526881555E-0004
   2.81262749318694501243681947555196058E-0004
   2.54164866627438041564022361510423207E-0004
   2.32386073171763574832724269543840823E-0004
   2.16411777318163886142525577857299631E-0004
   2.00994652923939683171684244470971162E-0004
   1.85087591828196705121738386404004891E-0004
   1.66079765103653184034221570823268707E-0004
   6.01238020971790150121716174104656366E-0005
   6.03681754666774241999045985436991292E-0005
   6.06085002259780230103148464971143429E-0005
   6.08447308197908050043488926375483583E-0005
   6.10768255322675323310198471508840203E-0005
   6.13047465023015156977456899719666388E-0005
   6.15284597299852540462142187798185174E-0005
   6.17479350742639907542143785501503167E-0005
   6.19631462419297696784489962893585334E-0005
   6.21740707683575920312881641470583863E-0005
   6.23806899899178771664704056731143812E-0005
   6.25829890085391684227697162342239659E-0005
   6.27809566486102275383414151347963324E-0005
   6.29745854065903636981465782934968224E-0005
   6.31638713936275865378535747231929279E-0005
