   67.7750381206530669487485378203959586      
   67.5628089633436249636019735332271808      
   67.3447778058248192481796019536099456      
   67.1208692340266767819672486743112164      
   66.8909995356814035791553724051194030      
   66.6550757406344015053162476682611794      
   66.4129947077923615021641563512927198      
   66.1646422557073740979914899112005058      
   65.9098923320829342885551235265701887      
   65.6486062159888282824770217439652674      
   65.3806317452585263724375953540035621      
   65.1058025603997630245817041759798849      
   64.8239373553467855939813680995666751      
   64.5348391244825805005566255707642493      
   64.2382943945332747428057564386986588      
   63.9340724291355846091065420362953622      
   63.6219243930644108793740202816742918      
   63.3015824622348090067264234846941370      
   62.9727588646108415378037586306892301      
   62.6351448360134376169596259847199026      
   62.2884094734636125089346219881692034      
   61.9321984670604991055134701477675107      
   61.5661326894090069664966995357675006      
   61.1898066191922822059376976172951981      
   60.8027865725338342962295622619568429      
   60.4046087121932698822108736516760319      
   59.9947768002477647289153032937253199      
   59.5727596545459130026426669909434704      
   59.1379882626623356543683526659779726      
   58.6898524990505867484634330676297675      
   58.2276973812301047014932159862287042      
   57.7508187886972670027824280465563045      
   57.2584585532293945141119718829901738      
   56.7497988105943558235190169339725001      
   56.2239554803789541960516492809823076      
   55.6799707113924429205642700447743588      
   55.1168040931209688607356499312426358      
   54.5333223866473080332086977499009270      
   53.9282874681043698726114213356802633      
   53.3003420997216026933987964152412613      
   52.6479930417923335748572777487717418      
   51.9695908849612368083561039027304008      
   51.2633058041072387991204081769107716      
   50.5270981955546519714981665863285679      
   49.7586828333194072779098870000193273      
   48.9554847305205566496714916476826066      
   48.1145842632029481860788225746517268      
   47.2326482201628910128003325285790318      
   46.3058421501898668733286810259978451      
   45.3297174732236487988488383777860113      
   44.2990639522540329996825312877092299      
   43.2077136929149060685130988608175827      
   42.0482758071528073814791750857080776      
   40.8117693595653196193739697822477573      
   39.4871026429212542027589650144659805      
   38.0603121255570612642235739563675414      
   36.5134097320508357397077322247542848      
   34.8225592224097236133761683298074395      
   32.9550308894738864160411523112364338      
   30.8637544048720251341361033480998147      
   28.4766576822479057390164200034948318      
   25.6730552810340473390130088724386225      
   22.2207874541866086261535114875284206      
   17.5458610642326466773493230818438390      
   8.70636989838965206057572032317695279      
   3.98590716558618143098485729486195530E-0004
   1.45320471792937927246633822841453135E-0004
   1.11992780995472465683410676186857529E-0004
   1.01338316374645917850894061085091749E-0004
   9.50777204660630280972405877309212220E-0005
   9.02025266025066939876338450555899732E-0005
   8.65228138260342846080740334483738445E-0005
   8.48198528311434722960164737759959728E-0005
   8.49477920100763875773840768448162617E-0005
   7.79090018624369691910444836426024228E-0005
   7.12727293872028979303935342208441358E-0005
   6.84850483990585925728207365004826903E-0005
   6.59325313385676485209293523820624889E-0005
   6.31264095048818071006819453797219045E-0005
   6.11011221266785874526858709016914733E-0005
   5.85181679552008556667758448905598430E-0005
