   75.7945306801347417780966949138686568      
   75.4013230288358923747109374679686580      
   74.9924688994205269138357162783535057      
   74.5679859763281568164456641316709297      
   74.1278991179444850388553959857883463      
   73.6722372067221531915982747958181786      
   73.2010300523813226249624273677671494      
   72.7143053447051867860760674626131826      
   72.2120856479060020924820665282075696      
   71.6943854243174197615066395444097554      
   71.1612080711221200062658962878960355      
   70.6125429498856876071399076265273508      
   70.0483623846772328286402714940671736      
   69.4686186003863346650310877994582010      
   68.8732405683448859052405058032278807      
   68.2621307213151015548477348969019530      
   67.6351614941277691122506566135425515      
   66.9921716394537495210970021484500414      
   66.3329622600739544083296606207275918      
   65.6572924891602840483586274793325524      
   64.9648747380180422752922833931621149      
   64.2553694158122480185257176480796061      
   63.5283790072094194420088856802879949      
   62.7834413705306628170738323263975472      
   62.0200220895324541648866567732243774      
   61.2375056744200044300526284970803110      
   60.4351853596454124126545114514104440      
   59.6122511839827061927460554014201784      
   58.7677759576067824299567411224193172      
   57.9006986148320313300832221459381188      
   57.0098043105719930080501507584808066      
   56.0937004302745121904747415669966075      
   55.1507874281178991750337577323165551      
   54.1792230588064418931842070998106338      
   53.1768780831143900717228742723402650      
   52.1412808440346770576713358419339396      
   51.0695471330023808934923880851316257      
   49.9582903436114692652724851070850821      
   48.8035048018761022362234103124181936      
   47.6004119701456106251875664571404743      
   46.3432542748834383160563850855411933      
   45.0250134363443003315400771491831862      
   43.6370172657769342481369898335014243      
   42.1683769597056557960710727897247400      
   40.6051580797847551370238643749765158      
   38.9291161282858741126175334801188849      
   37.1156846972133230728283614088991370      
   35.1305993372719122823629458618317914      
   32.9238253901257445653598912201972948      
   30.4175661274178444057258245397743371      
   27.4792630908104829154450239016234966      
   23.8477267551981312304517027777452201      
   18.8502664242241841994739968629387501      
   8.42705748225200718396551251606063453      
   2.24896545952103610224175024222481024E-0004
   1.23366928134811550797668565300234642E-0004
   1.04669202973075751638697896011316184E-0004
   9.31770864825341476764482596901551149E-0005
   8.28649832237616802013560007966893673E-0005
   7.25034902474111583121931699437115920E-0005
   7.22796677427406959054960703160283593E-0005
   8.91352043775842156858638211922288337E-0005
   9.09515991083373878654407145063034761E-0005
   7.27266232716050902070681113987839110E-0005
   6.39206718373641685690585380941636596E-0005
   5.80185641877447288838962950878547873E-0005
   5.31985175632791172521895340513910314E-0005
   4.84027266722134598183028135906148810E-0005
   4.30484660912991978910421961938556440E-0005
   1.55811531993611639697978105425219574E-0005
