   220.416457823757963187393653115138851      
   219.605089157535962006822138775237193      
   218.761422891239816293376531928075375      
   217.884727752326158060610058098114768      
   216.974248902526311277713273922704769      
   216.029203211318793095596591095780370      
   215.048774365161383339642205653253318      
   214.032107786647181438343443147546235      
   212.978305329155081315905590081145989      
   211.886419703754459171251561364702754      
   210.755448585829934488913080385547662      
   209.584328338938366833532008030360655      
   208.371927282446670507494611274642584      
   207.117038417178987226860521285600852      
   205.818371509204266380181340920463658      
   204.474544415432391303759121454352167      
   203.084073515255352942258455443242047      
   201.645363089204937137698357716956692      
   200.156693457511218079434605717567477      
   198.616207657221033684752497183345640      
   197.021896394553595373695156728125526      
   195.371580957288026207689731662820842      
   193.662893707471474076080629047045616      
   191.893255693992059277223204446723119      
   190.059850822823888125710035199563873      
   188.159595893658220283908917386667338      
   186.189105646657014571561612393916929      
   184.144651750522112058459614831853279      
   182.022114387016989318256941778177672      
   179.816924725266154207913824640823123      
   177.523996100391675779951643131187097      
   175.137641070909988643746981995281821      
   172.651470663848330097364111711311916      
   170.058270932153389200618603168575852      
   167.349850306804098020904513639500870      
   164.516848916514659064155763294471681      
   161.548497748785974593216186396523769      
   158.432310732272016619382562175788155      
   155.153685722349637705504669968604200      
   151.695379639882356759386695440951852      
   148.036806403144503377091550246805361      
   144.153079897753103077962976862699835      
   140.013680999424639280163091055066059      
   135.580554344886638111824460968375770      
   130.805310968733194471257069530319865      
   125.624972335006140096216097002507610      
   119.955216803039746730244623248984258      
   113.679080881313835169353653123256305      
   106.626710772705798774308336495630958      
   98.5355471781625211547943416640111888      
   88.9611426873349161355477978087782541      
   77.0345936915070882385205321168120613      
   60.5401525146587535150361458121207127      
   26.3632731257469227705386330890471297      
   7.73833452652890642589447060095003882E-0004
   4.32865711302028037213233680969906059E-0004
   3.72503315230563812505255691702065398E-0004
   3.35638264236306428223642682852409073E-0004
   3.01782157452226756242733658598721853E-0004
   2.66762704106459392711954425292354617E-0004
   2.68531957481769869485800850876881331E-0004
   3.34240078294100188120386437154017642E-0004
   3.44102696858422884669896718054643882E-0004
   2.77514940183913067550371269375831792E-0004
   2.45918224267567477528815808400419799E-0004
   2.24955049117091076933732651177215564E-0004
   2.07777560528531774778001958979087881E-0004
   1.90318310977902562643253920054783912E-0004
   1.70269800859072207014450334729480364E-0004
   6.19081727504349676669002297065238027E-0005
