  0.667890412798594087541995342836518823      
   2.96194416145244757028935575673981090E-0003
   2.57302282950158828531852375506212150E-0003
   2.23696700766177183141733513417712313E-0003
   1.94601023913401764761652323142261561E-0003
   1.69370498671903887806426123909698606E-0003
   1.47465057308122871658318752092948923E-0003
   1.28428804884403769572276888202975397E-0003
   1.11874388731528840042749862773411804E-0003
   9.74708974302679530577946852159220038E-0004
   8.49343682930887620699594667695915879E-0004
   7.40202564164759683841493098351635910E-0004
   6.45173690437692154876456725353781435E-0004
   5.62429141133374129070006911997085253E-0004
   4.90384221280536426597874246616898986E-0004
   4.27663431620366547306740442058004072E-0004
   3.73071881401710096815238344531109813E-0004
   3.25571011474956001140983955410082852E-0004
   2.84257910506780600573456044976595202E-0004
   2.48347446270351117976597307771353781E-0004
   2.17157179457009693696977967208371415E-0004
   1.90093794212102838699895575766304050E-0004
   1.66641695313343009371244175254074316E-0004
   1.46353048479188452857529341992988137E-0004
   1.28838554147268742792590216314754449E-0004
   1.13759803781598195402385030635726680E-0004
   1.00822002981352147744630530540356990E-0004
   8.97677038125914790227359603984016480E-0005
   8.03709462810633524106809913212516715E-0005
   7.24317477311771888314865449647533531E-0005
   6.57715165846231097308401755276436489E-0005
   6.02286628377878282335326373277061563E-0005
   5.56564873598532410433163477419474953E-0005
   5.19199754720211454170075658265937753E-0005
   4.88953927351021505566573697355464465E-0005
   4.64701994545999032297432131494294006E-0005
   4.45422187536142932605335670355856204E-0005
   4.30227328808457919322200573406714091E-0005
   4.18332465513258476820076157164154418E-0005
   4.09076949541725717082817199052755787E-0005
   4.01917627489320969421456232339752046E-0005
   3.96400208161121266230393166681102790E-0005
   3.92162366662881414473483961372733449E-0005
   3.88914129590275095978600284326343968E-0005
   3.86432749774322461278895125464837406E-0005
   3.84531456627488497820695636176038002E-0005
   3.83082150311231576383467393101699799E-0005
   3.81976017678515354257732520656951057E-0005
   3.81129059858036431425024924891621878E-0005
   3.80480282974635479042935250528286388E-0005
   3.79978077196287182831701595682422329E-0005
   3.79591468964302390081296074961989188E-0005
   3.79289897966033637142637484498073481E-0005
   3.79050135573825532979676928303816938E-0005
   3.78862054922126486390873149605423504E-0005
   3.78703700849156398585182956866578626E-0005
   3.78571572952669540797497445256955042E-0005
   3.78458817680303224322421786176993194E-0005
   3.78361277721658268886982742145944538E-0005
   3.78266762580107772093906250672902743E-0005
   3.78178083324859141075878509580964847E-0005
   3.78095826641675421239419314044257071E-0005
   3.78008969298725696985214795444188873E-0005
   3.77918575929800932728118086558921182E-0005
   3.77825763348820601739644366473909631E-0005
   3.77726987510921991024467432718582706E-0005
   3.77624883437084629726223874030003996E-0005
   3.77509018121213409565458812882550098E-0005
   3.77389760975978473668473329122805314E-0005
   3.77258426710605713245843705532232826E-0005
   3.77116886744712151933281218369295721E-0005
   3.76965151568340364967489910186881320E-0005
   3.76792795167344610887320250908708277E-0005
   3.76606829861584110189896301867895978E-0005
   3.76405176717226255089040851567244816E-0005
   3.76184751216463455215248857640950046E-0005
   3.75943021836814224131351376909240126E-0005
   3.75679612317215262038723797787794985E-0005
   3.75393355477180101928812401475209758E-0005
   3.75083664204902398432402126569420282E-0005
   3.74741301920068344560894444619299855E-0005
   3.74371948021083386029401734207372080E-0005
   3.73969059643798098286956645832741911E-0005
   3.73527341943353018240309063671027410E-0005
   3.73049331240800177987255683606641696E-0005
   3.72529965850066680327453538974159934E-0005
   3.71963655148774575191711829026436564E-0005
   3.71344402393044297987156357746031367E-0005
   3.70666042682450398945112270976527623E-0005
   3.69923194592004809104770232280291675E-0005
   3.69115413003877607457236965752008416E-0005
   3.68284290767025561966952908718898303E-0005
   3.67700392260555065001706052012722253E-0005
   3.68090377359521648821512760330096716E-0005
   3.69866998131322660653157612013412732E-0005
   3.71294507737690858719560544679689801E-0005
   3.72839756041634763371136982922261301E-0005
   3.77281118306553431549603275979941773E-0005
   3.72683250572107604270914982145543545E-0005
   3.69983533847553291527300835967089145E-0005
