   4.42768765566011697338532737998405902      
   4.37406664203853097156913922188114798      
   4.32164638178757732987296574940741512      
   4.27036355643892085364190811488207506      
   4.22015854140939355522541640743642893      
   4.17097504319144063490439169072356447      
   4.12275977489198113370503244237123111      
   4.07546216560809810298639229654675131      
   4.02903409961014037875701248623206191      
   3.98342968173083447636538838323608466      
   3.93860502574039482545507044584293402      
   3.89451806282686026601026324236048279      
   3.85112836760271389033450248814178215      
   3.80839699932691187954644325611017306      
   3.76628635626826345944564339748334741      
   3.72476004134486099267665085153575202      
   3.68378273735647538475437809604687579      
   3.64332009028465198665694491676452677      
   3.60333859927030470450827801703580709      
   3.56380551199186745476110223339401368      
   3.52468872425969304013441526727419436      
   3.48595668271527700784064982458690356      
   3.44757828957713855493892546994213859      
   3.40952280840916861170071267112158636      
   3.37175976990154816503407983588809816      
   3.33425887664849254364572537331526626      
   3.29698990587958682689102525213997303      
   3.25992260905071612260472384962639425      
   3.22302660712428878230566279857869411      
   3.18627128026269471749147199791915492      
   3.14962565051970633341778324656453121      
   3.11305825593576210872933439049750727      
   3.07653701421684632236775551703484684      
   3.04002907389382210128151362047952069      
   3.00350065050574761955095401730018096      
   2.96691684491122267602895621320013063      
   2.93024144028391809782394450009468586      
   2.89343667366412352579460986178742549      
   2.85646297707989536287198402059760771      
   2.81927868217055297865018472008152177      
   2.78183968087563168736117254130014355      
   2.74409903300557359344203153779490242      
   2.70600650926796186383608088540892136      
   2.66750805541960241872538769793778818      
   2.62854515942522201571017449471164739      
   2.58905409851037672185013341759446137      
   2.54896503635193477378876955396564189      
   2.50820093171110227231287257479576832      
   2.46667620764844611966217769271585615      
   2.42429511368840859766824137927854780      
   2.38094968985406206531867468412835501      
   2.33651720821032569664743467107873061      
   2.29085691950501625825852794193450447      
   2.24380586182673157075389814456088779      
   2.19517338206827651007445019215478371      
   2.14473385784314425258072059179985258      
   2.09221685002227231740175549556882258      
   2.03729349730142628275165798450168298      
   1.97955725927850894238540858100650501      
   1.91849587952356446064283839437320475      
   1.85344917317807361224309889866144275      
   1.78354284663711136282383820066764218      
   1.70757944627650573001664707270392182      
   1.62384706962935343406731826080076432      
   1.52975559609739853919968095821352610      
   1.42106562536720600546355699754161183      
   1.28997958490821158115467920912675329      
   1.11908338775667366608914263661615630      
  0.849378420723748764342553763449523085      
   2.32556087330579941184729891145952016      
   7.35059170206586145478419158168089251      
   11.7393472449150957379598718244385561      
   15.8604617714089155278581795877814609      
   19.8199791674771158630029135557854058      
   23.6669066443432883608131301358124903      
   27.4286037470869043280928878897681543      
   31.1221311537406832130725280288521365      
   34.7589718723118468607922744251652839      
   38.3472965644841470805394367105557526      
   41.8931356482290808291204851513747066      
   45.4009996602074517316636718380335601      
