   81.7400432333552244830652925470550763      
   81.7369788120130527234243439290176137      
   81.7318598081827435256589860846708550      
   81.7246767896175492344779711770427085      
   81.7154201672122940461658891902352247      
   81.7040805665793053923567986266194006      
   81.6906469152570551763005086357788772      
   81.6750962520703676025182347729525566      
   81.6573687288602568257248838477976623      
   81.6373287076525604207891245450632067      
   81.6147208202656265913423510383842363      
   81.5891307503926854344425599711928166      
   81.5599565586056094404158234995773357      
   81.5263929512876577541948083511055423      
   81.4874295194443726612772080263521613      
   81.4418632271342401566966486132703446      
   81.3883241499777444775836226492320252      
   81.3253118328910023573724029259887196      
   81.2512383677797824723993064458288984      
   81.1644738634655423419789259001403068      
   81.0633903760773147095478430411553286      
   80.9464013010253222605563029412389737      
   80.8119943475769080615643601567898133      
   80.6587572688136775323365823572354777      
   80.4853963474429906470006098358852859      
   80.2907482122137484374208154122941273      
   80.0737858838201711428419213144924760      
   79.8336200883201374102676711195601832      
   79.5694968680363350105005907065069747      
   79.2807924358920575900104583069459894      
   78.9670060852310350839102125952862059      
   78.6277518171369010078283321645089609      
   78.2627492072108371658996607203720836      
   77.8718138988295179705428528618650318      
   77.4548480025022058843942944532003867      
   77.0118305889577248693612895071396773      
   76.5428083914147499597249885632399624      
   76.0478867813714295272222631615091032      
   75.5272210379291766899661690882617639      
   74.9810079070924884977519494012639544      
   74.4094774233992431203885641312737393      
   73.8128849568737243890034378169895037      
   73.1915034373184899787447731384990070      
   72.5456157031540682225804456983395030      
   71.8755069179446231906926051995196604      
   71.1814569918945641551679159901217244      
   70.4637329436698313140996576011533203      
   69.7225811272272129180975658343282954      
   68.9582192442626542814347271920661197      
   68.1708280453279830810774259317725430      
   67.3605426123797117795490791697397326      
   66.5274430881224289674344267047817535      
   65.6715446946163640375443386324387786      
   64.7927868460885305113024845964134222      
   63.8910211124510606868666974432527678      
   62.9659977329764903256196609143160325      
   62.0173502992102332357675414342261842      
   61.0445781225128702881985162955410015      
   60.0470256673025560190904680311428262      
   59.0238582450166892594211384205503700      
   57.9740329199636316453525268526326629      
   56.8962632350233421421669041033872738      
   55.7889758985170581910238522172917895      
   54.6502569075716522975782625394284972      
   53.4777836365642846789891608839853987      
   52.2687380419860424010275945916327628      
   51.0196940940671779098013666268976904      
   49.7264694718265741981812732510768305      
   48.3839268139450739961821765299713642      
   46.9857023433730038967977886426105756      
   45.5238275835663060754830921262086865      
   43.9881897307307957200454868729849279      
   42.3657415687608871988244643911750936      
   40.6393096950834744409410421933586268      
   38.7857328093399625432260067871777295      
   36.7728252391883639043009623622368480      
   34.5541306075169947346987809584363834      
   32.0590556034059683471721804954114783      
   29.1717193779957088311353838377300269      
   25.6759607347039989584834097825944806      
   21.0660108356459792054355367517768384      
   13.3402374545223484774596188961631788      
   3.67641564218481771844106365540090062E-0005
   3.33741467091650811404668311259964997E-0005
   2.99231095424619460846935864818177268E-0005
   2.65054010377704818953973097830753473E-0005
