   25.5609701966351035855553402224603038      
   18.1244481185044916976391226341815949      
   14.8101904357639273649945650652667119      
   12.8299691710165609630652988169519292      
   11.4767693843757591286463207890609116      
   10.4768673945058937546458584428430146      
   9.69906197113473753799058442089879617      
   9.07156693954901486752170095314237627      
   8.55136242944223712936979534789573663      
   8.11088535088871528438853659454857844      
   7.73154336034413932148807783048602920      
   7.40026971919374932191525844347443266      
   7.10756666656146813036144529376502389      
   6.84633307815433651080102205213587903      
   6.61113071056052584192039747809076808      
   6.39770808687374628444250788510846557      
   6.20268206969990810109011193727489191      
   6.02331928683638328801739469694567608      
   5.85738258780332067795126866869162796      
   5.70302085567361246685401599746266659      
   5.55868831246831507965617368134674676      
   5.42308426028529368436474964750243722      
   5.29510723490113057404642472789743139      
   5.17381950604684858142402888532237968      
   5.05841914122942212553016551686965363      
   4.94821770082401478927959414988135098      
   4.84262220239435185101640871133096148      
   4.74112037827292193739930733180752083      
   4.64326851445079372805008085015230611      
   4.54868134184838752745138999624174454      
   4.45702357953875438997718856818789452      
   4.36800282139875872260830832767194691      
   4.28136352452558128714622396760348266      
   4.19688190739247622435627877895887748      
   4.11436160321422857037217243496881483      
   4.03362994299153644753682386913163794      
   3.95453476529579193350136082592410204      
   3.87694166794960843853860883330805977      
   3.80073163120572975541415436815441887      
   3.72579895385610276554770189048448703      
   3.65204945329604518520646856017512228      
   3.57939888851776058375971711163163228      
   3.50777157150753216929837646443649305      
   3.43709913789127341280003640043587211      
   3.36731945207670092470253930512206964      
   3.29837562574335457179817231505246209      
   3.23021513141505840754681741631696934      
   3.16278899518740640398613425880972445      
   3.09605105444565913752234863929529099      
   3.02995726774068028815205306592988071      
   2.96446506487901999136169234114438065      
   2.89953272574983175757075317159957536      
   2.83511877649637663950801916690586481      
   2.77118139124569938217221801483146921      
   2.70767778676720456111186495992197378      
   2.64456359599023070672762499875296273      
   2.58179220418133709370488844287690511      
   2.51931402853305073086139136342015175      
   2.45707571769101812069379476746570641      
   2.39501924188812020549839852817450254      
   2.33308083628769919970458271954998178      
   2.27118974890635618956917857900067130      
   2.20926672878951432302221698139038205      
   2.14722216784837046955525088230194592      
   2.08495377781961873429005352274092435      
   2.02234363724242844412441183226373929      
   1.95925437429872539601037730890622576      
   1.89552414707927330445892911715609063      
   1.83095992191037329857618005210596921      
   1.76532829647272380816272064163663112      
   1.69834270333927583899860851674805917      
   1.62964514462274934086419221926262842      
   1.55877942907833076762486516252344421      
   1.48515076987087832000075795891484661      
   1.40796261628001797791430835550608458      
   1.32611352244307619448096810640937892      
   1.23801871452462448503345325968376777      
   1.14127380299559164178265225307628280      
   1.03193155144360390502681173622826988      
  0.902614601322103241991442962805193463      
  0.735998551328320298275506802966098703      
  0.463148298589941121354882465878681100      
   6.38601543326329003344674471448654767      
   14.1809837636139462936474980682348931      
   21.0259837350976284389958973365401894      
   27.4281828921686984938144681787394523      
   33.5863288509371535427885146004918414      
   39.6230277302371707233672553726267989      
   45.6334034648386982396775659323352757      
   51.6958455107475316849770383775606319      
   57.8665762133312123848748202071112071      
   64.1683274210452085260318736498242004      
   70.5821087609866577446726125979563514      
   77.0457634670809879628391902859141100      
   83.4561405808053445852925094007620128      
   89.6669274561194344413281250806462016      
   95.4614139534317375459012129587442236      
   100.289693896956333984903084120450279      
   104.507390680307738039121755357426715      
   108.690876853392668669787711428818513      
   112.835839271723117118180352222944810      
   116.938770672302035772166977498430866      
   120.996897220442940186202536773059017      
   125.008090999316652309690463035613140      
   128.970778001932250332059071030588229      
   132.883848777456493429554851591481634      
   136.746576095786251340161443361670500      
   140.558541891915015666051778817497689      
   144.319574279005347076741268546626578      
   148.029694464003763946433797996813151      
   151.689072836926623127713460572191312      
   155.297993220851827348155284322163890      
   158.856824170561148181238617864198224      
   162.365996224308851398686323202780325      
   165.825984094078154210582887849849766      
   169.237292893551908568828407621356120      
   172.600447625915301264917449493979130      
   175.915985273811610570450858456772990      
   179.184448945651481472268048682982278      
   182.406383630260976634463868982108647      
   185.582333196708967297640806535798363      
   188.712838347486878643900986411983414      
   191.798435292727864236336954384537936      
   194.839654961767658419450737723178694      
   197.837022608217824366036577045837182      
   200.791057696558356551146294006075813      
   203.702273984010743734910087052060990      
   206.571179731799591828737403911906981      
   209.398277996146631266725942487025609      
   212.184066961917710074620230060180279      
   214.929040291907782836499531254099576      
   217.633687472354534573364960492607037      
   220.298494141261348812071198389590794      
   222.923942390672021618088250865094439      
   225.510511037485045462624310596129361      
   228.058675859855455047021630465416686      
   230.568909798277624040462425972683469      
   233.041683121777175530321508158888824      
   235.477463560467791498558903490063070      
   237.876716406520646668280251926615120      
