  0.289084365481130738167094079135124783      
   4.03342223241640734911152598322311826      
   4.18031908768742712759615047154859280      
   4.33260863396711582024315409525731436      
   4.49049135382064741512889574677854688      
   4.65417492688618462857557736496770257      
   4.82387455198013604990145868510865175      
   4.99981320804433755469147056022290767      
   5.18222196726771258576271189561905519      
   5.37134031183777819847501654116414439      
   5.56741639290775857217842153461961908      
   5.77070748288466549821145569878320734      
   5.98148016191946080173286825381626367      
   6.20001077602825692445743162249598010      
   6.42658579115862219153242903952022493      
   6.66150212938177415282582882805345647      
   6.90506759383896340005043851654412284      
   7.15760128612895453016890316136442726      
   7.41943399391090559658627073571960558      
   7.69090864972462687942185360218503600      
   7.97238076579162529267387952916485811      
   8.26421892286886169270005824310448163      
   8.56680522413954629375967742875344156      
   8.88053582625682785267726363567340360      
   9.20582142215129748929819674582782319      
   9.54308780176079633846817346541223433      
   9.89277638062223480957314413916381836      
   10.2553447830485312332117367091396808      
   10.6312674260535511035714322669320987      
   11.0210361183084665856981731816797987      
   11.4251606866898958891731190554733296      
   11.8441696160793349482837931223391672      
   12.2786107150805573925101770729633347      
   12.7290517815050883616920281805764846      
   13.1960813101556178020500865193926484      
   13.6803091972357767431442502940821974      
   14.1823674711382441935714135317215728      
   14.7029110443528215154214896570487795      
   15.2426184519244762033056620499738180      
   15.8021926468712635758802406831558842      
   16.3823617637749938172228610311189160      
   16.9838799148219318761613122740071993      
   17.6075279869159637847747904536392413      
   18.2541144309793274039677838178259656      
   18.9244760651737418633575348729483451      
   19.6194788516853307697226784346401470      
   20.3400186801818404442271808515945061      
   21.0870221119377063714298158535999012      
   21.8614471139256466485207202376273734      
   22.6642837395181781531045066708881890      
   23.4965547743377950570407892323494876      
   24.3593163152476803022708169978939010      
   25.2536582765868841357930989926203879      
   26.1807048035059717722647614637658525      
   27.1416145845104710841062421023356712      
   28.1375810219732729762955355398285226      
   29.1698322604064011747367198334062215      
   30.2396310239942514490297546687158699      
   31.3482742558526518256750744823396902      
   32.4970924992477185296651055815127768      
   33.6874490042517215049403730508707816      
   34.9207385128690743381016711087459259      
   36.1983856647101860798630098129125863      
   37.5218429873088600422628400201465958      
   38.8925884042162628404384769016968167      
   40.3121222007483057756764953806154567      
   41.7819633777261511027025397345794179      
   43.3036453180111485905665738936301475      
   44.8787106787779907361685653873410489      
   46.5087054210536172964427227939516940      
   48.1951718708022318904284424591921399      
   49.9396407087513136639627022414521927      
   51.7436217700625005803041945197040352      
   53.6085935405940888279470416913768173      
   55.5359912491007246930784335278532376      
   57.5271934675734485803159606329784373      
   59.5835072122256815773507994909498616      
   61.7061516167866207684032725609061735      
   63.8962404375786801296384924749177109      
   66.1547638917730166590661548907748622      
   68.4825707040666869968992522452713282      
   70.8803516942237341043379211798381698      
   73.3486267833477638679087277918508918      
   75.8877378254958495576579608699726955      
   78.4978500419771688643847883283633532      
   81.1789648455198710578646473173342946      
   83.9309462572932950705598017372246401      
   86.7535617649606982951476562498231236      
   89.6465362595428574101266367608841448      
   92.6096146288942272342062079070250052      
   95.6426246371932965716386256851318353      
   98.7455264797814110717007291141316016      
   101.918427751952315308379084887128850      
   105.161530671304157823721992499878008      
   108.474961060152051169765613931184799      
   111.858410707170207030149333071435007      
   115.310529994101833242978768976479797      
   118.828093787193074861363287535297722      
   122.405197195881252465135851165173897      
   126.033048700588424085511644014208611      
