   1.95253190137579038705450774871212755      
   2.00539118248729334084770360239836433      
   2.00474861813685303284913142744987645      
   2.00385455666738427051710404716240758      
   2.00271245079877086497800055778121375      
   2.00132736060521687044188223202535965      
   1.99970568853473567723489305345280100      
   1.99785492711542720490941488515673618      
   1.99578342773990702742737418817944156      
   1.99350019180626559162292800504047848      
   1.99101468420931012875980870903499202      
   1.98833667171767300449111063655444936      
   1.98547608552129813192295101968823871      
   1.98244290230494873413627842738410275      
   1.97924704732513852885453256750519659      
   1.97589831301472273756896614153333347      
   1.97240629646250619042966669785655505      
   1.96878034710606861287210846205060298      
   1.96502952908002865082396178421473320      
   1.96116259233088324932384381795174409      
   1.95718795385576896284195518855611508      
   1.95311368465908153095475001370907665      
   1.94894750521982673794637671085430258      
   1.94469678431526417664732522533369483      
   1.94036854289240742234419014124296513      
   1.93596946208453787072924085320821488      
   1.93150589258471467267067690964722442      
   1.92698386828718218049181583019084599      
   1.92240911984276642091555226105272435      
   1.91778709119944027604681932576246700      
   1.91312295638768986189847263040096889      
   1.90842163759300245757420457712137640      
   1.90368782334220837047499470243982017      
   1.89892598814257422473526493500733258      
   1.89414041155941674983126470216561447      
   1.88933519838758161738414314627585634      
   1.88451429831982735886476814560895354      
   1.87968152651716708288233002473098628      
   1.87484058423989167879827912390351599      
   1.86999507944932829229145215872864015      
   1.86514854832956067492386517213173106      
   1.86030447651883239093872955590362698      
   1.85546632131572567807608443406449499      
   1.85063753438005075574243555432320655      
   1.84582158470722657834409955078365049      
   1.84102198290754558342987757411555555      
   1.83624230617137751628042286356314349      
   1.83148622425118074682506994911320272      
   1.82675752687269775715023181332842669      
   1.82206015242984742411388538016504237      
   1.81739821843040193717843938384997917      
   1.81277605364909727068015912439106263      
   1.80819823244902372627811496812050139      
   1.80366961135221187491038275931967095      
   1.79919536815003080057771071845235517      
   1.79478104385811956621955767037217645      
   1.79043258768318524269368350805166377      
   1.78615640530571688256934582231858736      
   1.78195941079430660244007340420670296      
   1.77784908225892259574988806827133391      
   1.77383352161542849721292489821782145      
   1.76992151876414167546431352252025571      
   1.76612262043511563114781929246678545      
   1.76244720437329399111089076889003453      
   1.75890655962939605356754437050759547      
   1.75551297427698347723826382089344627      
   1.75227983266344966640297195105806258      
   1.74922172519661130580639452621763534      
   1.74635457502981808290722725725849053      
   1.74369578735166018704161688566882646      
   1.74126442825742748076019487176562601      
   1.73908144093460213880402666691964880      
   1.73716990647088188243262776183216998      
   1.73555535448064376871417266001154732      
   1.73426612432390292613153087988216697      
   1.73333377065462636828953256187209950      
   1.73279349741208919019299698483226194      
   1.73268459269586359161446959226848403      
   1.73305082470397678710059910450508025      
   1.73394074957621949327026770551479774      
   1.73540788298666897812068785602705650      
   1.73751071159961068065938569391804985      
   1.74031258266554562209781967101417969      
   1.74388161045343559226454142813621659      
   1.74829083571146250447222820635835110      
   1.75361887766989384329721881323445500      
   1.75995114859808820575100382623903804      
   1.76738140692326666823649663209779325      
   1.77601320014173040131992022173489456      
   1.78596075906497009244291413297999276      
   1.79734911348724196216552346908878081      
   1.81031342302765605185544831057369876      
   1.82499762045614319913126272979680511      
   1.84155244392523934525307306110126162      
   1.86013285564079660335194406167658906      
   1.88089476641362535397381135366082741      
   1.90399093322142005936805830241837165      
   1.92956587220515153002202295837565147      
   1.95774962537082681284429683523908371      
   1.98865022745084292850890034933816819      
