   5.80292987623418139544969543983353314      
   5.77493149386847851850552124559860225      
   5.78006905817063275854730922405252193      
   5.78535471285971078713505056760601974      
   5.79078089787699234840048846625231248      
   5.79634036345501494870166667942629859      
   5.80202618820808369766404495955059345      
   5.80783176870150766476783765230481950      
   5.81375081763167279844188281013019143      
   5.81977735184986017584086027462763838      
   5.82590569102149270484934731183646950      
   5.83213044507296625798613316315196919      
   5.83844650216022432693033183938646248      
   5.84484902446908958028701762574137007      
   5.85133343339047823262184818020636117      
   5.85789539908323706865800189806427688      
   5.86453083119698671962529828895488024      
   5.87123586595269287038318117851305423      
   5.87800685634595590494163346491152008      
   5.88484036098472502997866854601349809      
   5.89173313495160933608043264004445682      
   5.89868211699594050136786686189906165      
   5.90568442194112599694710544877751141      
   5.91273732842364699482739809470222330      
   5.91983827140459816624007451064987424      
   5.92698483259005861097985533957756348      
   5.93417472986111469359789372752553887      
   5.94140581169828770566149016387186553      
   5.94867604545597296722418036526231283      
   5.95598351198507635312333434475984309      
   5.96332639619684053063071049257758367      
   5.97070297998138832544366837601134245      
   5.97811163531733338604270423568302643      
   5.98555081625606624002430315384663294      
   5.99301905258877594182797663870936136      
   6.00051494279347553678611919006281902      
   6.00803714781619722757695289343798728      
   6.01558438359183748359398238208652703      
   6.02315541564015195265081495658409716      
   6.03074905172367397664970429553235597      
   6.03836413629958404326298039492394871      
   6.04599954334131750585936454417682879      
   6.05365417041456106347295238226046307      
   6.06132693199100481267700912279244654      
   6.06901675256336851758971174626083283      
   6.07672256033590455340959414746965277      
   6.08444327973618931124114651807128970      
   6.09217782459919767102620489520284248      
   6.09992509012270040718411988675205118      
   6.10768394534926599499937309368676362      
   6.11545322492601462863856610897018746      
   6.12323171994616364784427942784067567      
   6.13101816918834829827713852684130821      
   6.13881124870848211941657514093307121      
   6.14660956180376215898654464845698867      
   6.15441162739448518627294521398357747      
   6.16221586812311236244193623887882734      
   6.17002059714934279157154599160384843      
   6.17782400417772390651123294950155602      
   6.18562414028019928718785416722035720      
   6.19341890132232212986978024210491426      
   6.20120601026366093925137672974679465      
   6.20898299762654559030199722692761273      
   6.21674718052324501094198737506312816      
   6.22449563972809678110676681666324792      
   6.23222519473560907023344562251178557      
   6.23993237655663441350233056857222492      
   6.24761339811698428622922296619889394      
   6.25526412199201442605363265662291372      
   6.26288002518708532292156402586168519      
   6.27045616077826745410650682923490641      
   6.27798711603105923609931188489698237      
   6.28546696673108448450685912956956095      
   6.29288922738804911805058922661157316      
   6.30024679679089218799084006329298449      
   6.30753189856983606304700152517799991      
   6.31473601611355291689722373789846665      
   6.32184982123831725747096180279331495      
   6.32886309580997822654589558361255427      
   6.33576464543507669113486119810537041      
   6.34254220419893820784559550949561904      
   6.34918232932232059127964090343865898      
   6.35567028457769830609824566025160218      
   6.36198991133406849161664426290590354      
   6.36812348626032685202861488443837220      
   6.37405156502382619680541913501435180      
   6.37975281177097129656017567118418219      
   6.38520381478109515110977938658638504      
   6.39037888923622004372704145972219544      
   6.39524986872421204066068552475326647      
   6.39978588728925495557659869476232431      
   6.40395315393545463928282864984500585      
   6.40771472069995969426771139290331566      
   6.41103024442099921357382585381588180      
   6.41385574025752071580796878023189130      
   6.41614332315237887160953808232518223      
   6.41784093124548649255536976734843977      
   6.41889202401735614143617176847461213      
   6.41923524838963741490517890283856831      
   6.41880406787902399852171940664168381      
