   18.1387783877839539438991308422940421      
   12.8436843911146130969860716185744762      
   10.4906370492121747443814294300987687      
   9.08617024103147607908901260129519390      
   8.12691924436123916024969764551852528      
   7.41833425028761741378266633906513596      
   6.86724508059284259940182617551657902      
   6.42268955575008153315401651373860462      
   6.05411641581801098698117042140608490      
   5.74193004039583734787153837442856489      
   5.47288953828577406357325872039792368      
   5.23766904732362106571453363840399543      
   5.02947409629135755503634949563058070      
   4.84321343964358781201379566737442604      
   4.67498124761244750122179654834665760      
   4.52172153031887121904036845918070024      
   4.38100393026124441184239415658035583      
   4.25086975885119052496111544064808950      
   4.12972347776220421831510268568501970      
   4.01625423319705833892773927944988585      
   3.90937768920840176989282364917940192      
   3.80819188319081657296509910054691028      
   3.71194301065627921496227149438609899      
   3.61999843222784564450632121793008246      
   3.53182507903065456292318251570006860      
   3.44697199777159196331078435137684335      
   3.36505614017760555251437188759102581      
   3.28575073833452628413611168248509743      
   3.20877576556215373704293207029135371      
   3.13389009148657530663796347121596034      
   3.06088501852059832278134268724689993      
   2.98957894582046055037448901860562552      
   2.91981295286164638871251546929386424      
   2.85144713145745248412309867484237944      
   2.78435752507039753792286826662063570      
   2.71843355894253332414586612441626231      
   2.65357586478493502716979750316559766      
   2.58969442034250482937961628121234705      
   2.52670693760518365352219960114771159      
   2.46453744410517901195997391374754839      
   2.40311501010971778121269249247887813      
   2.34237258060886280254855711997990846      
   2.28224587518931651872417265480576253      
   2.22267232115981299253592942505068959      
   2.16358998540799566898941311936343341      
   2.10493646852800244246272209659767462      
   2.04664771997558511723320227857200873      
   1.98865672487750564791744041454152371      
   1.93089200015518375751122444645281694      
   1.87327581801102728744716402949161416      
   1.81572204504169115615650262876036356      
   1.75813344032242387720953837549088603      
   1.70039818640326971736064928331159169      
   1.64238531869867094350316730540891266      
   1.58393854449688331589183910497751431      
   1.52486765546180296788923730285904919      
   1.46493624862678746853074050313959625      
   1.40384361026992720816904410048436150      
   1.34119704513015758136586309451006806      
   1.27646795333947644480569749508775214      
   1.20891911485291181353789736473630563      
   1.13747898523805866465223448146708604      
   1.06051618148873678463986953565468266      
  0.975428404435109756312667232046201647      
  0.877883485320168529339961949981882335      
  0.759925567001192382860172639685663815      
  0.601093308540716706707339009725152428      
  0.280750254385048928579527450958650159      
   12.5582112400804748043841169100472670      
