   67.1055830631438830981449038918469823      
   66.8501064762510207258513629472785633      
   66.5865713929638396599696664830517449      
   66.3147716128144166319974884582502939      
   66.0344877725490193855080874980690335      
   65.7454856802180056191316953187250600      
   65.4475145726038276349851474559670450      
   65.1403053016596551123181987526713995      
   64.8235684511341463793259538393806942      
   64.4969923799799237113351611518009979      
   64.1602411845206922464923744563874535      
   63.8129525666691818570413788241262218      
   63.4547355906995352633827750986838356      
   63.0851683061012243250125838216881400      
   62.7037952087574279586238261658532726      
   62.3101245069500713241766660715974652      
   61.9036251522983543690157348074256741      
   61.4837235884531597176493927905145835      
   61.0498001618945899255701198329011962      
   60.6011851291513019647760932984936717      
   60.1371541827132994132828078634238629      
   59.6569234032679044374344089002107970      
   59.1596435279050458018627263580401896      
   58.6443934016614261887492031967223354      
   58.1101724519503842169729750080228133      
   57.5558919904176249135913863263013540      
   56.9803651023790255399683557950497761      
   56.3822948272986373395168626509079740      
   55.7602602607485674918855211398671430      
   55.1127001134647496725139632255023679      
   54.4378931388318453554023599601962286      
   53.7339346756470277595522803883925655      
   52.9987083330003124631048383573198863      
   52.2298515464104036161579469988149120      
   51.4247133264384343234114816335051278      
   50.5803019543028759742673122227857175      
   49.6932195796931529576850212158915256      
   48.7595795294392818088834245544178241      
   47.7749004601080794010988639103365192      
   46.7339689870899832916754176001107062      
   45.6306586023578357046497495028056360      
   44.4576866983040138326410669356658737      
   43.2062818181749436873593784852629586      
   41.8657170125095250211675350364716213      
   40.4226368644856192263107850227733353      
   38.8600540209369923920640204135854314      
   37.1557912690378270745068444245977604      
   35.2799397204832623419597897911682049      
   33.1904457106958707709612955434453057      
   30.8248110269388044443798121085439822      
   28.0827187124888707313830132848285493      
   24.7836279261925846661651275338208551      
   20.5342143147115450881153651096446136      
   14.0348072006910783172621096766397508      
   9.29289465554032570652989128799629832E-0004
   1.71975876978579251595436911618269305E-0004
   1.38141307507041208867124077000234335E-0004
   1.29832733707990179635635214244141456E-0004
   1.10053642262286529393904648786299833E-0004
   9.42551853544510357775949413844962969E-0005
   8.20438614676072256096890407201635956E-0005
   7.28202751292800475468042985424842278E-0005
   7.18933749588932308175550968956101526E-0005
   7.20977571952022564929641129967204939E-0005
   7.08861313000750252838025887696993945E-0005
   6.83019934693533162410370610863367349E-0005
   6.59237320721857133532739063080777987E-0005
   6.46392754548800613715352023986114277E-0005
   6.24793880779179273651156000394916052E-0005
   5.99266141529093636493330398629416312E-0005
   5.65371379344157740838371755400152249E-0005
   4.83463939654032587275339664568667202E-0005
   1.02764599920542675880065628281905157E-0005
   1.02536985976966703360668534888343690E-0005
   1.02353645804433812025412872460281090E-0005
   1.02204280308059478095479258014544312E-0005
   1.02081330756232939139166991228873298E-0005
   1.01979167916691628621398437513129857E-0005
   1.01893542891272142484275331215107292E-0005
   1.01821208815960700223448875635275940E-0005
   1.01759656138931753624169869935921354E-0005
