   4.38320150616245244157417053739043993      
   4.32704027012973113574990767161614162      
   4.27196790192329113972805575712277011      
   4.21791506969349487328904336399135674      
   4.16481601022414965799291563918158095      
   4.11260812535339402749385360168774609      
   4.06123161019630834990732072431863800      
   4.01062910953420121216960394725370263      
   3.96074539899393987666913439452268711      
   3.91152708783850594474679050321632392      
   3.86292234033866813923173043111142935      
   3.81488061280111165460772545445386143      
   3.76735240339469080647548253884939736      
   3.72028901194418717819998368849344057      
   3.67364230684909701373716468950378440      
   3.62736449622928133049894734967273927      
   3.58140790029420881300399279474694350      
   3.53572472177016722653785409854963533      
   3.49026681098737697974652789446783251      
   3.44498542191391148007469111244667975      
   3.39983095500497938365318039037526013      
   3.35475268219034717702801768904989190      
   3.30969844861750028574530500434233221      
   3.26461434486113009635794751077659655      
   3.21944434214439457452908846940500186      
   3.17412988162112875938226830736493264      
   3.12860940683960208537421606534896232      
   3.08281782601385542860729419377185784      
   3.03668588748204590273762658110741511      
   2.99013944747752683947027399261304612      
   2.94309860372005153133774088328450058      
   2.89547666084501058425235077287568601      
   2.84717888360287141382782201926816513      
   2.79810098002349656913742150879744341      
   2.74812723779246690333931957443332622      
   2.69712821058823465988379575492617302      
   2.64495781350051507272222436860490975      
   2.59144963230007013756784115316728740      
   2.53641217133273726133510948390381669      
   2.47962264454672870956700622495995407      
   2.42081872902571713607256492770000818      
   2.35968740761756642262419273958849409      
   2.29584954986347463648888819160934474      
   2.22883807426742369409789286137735817      
   2.15806611737102839748501265369012307      
   2.08277902230754854819512045899824765      
   2.00197886971606453804463764645659473      
   1.91429968112759075236962535836222208      
   1.81778752306455028977308567419222228      
   1.70947999853681439114925898943588512      
   1.58450858931039784135900797370128713      
   1.43385384100551777532758632588024414      
   1.23709368295127064800523849689454139      
  0.922324268389164897365288359017612967      
   3.29643637922956473930314665623643110      
   9.33675846219572251592625027099682059      
   14.5252694499046801855318085476210241      
   19.3103251412576194049199741456225198      
   23.8319981003390810869363914306682463      
   28.1583719273226825587526200578531103      
   32.3292990643703897369095234939087883      
   36.3707848650121532120445620551951835      
   40.3010564263641682834673017562496339      
   44.1335226700393364436646762233465603      
   47.8783582729911426333810481840542477      
   51.5434039578263139981703211053797216      
   55.1346966486814890060402862056103313      
   58.6567832878386151662999936689878439      
   62.1128945290655452594236390955684120      
   65.5050059643037472215620774386870734      
   68.8337567882563195784259701403250893      
   72.0979978260385085220892722049479596      
   75.2924108905090013283235978403648485      
   78.4185404140184390455757913365423997      
   81.4805251697673873315109742814890083      
   84.4809537153738480498779259720754036      
   87.4222504724327311748251662456123621      
   90.3066846032876070547725360576418271      
   93.1363793697571007791388444428124413      
   95.9133216905733195369361369351083965      
   98.6393716588389512961962004119263247      
