   5.81215276607995565522334729710153864      
   5.82072646734523339129529530390503456      
   5.82974642150831139748138106379790469      
   5.83920528457413021525493404455851243      
   5.84909486502839378373174842218267179      
   5.85940619812023863421796132114796410      
   5.87012961412592106570454719002112440      
   5.88125480050951084021086313457912186      
   5.89277085796831295328366693027656623      
   5.90466635039954711058157174582878278      
   5.91692934885365910127679248043172926      
   5.92954746955041544169432848113068994      
   5.94250790602839575032986884712230544      
   5.95579745547860787716264586724406679      
   5.96940253927811030039813651879036916      
   5.98330921769139350728821063268569939      
   5.99750319864408647866761831197395782      
   6.01196984039457216827351371121276380      
   6.02669414783240620778641331181233694      
   6.04166076201409706618439132360514285      
   6.05685394240339587958040085027702711      
   6.07225754110761283027626986425858728      
   6.08785496818581021856361389544096213      
   6.10362914683815383784168055344841657      
   6.11956245695193673684448038817850660      
   6.13563666506003624370375284460212176      
   6.15183283823232069942356257989831911      
   6.16813123873272507913235360003699787      
   6.18451119538045360657011863123932034      
   6.20095094637971942361890873941217680      
   6.21742744682162549740392233904436249      
   6.23391613196443422770860110808425065      
   6.25039062454299093097652301233889168      
   6.26682237041879349751413219603665005      
   6.28318018136827252582785142095052992      
   6.29942965596894306998686364011895316      
   6.31553243820909322191092543864882916      
   6.33144525674964766973706640440517222      
   6.34711866265859702921457921310837759      
   6.36249534481242297244431824262708220      
   6.37750784121305089471659391816495404      
   6.39207536553981317056890214501633112      
   6.40609930246884568561713994900646476      
   6.41945663723676123414625528897981172      
   6.43199006336791999750129288850169887      
   6.44349252211291350398227557635412227      
   6.45368193866342907609172834199113034      
   6.46215765092981576258529700021623238      
   6.46832006212722637772648019785754739      
   6.47120910237805067914747146279890311      
   6.46913844343737843103080612479188675      
   6.45870428828325329431010749993740838      
   6.43112774605396702103407622610607440      
   6.34465939730934067374052514853705023      
   6.80999958381394022986051835297460094      
   6.97279057909555567420549032602308831      
   7.07987899845155622841462398577758979      
   7.16953366017064872976770717642741833      
   7.25063212999914816192244460477591534      
   7.32661517385481957056657931651512528      
   7.39911132041108707878293812339264305      
   7.46895867006718119052387282727689205      
   7.53657570415591144195661743121959214      
   7.60210446442161943979990815772451609      
   7.66545774882223136525478017876477237      
   7.72632462165498256426568157607817821      
   7.78415406529531150527734718679999723      
   7.83810151301019231410576739125880963      
   7.88683932603449270522954519562647103      
   7.92742175108811041557068202589727618      
