 0.99031616733146E-02
 0.99358887151055E-02
 0.99702594414233E-02
 0.10006299552609E-01
 0.10044035460916E-01
 0.10083494633530E-01
 0.10124705944514E-01
 0.10167700038184E-01
 0.10212509707076E-01
 0.10259170288249E-01
 0.10307720082396E-01
 0.10358200800998E-01
 0.10410658047613E-01
 0.10465141840418E-01
 0.10521707184336E-01
 0.10580414702487E-01
 0.10641331338461E-01
 0.10704531143011E-01
 0.10770096161364E-01
 0.10838117440571E-01
 0.10908696180285E-01
 0.10981945055383E-01
 0.11057989745142E-01
 0.11136970711669E-01
 0.11219045280490E-01
 0.11304390089365E-01
 0.11393203988406E-01
 0.11485711496869E-01
 0.11582166951375E-01
 0.11682859519502E-01
 0.11788119305386E-01
 0.11898324845733E-01
 0.12013912393518E-01
 0.12135387524603E-01
 0.12263339797812E-01
 0.12398461479767E-01
 0.12541571756132E-01
 0.12693648462002E-01
 0.12855870292630E-01
 0.13029673898807E-01
 0.13216832570935E-01
 0.13419566986310E-01
 0.13640704876690E-01
 0.13883917682524E-01
 0.14154082804030E-01
 0.14457859652073E-01
 0.14804648745947E-01
 0.15208281691326E-01
 0.15690221449819E-01
 0.16286226771520E-01
 0.17062179979576E-01
 0.18159749714867E-01
 0.19978985583645E-01
 0.24767115814868E-01
 0.47499925730346E+01
 0.10869471208061E+02
 0.16348232111557E+02
 0.21551274521233E+02
 0.26606593569107E+02
 0.31582924426363E+02
 0.36527459023127E+02
 0.41478163120494E+02
 0.46467083840803E+02
 0.51518765085287E+02
 0.56646046211954E+02
 0.61845488408562E+02
 0.67093909620819E+02
 0.72345400825238E+02
 0.77523881185251E+02
 0.82476949379863E+02
