   18.1387783877839539438991308422940421      
   12.8436843911146107078467995219020566      
   10.4906370490513140182442830863606264      
   9.08617019975583460614972156124237794      
   8.12691810775514472319368035985524125      
   7.41832399983407446257548089769967929      
   6.86719618155472331098642576196256977      
   6.42253269621305745413251808111842777      
   6.05372971780145386968807133170658417      
   5.74113610271424363198458771570527252      
   5.47146049428261243682675216608231423      
   5.23533545999477011580115362890963724      
   5.02593444696220338646687713608070108      
   4.83814284792755882496490117416147157      
   4.66803936743951064749136589027951323      
   4.51256000167899469029839863157009116      
   4.36927364580093105617964523791100038      
   4.23622791046727653124208266210506436      
   4.11184011270448114967663130467726605      
   3.99481795443504406164764491404512425      
   3.88410017231993109093803137417724598      
   3.77881100299215524622430701897838761      
   3.67822452072000300168954094512646339      
   3.58173627693903410407244382568756683      
   3.48884051669881476627112776396826271      
   3.39911176757447503394042854309190770      
   3.31218991972669288349280059973462328      
   3.22776812296072142693914913243371637      
   3.14558296633741927929202625435791760      
   3.06540650648761874975395093854310606      
   2.98703978803493483051088453652742962      
   2.91030756141722772864318101523585527      
   2.83505395461638428886647772821777949      
   2.76113889746816305623606955457675274      
   2.68843513235720696078987862032040214      
   2.61682567319551804933269531721185050      
   2.54620159706115500968919583672399450      
   2.47646006951583166628590857836827624      
   2.40750251613011810320906979382540639      
   2.33923285893778696397110719329045201      
   2.27155573706426992589911895407971562      
   2.20437462488073040898423863201342988      
   2.13758974660906097482214993075866924      
   2.07109566074888477847873441923064376      
   2.00477834500557605875817903057654629      
   1.93851154394110590744382042163274931      
   1.87215203055860345700027360548295167      
   1.80553325068698399461005328803524778      
   1.73845651085517067442836693201035796      
   1.67067833121399922563321632587028941      
   1.60189160107706819578016736786453137      
   1.53169628622686038004905780043420468      
   1.45955159230338371488037115199594827      
   1.38469310179405381817036106851382999      
   1.30597862569712375567366197864033200      
   1.22157611983337267022896300528506226      
   1.12827548484860326869140072751814731      
   1.01998050807346919991439091457653703      
  0.885762326071600407134555141408788235      
  0.702820534027972914327558447261840956      
  0.317998933854800121823851303801997148      
   16.2990562678800965944046097825478151      
