   67.6304733304742424032071049440740837      
   67.4081874434030034756325037671195146      
   67.1795835644110819511960169505700344      
   66.9445608404171339599125807745148598      
   66.7030094887884488412717615732994431      
   66.4548097380661764066991274924741359      
   66.1998307870475376394375205204320693      
   65.9379297822043733192202365855067499      
   65.6689508112913387263251225168022635      
   65.3927239089838345711841200080281829      
   65.1090640685056393256135975872086744      
   64.8177702514494909899004837384714020      
   64.5186243863450177238768438474909101      
   64.2113903449629306802214820381243899      
   63.8958128838198624260695424214994535      
   63.5716165368240681241671731066776778      
   63.2385044434225974851329165370230646      
   62.8961570949141697904546626512369142      
   62.5442309797131455057813315971130613      
   62.1823571062081423872287972298826452      
   61.8101393793647800221132489901556443      
   61.4271528042756092336801446281758903      
   61.0329414863339704108065897256504737      
   60.6270163934614906890900197536010070      
   60.2088528406725204409698696408429152      
   59.7778876509921426176525276410958683      
   59.3335159390910028818817702839823660      
   58.8750874546149813067200090787213538      
   58.4019024106347646158228995266187689      
   57.9132067083654842377480662188932445      
   57.4081864515852527950809899950609224      
   56.8859616220694161228857925975156222      
   56.3455787596212834879091509451211877      
   55.7860024552661035956881402098608265      
   55.2061054216882537538000911465054633      
   54.6046568480497305829922347132247465      
   53.9803086728735780611608202320010753      
   53.3315793131063071640569384336620816      
   52.6568342619825103741835071753501983      
   51.9542628018822676170292840618888245      
   51.2218498552461642348397720225830582      
   50.4573416939536233930923644769055709      
   49.6582038117515626554625886467109288      
   48.8215686850001333502196181803695254      
   47.9441703274113917819791534909236079      
   47.0222613651312422518413628013190954      
   46.0515066293218035425958621503457677      
   45.0268446740529235632108022938072977      
   43.9423046570356466014441231767695895      
   42.7907597674773042465485562913327861      
   41.5635882298332390522522650920611935      
   40.2501958275426734166377602059235186      
   38.8373239501747029436476845924068413      
   37.3080121296480948677174020051455551      
   35.6399769892022081638331258952246049      
   33.8029468001904854999502049970134761      
   31.7539874797664020196745997192973031      
   29.4285929207495956275537824905975334      
   26.7216710192021081958454480275935224      
   23.4397437086625976902819188899617972      
   19.1435355722507791598244885459897031      
   12.1999837715715540117373972843925266      
   6.97331526113022277764325804310565903E-0004
   1.62634760965927067700519816607572914E-0004
   1.16798808657631677530722244896358313E-0004
   1.04686661747518895922736869593983175E-0004
   9.81648423771586575489121116430192431E-0005
   9.34566031885218706310055872494556101E-0005
   9.05154582559225227577953092428705657E-0005
   9.01340618141323223597421896049551984E-0005
   8.22053781492788468018727214487660061E-0005
   7.28921726436604690361021005957027114E-0005
   7.05381524648271894790797414805650671E-0005
   6.85042042881633886381716664472188595E-0005
   6.58519078584588792039306054204989789E-0005
   6.34660509327761844325601357966121060E-0005
   6.14574716342738761378787174630371124E-0005
   5.89269892747984546224446515711627314E-0005
   5.62270426897743282966312088168569350E-0005
   5.29078544734552137389111156364117222E-0005
   4.56595568427392167674249901139568560E-0005
