   1.21598659277161912695338417308808048E-0002
   1.21798986716693417260745660521971156E-0002
   1.22006044221148348196699803473476915E-0002
   1.22220020307524033198545669128722184E-0002
   1.22441117768220952864539761380458912E-0002
   1.22669555201054847216953788521950946E-0002
   1.22905568600401233686942773756881967E-0002
   1.23149413016804964710945406941926469E-0002
   1.23401364295166633558924918868421180E-0002
   1.23661720904496949976955437959177245E-0002
   1.23930805875258865632425025556444565E-0002
   1.24208968863515532422640333043600609E-0002
   1.24496588364524784576974035728290959E-0002
   1.24794074102160123177759384902806052E-0002
   1.25101869624670236269313979508207131E-0002
   1.25420455141946129433920794252552614E-0002
   1.25750350644790672448190255401330635E-0002
   1.26092119352839954893039230839655150E-0002
   1.26446371545010588386940978844058048E-0002
   1.26813768834872754049862630252238045E-0002
   1.27195028963511397559979159353833701E-0002
   1.27590931194637258419966381463402756E-0002
   1.28002322411403302258012271052140655E-0002
   1.28430124032243708824091573073849553E-0002
   1.28875339884792082524711079848892611E-0002
   1.29339065203603271184265392556013280E-0002
   1.29822496950214603637555080965536286E-0002
   1.30326945694732055333907085267280487E-0002
   1.30853849348689353629317696585191112E-0002
   1.31404789102231241281930944193733459E-0002
   1.31981507998390984534158048880685485E-0002
   1.32585932678250407393181712778421444E-0002
   1.33220198959744869878752891803447798E-0002
   1.33886682078580329794294378374621297E-0002
   1.34588032634502770868947186984018022E-0002
   1.35327219566702040069379803642633613E-0002
   1.36107581851941574054031766351370134E-0002
   1.36932891111153284487996617597760845E-0002
   1.37807427971975777288473380316492256E-0002
   1.38736075934326225196802076681733852E-0002
   1.39724437723866467574544243333021938E-0002
   1.40778980843292230852109852607741410E-0002
   1.41907221469646936228308296032797358E-0002
   1.43117959345324037704488356803396378E-0002
   1.44421581417700390624470090171585098E-0002
   1.45830459574828204346895567048186228E-0002
   1.47359479344027677918226825070601987E-0002
   1.49026754298173334090495264855676438E-0002
   1.50854609374035184865942173090006236E-0002
   1.52870962927076859755942470973281805E-0002
   1.55111316241810957578718698909361939E-0002
   1.57621697811792558754629384994945061E-0002
   1.60463163949008270924466162779927354E-0002
   1.63718947998874861270504889677418580E-0002
   1.67506356618626775374145990775049489E-0002
   1.71997731525765566821019540794385253E-0002
   1.77460158630817112793505108900235063E-0002
   1.84338161290691592305927937324785208E-0002
   1.93449759234785036042191042487315598E-0002
   2.06549225395024225578280940275857350E-0002
   2.28554051978242723754987870132060161E-0002
   2.86299357581072315429571174700397710E-0002
   3.81170397083398187339325782732631316      
   9.07253997501790161272167638716188999      
   13.7419676830037784906134008714821617      
   18.1194891799224682388500057775177224      
   22.3069435325768033501957891456064960      
   26.3545045239195183897437075793557956      
   30.2914390847891534689070965072117900      
   34.1366720500511854372954446399298496      
   37.9033385947959258963463135825625325      
   41.6010171588735886163312393895967631      
   45.2369102550495515530358620126602542      
   48.8164928532710383378058811735038901      
   52.3438707330913371960611599773201899      
   55.8219730364367868366724933515865197      
   59.2526459195940932044035974107846641      
   62.6366811827845030110429599015626291      
   65.9737875404704348402254127173058571      
   69.2624736101348578833473877701897265      
   72.4996818612291309646218136944580490      
