   7.03626661810251748497713113686347221      
   7.04806697839676179902882400043436067      
   7.06096971754694808993515086423466325      
   7.07477849928540482915310190527835849      
   7.08929482419393639571891668813997332      
   7.10433934344148274472142952228642140      
   7.11976364793439816110280926697736674      
   7.13545388315948082240432784738982112      
   7.15132780297626026329552181038935748      
   7.16732923819968651020151276786337134      
   7.18342119184789560540141408042998186      
   7.19958035984810007974389520352631093      
   7.21579247132710482520522771796286450      
   7.23204894507776547518018002630120059      
   7.24834471824845540295170426683933703      
   7.26467687319789851028147551568747591      
   7.28104368601582668898665874175682778      
   7.29744413718268260487254515520137228      
   7.31387756941815471229561196057679691      
   7.33034351381435289569650712733861478      
   7.34684158143111681029276508763726274      
   7.36337140299799513761743958132064309      
   7.37993259464563633665172170718907872      
   7.39652473368060800161164016014240063      
   7.41314734624575722263058452153316584      
   7.42979989767767668226827831314773619      
   7.44648178553015659749143620045342526      
   7.46319233094232137224509524594559715      
   7.47993077339920190773245597288536260      
   7.49669626271940545518285569613227996      
   7.51348785161968389295615498629194481      
   7.53030448707424821755154393986525284      
   7.54714500120297934818309846801422342      
   7.56400810090326385857697019651588276      
   7.58089235668177909499756953254728809      
   7.59779619040969347413075211321957712      
   7.61471786173736108649480802992453757      
   7.63165545340221222305513810236410497      
   7.64860685508460019487386921038564001      
   7.66556974588429796970228878369676853      
   7.68254157520914250299513367364641954      
   7.69951954208863674168061402036728853      
   7.71650057279307810747303963948328954      
   7.73348129677104387702303718983947098      
   7.75045802091134468419218993225213310      
   7.76742670226741751437339837107192975      
   7.78438291948457909665264661816757068      
   7.80132184338555378121506475940360554      
   7.81823820744233555670761162662442559      
   7.83512627926343445175425519725567249      
   7.85197983477361164685427245268866692      
   7.86879213750285804057197848510869520      
   7.88555592637256991403612543112414802      
   7.90226341660467637651576761549534849      
   7.91890631988767912667122203532794267      
   7.93547589166569672981927155402369134      
   7.95196301520852527266933345422231829      
   7.96835833360632041765825259888709571      
   7.98465244129054064531337973393027866      
   8.00083614480024734165442710299801535      
   8.01690079602166578566064235271841519      
   8.03283868625909104465751250781702865      
   8.04864346017363231955983807942118357      
   8.06431045531385894293236153743612602      
   8.07983678098942264679485369234292827      
   8.09522079747268044887315511718662369      
   8.11046041044152956130067724067702094      
   8.12554921120185582904442511650315613      
   8.14046891797526559021719202475443403      
   8.15517577797715442397546364739854699      
   8.16957766525150513732399573027336863      
   8.18349798218499999911914443031973285      
   8.19662322300545734108804645412013338      
   8.20843513759280453504627834395277706      
   8.21813838178889627949212599720568209      
   8.22461082271321489906686429158897357      
   8.22640977058455907143979058445982204      
   8.22181028312853917432735523698863172      
   8.20879036373518500199300866615934532      
   8.18508737843911494587552644783222804      
   8.14857560948306210108364534025169614      
   8.09788195103396012272770291133976160      
   8.03301561533356748780017095469117867      
   7.95587525246506364798577220543668570      
   7.87054438478254089768026796188318146      
   7.78332655523336835352454549549941414      
   7.70253102732455999282712269827159465      
   7.63805738379502090415208847022790826      
   7.60079732228183708637198227019685091      
   7.60173980725826937586868306973509715      
   7.65039783759894940413796824915229804      
   7.75179083822574458835926765241610227      
   7.90109346983200764568605639368217699      
   8.07663495035910724508435318602221300      
   8.23748627162264496916426265964531192      
   8.33742212650545209822871906623918882      
   8.35370305526932073151861735525579798      
   8.30127247238066835730951906099348339      
   8.21519587492024890381341534753818268      
   8.12548216311245543125871033297693472      
