   1.22275984035412989814996087417408566      
   1.29626529889951679288580355352329880      
   1.37595451394621376338646079921517117      
   1.46190728073943162009444625557047096      
   1.55425586483184485275729870051143391      
   1.65319058862635452541628705587431893      
   1.75896492163378828054609043628261083      
   1.87189143247597561380620693425348390      
   1.99234063322647669194531523688255862      
   2.12073291745045332152676700123881159      
   2.25753975268055833085132279762639146      
   2.40327628179243956454937761744284214      
   2.55850082810691567049183307744814053      
   2.72381550521734767384937220437756574      
   2.89986620258237891482784277995912450      
   3.08734292279891231834730016987992125      
   3.28698293845234335210047010446127229      
   3.49957235557519307232403282870041492      
   3.72594947083086713984867616161739265      
   3.96700774377112956261016054359865820      
   4.22369933756353767920245918137966370      
   4.49703888829126086246848071115686063      
   4.78810754835929266890361626984402507      
   5.09805745772468935520010692453022741      
   5.42811641969264546026481520233964292      
   5.77959294877573026549644965500636103      
   6.15388164934797756461780284687164466      
   6.55246907063649581542813177418815824      
   6.97693985243503070013098934247615579      
   7.42898340929613873501118267597114668      
   7.91040105251818147501497800652160689      
   8.42311365422233253879390242594295806      
   8.96916985840952010848820267417574631      
   9.55075491988900743775991760816046607      
   10.1702001962262959002888385481065925      
   10.8299933579667366658203199400281490      
   11.5327893922220088859117714226379387      
   12.2814224490675940697403974798681568      
   13.0789186230264082134643685225893762      
   13.9285097426127035628959787672402200      
   14.8336482689914395922818439675345096      
   15.7980233981971881486788705232627308      
   16.8255784824701704181239850722315789      
   17.9205298881299997962756863587978068      
   19.0873874225179773998823327583726061      
   20.3309764675249356573518516534941639      
   21.6564619675367224928697352479768297      
   23.0693744220669127520325563400413877      
   24.5756380333999110847956648178037073      
   26.1816011498717229131618539235308572      
   27.8940691229308207716121898508603022      
   29.7203396535173598184691772580105142      
   31.6682406307079879636920284591626153      
   33.7461703481763465240635869136072948      
   35.9631398014411640640339315821971654      
   38.3288164906273180302321230995856992      
   40.8535687367087088444014634069014248      
   43.5485089023524936396493906113343013      
   46.4255330040671538194687897305768640      
   49.4973528876761960078924435400577388      
   52.7775152451330732564689739274485096      
   56.2803990528365666438747532291106432      
   60.0211792316092105804871940909830357      
   64.0157391699073711705373602323840630      
   68.2805080237986707779287428736620555      
   72.8321906485272269841771898579434941      
   77.6873500332188539012176365285497658      
   82.8617982345022573915388477817985259      
   88.3697610315696702003791772862844488      
   94.2228200058602922914075322742121929      
   100.428724181968615950884509414728260      
   106.990308744785149387391960482533635      
   113.904907722538301660750496900234473      
   121.164617397535441385819622912901214      
   128.757169615642016714846525812902313      
   136.665467621645390568372805926604858      
   144.862115944071433432255384877306815      
   153.303061631347452301361277306889575      
   161.944169870939867650304474708544383      
   170.780319397303658135071325043941898      
   179.861853009875491240644026341106375      
   189.284625172691977079029409454900929      
   199.180697724946766133886594639426756      
   209.717310472658853929727847607026049      
   221.100326122590032472938903687035467      
   233.579357437387001132399529328569612      
   247.454394343357339892076567229423315      
   263.085073011991701256381867162179932      
   280.903334423873680938033512850492441      
   301.427078716134852272883062322388598      
   325.265616817317734249420320323219979      
   353.106455631003023074760897037835774      
   385.725690613537021591901297962798462      
   424.202747715443140611843750699086302      
   470.338129187074721405831357350362384      
   526.539662063045985969500827730596984      
   595.044714431808798995817806953044852      
   677.421061764405679480578199376862754      
   774.439121613375378791593750426348276      
   886.133547120849806039168428455057685      
