 0.29243042038427E-02
 0.33943922044954E-02
 0.39388899170050E-02
 0.45689612774880E-02
 0.52971365036310E-02
 0.61373402533488E-02
 0.71048610094914E-02
 0.82162587212741E-02
 0.94892162664320E-02
 0.10942380212397E-01
 0.12595265745198E-01
 0.14468333550152E-01
 0.16583354266095E-01
 0.18964112965949E-01
 0.21637439479781E-01
 0.24634445138027E-01
 0.27991804021247E-01
 0.31752917723800E-01
 0.35968881221546E-01
 0.40699241757633E-01
 0.46012623557911E-01
 0.51987330110049E-01
 0.58712047668658E-01
 0.66286741487538E-01
 0.74823816745151E-01
 0.84449566686441E-01
 0.95305920492607E-01
 0.10755248985786E+00
 0.12136891597003E+00
 0.13695752719753E+00
 0.15454633191559E+00
 0.17439237926021E+00
 0.19678553322134E+00
 0.22205271308062E+00
 0.25056266242392E+00
 0.28273131591647E+00
 0.31902784222744E+00
 0.35998145021594E+00
 0.40618905612488E+00
 0.45832392089598E+00
 0.51714537999340E+00
 0.58350980271541E+00
 0.65838293458272E+00
 0.74285379483990E+00
 0.83815032173195E+00
 0.94565698126744E+00
 0.10669345807130E+01
 0.12037425566395E+01
 0.13580640389052E+01
 0.15321340271599E+01
 0.17284710555569E+01
 0.19499127648954E+01
 0.21996558500629E+01
 0.24813009053004E+01
 0.27989027516897E+01
 0.31570269021084E+01
 0.35608129012899E+01
 0.40160453762831E+01
 0.45292337510097E+01
 0.51077017258300E+01
 0.57596878106109E+01
 0.64944584442492E+01
 0.73224355574596E+01
 0.82553408681334E+01
 0.93063597737086E+01
 0.10490328453333E+02
 0.11823948718992E+02
 0.13326036188599E+02
 0.15017808254895E+02
 0.16923218536616E+02
 0.19069343014206E+02
 0.21486818501356E+02
 0.24210325581722E+02
 0.27279097390268E+02
 0.30737430220605E+02
 0.34635185135298E+02
 0.39028302260075E+02
 0.43979330196113E+02
 0.49557723523048E+02
 0.55839248700428E+02
 0.62904194811441E+02
 0.70835711923379E+02
 0.79720589554062E+02
 0.89653989915972E+02
 0.10074865332347E+03
 0.11314853944377E+03
 0.12704596306774E+03
 0.14269989925325E+03
 0.16045210264220E+03
 0.18073784120780E+03
 0.20408915886556E+03
 0.23112925349608E+03
 0.26255542643753E+03
 0.29910456845853E+03
 0.34148815201332E+03
 0.39027050352371E+03
 0.44564575102532E+03
 0.50706601848463E+03
 0.57275629060799E+03
 0.63944533814668E+03
