   72.4479686713211523636435429302469931      
   72.4427898225568931458862647503594020      
   72.4341425365726917311253079085307282      
   72.4220180478594774550574591343127452      
   72.4064090238219370349593299587406696      
   72.3873103895388532562265299620320286      
   72.3647200133416285777248361213930311      
   72.3386392328204314744291058056434566      
   72.3090732094835703364130813426253253      
   72.2760311146805849619358085493337198      
   72.2395261613350958053445418130065190      
   72.1995755008066921495315017035512312      
   72.1561999980474029289944985611684729      
   72.1094238777137354287345243217637696      
   72.0592741979969210668805400503139837      
   72.0057800650766967903803902035640647      
   71.9489714700580388333408748812885861      
   71.8888776394869297616204975315778865      
   71.8255248563771002829328772495543601      
   71.7589338216793864701937098942363299      
   71.6891167527300523579388181060818926      
   71.6160745139679705315323795339747146      
   71.5397941154812353313939612593969776      
   71.4602468874040383373458659228747120      
   71.3773875541957031728719695716899120      
   71.2911543164079908635892770077571173      
   71.2014699254973669536710297196786451      
   71.1082436316175505498446084211612751      
   71.0113738086950760888812215336390117      
   70.9107510202139433574495248969424206      
   70.8062612808213168057598178188656582      
   70.6977892866061340476547881731150987      
   70.5852214223877089195077900916234945      
   70.4684483993721811384693642553349909      
   70.3473674241482353325269519118779299      
   70.2218838450362526368888426231577529      
   70.0919122609541522806202352297822213      
   69.9573771094988352761957937975954164      
   69.8182127743994909091123166014838930      
   69.6743632682799898577749485526717482      
   69.5257815557098235402967243354643341      
   69.3724285850144740795460196909842419      
   69.2142720965097683541182772443076820      
   69.0512852708994305847043467432997644      
   68.8834452755659607873268062307003475      
   68.7107317592481209067566113851252045      
   68.5331253378137634629831595226812345      
   68.3506061060057156518079687928008168      
   68.1631522025260533361664217477176481      
   67.9707384488687495032919151193203579      
   67.7733350760532390466341773179697567      
   67.5709065479269352301519831095357655      
   67.3634104850036885792252558995618202      
   67.1507966888686009682262434767246948      
   66.9330062639610698288580743095794541      
   66.7099708309783563168869233055220648      
   66.4816118241520825750904877635862885      
   66.2478398631639446155052777441683849      
   66.0085541894023217064719649910569681      
   65.7636421555488168246560831986955069      
   65.5129787570521781383327853579380011      
   65.2564261938270909216201339253727918      
   64.9938334504535981557735439063262983      
   64.7250358831897249069128222255325647      
   64.4498548022009756185648998050584842      
   64.1680970375101873617515595702563823      
   63.8795544772389998711596295385257774      
   63.5840035667164593901897378931430339      
   63.2812047569328008345043887735958623      
   62.9709018905880941606290748114472113      
   62.6528215135941648886392958824401434      
   62.3266720993005636574056800002159183      
   61.9921431718963138344588230628933554      
   61.6489043143507774885711384716767552      
   61.2966040448513305873878451513845275      
   60.9348685439195921955826291018582448      
   60.5633002121806876981220579330207695      
   60.1814760360332988824322874237403138      
   59.7889457351336819015409302193084590      
   59.3852296615351752242034982242331423      
   58.9698164153649947532134411576561519      
   58.5421601358799668280552985141262287      
   58.1016774193732362318135216890347131      
   57.6477438063973326749536485399860609      
   57.1796897697190891019548818226375344      
   56.6967961208148146270395990580749859      
   56.1982887358764039521333505235892522      
   55.6833324813555202570292688897116896      
   55.1510241928642422815048018875314779      
   54.6003845282488538445170977831546572      
   54.0303484738029354530457349926046980      
   53.4397542291238855092027538896463667      
   52.8273301272665490221762238199907714      
   52.1916791574192235627694560021162572      
   51.5312605400896397400843630386286454      
   50.8443676495624684068481822488016762      
   50.1291013706439536175762167902228398      
   49.3833376954352020395202680649988528      
   48.6046879802084323378465329956446887      
   47.7904497463346254792567984323920457      
   46.9375451525959837666650204257963499      
   46.0424431805334918576494503685663520      
   45.1010599876253963645044650321642331      
   44.1086295155075146759432315836790915      
   43.0595328254197720423246661194505049      
   41.9470689670083686712582074504454809      
   40.7631410368258580890071610244198128      
   39.4978157916395384238207415305001475      
   38.1386885900974434294302995476461048      
   36.6699369933941264466026870597178749      
   35.0708531292666779486891389735735376      
   33.3134533558430435119375866196363875      
   31.3583373780418199814677184230021181      
   29.1469198138719672439728211129042323      
   26.5852116126199085135352379952650520      
   23.5043685901402136245478232024753641      
   19.5381148321103067394266670824021718      
   13.4921847582504177613022128868286946      
   1.09368826877278840273348683928056785E-0004
   1.05292705779540443129619615223969476E-0004
