   63.4883014698865869908133496669884145      
   63.0098458263858794166471925998550507      
   62.5050181081710186859990146946071663      
   61.9715628894502330620581718469340816      
   61.4069550286488766432145942744185541      
   60.8083511782614236805738917894537707      
   60.1725313243740817577295847329354980      
   59.4958277399939107685436206254458567      
   58.7740378636833550554990138845722301      
   58.0023164281140887053498573498367043      
   57.1750405421232855230864848937691385      
   56.2856392115500712945546818266930706      
   55.3263757495364591002063102911675594      
   54.2880673747844713925184321460963445      
   53.1597205750294199916025103793857595      
   51.9280526584570454774675134287504831      
   50.5768571290542204224994358020435175      
   49.0861465595931489987511116539278961      
   47.4309520534701409622605177563232209      
   45.5795210305265008379398169696179508      
   43.4903177309969620822627169598553295      
   41.1064809891040054823179588931272562      
   38.3448396330171844419036052446908862      
   35.0728861389043165570189692455079108      
   31.0547234685379850142698396097466327      
   25.7890714572994236131098996798249232      
   17.6919238764737254853878657485959237      
   3.27588664932631050788437291417536365E-0004
   9.73131780135190621981282146772647970E-0005
   8.29324438970748339008283950473517245E-0005
   9.15336325335027715471611844787041149E-0005
   9.59476635159866325069887043258080989E-0005
   9.74059542586483710344018867372959384E-0005
   1.00430238792066519397803326650728013E-0004
   1.02722493088177035733208057909762011E-0004
   1.03884614694797760004910894192591788E-0004
   1.03977717568302833228408705613218349E-0004
   1.02866732838574746320714996183786055E-0004
   1.04781210757799537801024183548901161E-0004
   1.05098999975660051746322589830502551E-0004
   1.04973098426923999005415731237416172E-0004
   1.04695008000930648627047801459392222E-0004
   8.40687663513265188687184692730563994E-0005
   1.02307115027718929488622603042509161E-0005
   1.02164732978258009856782747155328386E-0005
   1.02048157804300825248690369733194402E-0005
   1.01951660254478622534238814928317365E-0005
   1.01870989654911306612952994634835341E-0005
   1.01802944462137323840217844339747602E-0005
