   7.46379089723010985117924615659223441      
   7.55881216013218219562597638479851645      
   7.65475084785858723989365750137750658      
   7.74937166559745697261170317185361623      
   7.80097676055273059022969785114077993      
   8.21318305171389350643778526941996778      
   8.37313341472338358483413385503912510      
   8.47766018725657944210092641368388400      
   8.60888047290601044285476201791171999      
   8.78687107331155112627869627572384951      
   9.02386487966137550193764721765342403      
   9.33249580325496791550689669698953532      
   9.72994743419620990316020574533470338      
   10.2408219876908129530229028000780009      
   10.8967811513139616297196802970157137      
   11.7297711928517572896182690897675242      
   12.7595060409534544215102859741054686      
   13.9768021027084642912940089658588077      
   15.3196262474814418038057903484217591      
   16.6390657118389087570385504145997738      
   17.6657003229854714958603117013215612      
   17.9394558376475632978039756714852738      
   17.4712283586806928299723921654936602      
   17.0432592416586892275072786815841364      
   16.6503306510001525342528397952307319      
   16.2881223901905089233243464045391861      
   15.9530226923689334677149106490445319      
   15.6419855710511083063110401283690303      
   15.3524217698006025082322278772906628      
   15.0821143421111593528611722072616502      
   14.8291525463255366929088843535416503      
   14.5918795379611539760078480488918045      
   14.3688505806265733369733327177373974      
   14.1587993641071827528562432728581065      
   13.9606106343815352734190406269975057      
   13.7732977839108374287047510010203343      
   13.5959843739118595010638634704799869      
   13.4278887986609970202099871986372858      
   13.2683114795317918583504830293408248      
   13.1166241101293121726421212307683767      
   12.9722605754083383362341497344767620      
   12.8347092454767486159110833702918388      
   12.7035064048572821844911287224666984      
   12.5782306247705147555388531361942454      
   12.4584979226526887874552268899893970      
   12.3439575820975602592256125299211074      
   12.2342885293884286506824239446892639      
   12.1291961811725988006154211300221608      
   12.0284096926238004166429982186868408      
   11.9316795473691808182576049672094775      
   11.8387754401730050128859346048553584      
   11.7494844113002774206927544091064876      
   11.6636091979874291178664128415599089      
   11.5809667738094355282481335048812358      
   11.5013870511646810290589535098450076      
   11.4247117258090711987890290547691607      
   11.3507932454243424866316158158469693      
   11.2794938868080781541868077664160913      
   11.2106849284027171717724471713862508      
   11.1442459068167174695418738643621830      
   11.0800639473392488726328276097860305      
   11.0180331599977443566593073679566529      
   10.9580540936626675215500167112227639      
   10.9000332417274494657001841065133545      
   10.8438825936984218303062672151520282      
   10.7895192277429804652846432049534726      
   10.7368649398347142793835525043797545      
   10.6858459056696013551383761328152245      
   10.6363923719860913850031739520322061      
   10.5884383742973031120928885782665114      
