 0.14860370346682E-01
 0.15483464304335E-01
 0.16343220534042E-01
 0.17844070221345E-01
 0.20834047190765E-01
 0.79800601423179E+01
 0.25044024190342E+02
 0.37716127855399E+02
 0.48748262696308E+02
 0.58983995104483E+02
 0.68983833859240E+02
 0.79379128970317E+02
 0.90993039994863E+02
 0.10460559848056E+03
 0.12115766784979E+03
 0.14182051597912E+03
 0.16727224719746E+03
 0.19743277691308E+03
 0.23098203933685E+03
 0.26465206823176E+03
 0.29244736123064E+03
 0.30373565515819E+03
 0.29799654946306E+03
 0.29314131467248E+03
 0.28904353116249E+03
 0.28559663630628E+03
 0.28271024141478E+03
 0.28030735737847E+03
 0.27832223512262E+03
 0.27669863283256E+03
 0.27538839038212E+03
 0.27435023483199E+03
 0.27354876766218E+03
 0.27295360051148E+03
 0.27253861572155E+03
 0.27228133362164E+03
 0.27216237192542E+03
 0.27216498484179E+03
 0.27227467109660E+03
 0.27247884132876E+03
 0.27276653641920E+03
 0.27312818930610E+03
 0.27355542376049E+03
 0.27404088444878E+03
 0.27457809338944E+03
 0.27516132861652E+03
 0.27578552149031E+03
 0.27644616964668E+03
 0.27713926305467E+03
 0.27786122106165E+03
 0.27860883865395E+03
 0.27937924045544E+03
 0.28016984123298E+03
 0.28097831188439E+03
 0.28180255005538E+03
 0.28264065467542E+03
 0.28349090381959E+03
 0.28435173540184E+03
 0.28522173028501E+03
 0.28609959746241E+03
 0.28698416101658E+03
 0.28787434861192E+03
 0.28876918131261E+03
 0.28966776455020E+03
 0.29056928009141E+03
 0.29147297887908E+03
 0.29237817463724E+03
 0.29328423814689E+03
 0.29419059211249E+03
 0.29509670654942E+03
