   1.09492189403834666893151263485212116      
   1.06756655988943889673447883646347568      
   1.04097415872331847701585857381828992      
   1.01570849981585404142610631414323070      
   1.00231469935825978819782742259173534      
  0.904230315364213474775136702610041096      
  0.870013607779289536552989317358324656      
  0.848691902487372961132978890897104633      
  0.823016821294842411462953034751154858      
  0.790011765780853341378739987296590121      
  0.749060507236439724586092471935325534      
  0.700336015809985003348471244001077664      
  0.644289538628955266094423067488025138      
  0.581610761569742862802092592194686072      
  0.513695321448747474403266811227752285      
  0.443325779657543391207429778359395837      
  0.374657425107557206013096719151917858      
  0.312238488315830137623414894387170791      
  0.259899669866089003737652167366387960      
  0.220315064517472853667369487808065144      
  0.195452104043813491810970010945799195      
  0.189532432766710550167889369731705835      
  0.199827468833937825228092138200697691      
  0.209989107507732541833993182156462941      
  0.220017052868863277506519603314641266      
  0.229911142596756277315454185365758208      
  0.239671338796541279662887500391832587      
  0.249297719587412825577157387737255792      
  0.258790471377110920720271751725798685      
  0.268149881753133858920530799495872316      
  0.277376332928095019842486673838043346      
  0.286470295681527045616313133938962871      
  0.295432323746442163389032289610447597      
  0.304263048593740006324038227159249630      
  0.312963174571964946697155810505278217      
  0.321533474365334481829593916601236036      
  0.329974784735433095812609269215185024      
  0.338288002517398232502654549535075120      
  0.346474080843534689497171672395463502      
  0.354534025570838709166628097193295502      
  0.362468891892326708096051528239724584      
  0.370279781113513490267986035536588855      
  0.377967837578650406853312872308970500      
  0.385534245732608019042997470083495959      
  0.392980227307271396314909332553341646      
  0.400307038621406317749850659305408655      
  0.407515967985542061317646646807008895      
  0.414608333204743188280313301700085247      
  0.421585479172170162715827238357964436      
  0.428448775548463434996278364215343623      
  0.435199614522407372454835264166107753      
  0.441839408648865410882916767633419844      
  0.448369588760718161629736548780374335      
  0.454791601952093060013105860254876683      
  0.461106909631153828694145022401471617      
  0.467316985639545946761919486116083288      
  0.473423314437869211798377456635468054      
  0.479427389354989222560692728230524375      
  0.485330710902438206547951837936602094      
  0.491134785146267871820429763628541146      
  0.496841122145863401475356898440052036      
  0.502451234449573244996091988722121000      
  0.507966635651005370026022164470196971      
  0.513388839004409758796453700091964158      
  0.518719356098365672087045381199151364      
  0.523959695586604539292448489457554977      
  0.529111361975959462478443240189123394      
  0.534175854470553751118799661982406449      
  0.539154665870759691934562111736946845      
  0.544049281527244027520559182565147081      
