   76.9900218091439412465274692045588683      
   76.6731581788215111075383236437918583      
   76.3419013632684620579681329159400337      
   75.9961575759873473622661622908571718      
   75.6358483613164713283896657610133386      
   75.2609081109377368504048232239154048      
   74.8712815711255829970296310866766146      
   74.4669213519206728146205598096895008      
   74.0477854448523002540259444937172989      
   73.6138347516655520518021491676831446      
   73.1650306226915089710602968439145242      
   72.7013323999678026678003875460757085      
   72.2226949569132619082204054146006838      
   71.7290662232069116981668598936706243      
   71.2203846804339265472886781576793352      
   70.6965768109253437558746144756152386      
   70.1575544789741056893836717551560821      
   69.6032122200762494426618779172710373      
   69.0334244099473396126775037213087389      
   68.4480422806042128504279557248928810      
   67.8468907456099696240962074671305380      
   67.2297649904345553168653418602252319      
   66.5964267765087129546301535850064320      
   65.9466003985938619768120880577778930      
   65.2799682241536593687296992030832218      
   64.5961657299072801444786583797510197      
   63.8947759340077336349882781478784039      
   63.1753231013581343187011179977577068      
   62.4372655732740886300765961797220855      
   61.6799875393927345773907061578135583      
   60.9027895272717191924132339220786104      
   60.1048773305720182325553403653023201      
   59.2853490261090821630393349188753764      
   58.4431796378192977369704411883352248      
   57.5772028841389396976434118047985216      
   56.6860892834613948888076378438385310      
   55.7683196746072953478859107563034753      
   54.8221529128471668843727597768841727      
   53.8455860934645298488029884926475560      
   52.8363050839543638306581231579285770      
   51.7916223362620847375897344238986637      
   50.7083977832031341182241128800803280      
   49.5829369100626933840725648241985561      
   48.4108575275833624208816497128279378      
   47.1869128468732535210859631929580401      
   45.9047522966090599908779240435860465      
   44.5565915790520885052684386257135689      
   43.1327468789942551723617319930778085      
   41.6209594161913821872167403111162788      
   40.0053844831056741055504439296163353      
   38.2650195165019958223217311363166235      
   36.3711419927123042069125152491959498      
   34.2828747738581486789359301110512727      
   31.9388765742245261677138446089584179      
   29.2399842322573455269150486139127490      
   26.0068365146585906629540750804359674      
   21.8477146059334931765506465402524098      
   15.4837765996464604779259691178983897      
   8.90242603098593224199563394171052427E-0004
   1.55378313662037566867134521012167066E-0004
   1.19134175512902611996547830829595108E-0004
   1.06005862564436716917064405541713597E-0004
   9.60420459553973647361364688850409485E-0005
   8.70596851261100623018642377037336539E-0005
   7.98216369391851627861715985605218263E-0005
   9.31223984084000195819995363967604143E-0005
   9.31034017112575638540174499829518021E-0005
   7.46788980873311639755607256394304009E-0005
   6.65894166725080695007688295522896565E-0005
   6.02845335406595672101971234656006550E-0005
