   5.76179360684884597559138796671772080      
   5.76728724408824850775682467909815688      
   5.77319915697502279832765824281949978      
   5.77952840872635373723102385852992362      
   5.78627294682039039309180657032871764      
   5.79342967628022517551759453820005696      
   5.80099453139251087221924377467726303      
   5.80896254499676586345925076580922600      
   5.81732791465453106800784978958024252      
   5.82608406515763018036354996744655176      
   5.83522370696188770107548166555982237      
   5.84473889023800916911414595898848837      
   5.85462105431589883187581318942588537      
   5.86486107236366542906806893883054290      
   5.87544929118927191123943497958481841      
   5.88637556608328496279024123122429063      
   5.89762929063447524837902463409330584      
   5.90919942144966043201193613998455961      
   5.92107449769286438380876322670915385      
   5.93324265532841684131279647069131352      
   5.94569163590672167957274357900999237      
   5.95840878966897621549482719371991997      
   5.97138107266617546491085525881069811      
   5.98459503748597877345305838758866681      
   5.99803681705319104479284052679735535      
   6.01169210081179563039243744780271558      
   6.02554610239913589849036387621259301      
   6.03958351767760656440261515778611806      
   6.05378847168068271886839143453509878      
   6.06814445264041444301220602149756287      
   6.08263423076639845464340145915703098      
   6.09723975880744309448672958551118467      
   6.11194205059658540024139080388222586      
   6.12672103269150462523131887261130280      
   6.14155536277784855293212702998956274      
   6.15642220656594752094900409087278058      
   6.17129696228083399426284970931169722      
   6.18615291822688248877555167369656991      
   6.20096082386038649566899708285058471      
   6.21568834765229034212475935565662654      
   6.23029938472432903370221303755925084      
   6.24475316213706535244963663490840043      
   6.25900306710570650626791208238282857      
   6.27299508884169029803326935183826479      
   6.28666571049747416000034808066629240      
   6.29993900029622042058567838350696031      
   6.31272250562302280889649524514981068      
   6.32490130364490442651886519359079246      
   6.33632911358518635454090245885408196      
   6.34681453409652726090103909441607481      
   6.35609880179151471836921760565985386      
   6.36381794347188055257024551421131963      
   6.36943413008917710865540250322162087      
   6.37210057737204194526030060869839446      
   6.37036456611205732968398991376324456      
   6.36139910707643851505328709430046172      
   6.33839902279960085606131902932653307      
   6.27509323488929883107213361478882828      
   6.63865952993781734808031711001447166      
   6.83389432186587268323440321248094981      
   6.94547840827117046497434567901855245      
   7.03616150571003122123952176733198875      
   7.11720334064671913839560928956180871      
   7.19266018275732156739893254115927338      
   7.26438664541444478844190929163061380      
   7.33332760010238812673708990211166579      
   7.39997302543441101677097238698388564      
   7.46453838567938578020502064052581026      
   7.52703183546606720608751424356607951      
   7.58727083802772112081844715325842428      
