 0.97889500043759E-02
 0.98138315237750E-02
 0.98401397583415E-02
 0.98679028952384E-02
 0.98971488021885E-02
 0.99279052968260E-02
 0.99602004237878E-02
 0.99940627396965E-02
 0.10029521606730E-01
 0.10066607496004E-01
 0.10105352302533E-01
 0.10145789674036E-01
 0.10187955356467E-01
 0.10231887559677E-01
 0.10277627347322E-01
 0.10325219055812E-01
 0.10374710747974E-01
 0.10426154708034E-01
 0.10479607985694E-01
 0.10535132998444E-01
 0.10592798202896E-01
 0.10652678847957E-01
 0.10714857825105E-01
 0.10779426634089E-01
 0.10846486486148E-01
 0.10916149571570E-01
 0.10988540524350E-01
 0.11063798124213E-01
 0.11142077285875E-01
 0.11223551397687E-01
 0.11308415087772E-01
 0.11396887516499E-01
 0.11489216321545E-01
 0.11585682378111E-01
 0.11686605585729E-01
 0.11792351959336E-01
 0.11903342393398E-01
 0.12020063594506E-01
 0.12143081856681E-01
 0.12273060609577E-01
 0.12410783042645E-01
 0.12557181660945E-01
 0.12713377464321E-01
 0.12880732734038E-01
 0.13060923459043E-01
 0.13256040769939E-01
 0.13468736354947E-01
 0.13702436595837E-01
 0.13961667883718E-01
 0.14252569338668E-01
 0.14583737317411E-01
 0.14967693721878E-01
 0.15423619129768E-01
 0.15982914494288E-01
 0.16701983855165E-01
 0.17697301143355E-01
 0.19273529993860E-01
 0.22779601699579E-01
 0.31052288109663E+01
 0.93458722085053E+01
 0.14776741933470E+02
 0.19901391766128E+02
 0.24867284335097E+02
 0.29747679065665E+02
 0.34590206567774E+02
 0.39432238239397E+02
 0.44305959752843E+02
 0.49238144637424E+02
 0.54246655801334E+02
 0.59335698065538E+02
