   4.55203204597677495258720332882941710      
   4.49382982430026919245928830025701770      
   4.43652127217275327395352377398806936      
   4.38004818442324765937104596685338837      
   4.32435646388249312707486184269497709      
   4.26939570075272193137730786141117689      
   4.21511878698704860348084938193067769      
   4.16148156210048695713429113631351894      
   4.10844248712080193017047623559097815      
   4.05596234363407895542817508138068151      
   4.00400395509191169230409510502714128      
   3.95253192772835625407899835037806677      
   3.90151240858782556989422872782365338      
   3.85091285829117650910092931605898961      
   3.80070183626673561013897440090972587      
   3.75084879624468316628609426407739232      
   3.70132388985751708602966875005343167      
   3.65209777620128347980838405389083813      
   3.60314143519141454675089582006239433      
   3.55442598248704603829652301890694253      
   3.50592248365347049612124882700596145      
   3.45760176507650012428603059332192386      
   3.40943421892492717457595938218666863      
   3.36138959916441955373774274312064460      
   3.31343680524309881543535749909492018      
   3.26554364957144313903418779314218999      
   3.21767660428066355866490268883688464      
   3.16980052192454028579063476474152350      
   3.12187832374057923754984218755884847      
   3.07387064773901546012339239976510776      
   3.02573544715219738319779166556045928      
   2.97742752752703532593281660889286431      
   2.92889800781047081797329704034824331      
   2.88009368692345153994280583407938199      
   2.83095629221278850457902870809574987      
   2.78142157933671763638669123079265101      
   2.73141824390347941835000467820018557      
   2.68086659254693796582603166907166213      
   2.62967690362463147910407824321148571      
   2.57774738314796312248303050730976456      
   2.52496158651903542705478984124224617      
   2.47118512586078588458999790787101407      
   2.41626140775131557125753894917574394      
   2.36000603321488781177449434807244928      
   2.30219931775014423909812071086216125      
   2.24257611401624127775920740561126955      
   2.18081167208236848017535406328459431      
   2.11650151910881037697109941498816251      
   2.04913202385404028432638519904333468      
   1.97803590228915411161824220622964688      
   1.90232226291809106781107573208957067      
   1.82076115815413527030041139491413777      
   1.73158094546665392761067047281528761      
   1.63208257872382070489781743982932747      
   1.51781935232585802402250331679001534      
   1.38055069289528512287434393740663359      
   1.20166983364645283488823897361649615      
  0.916898614786991264009560094384076818      
   3.10522883522020869223227240919483742      
   9.34587220928515524213893536202680650      
   14.7767419339466622320817201971926016      
   19.9013917665170007946693568089169192      
   24.8672843354252316209411586704669291      
   29.7476790659421031217299350953630186      
   34.5902065680123039160350650107152238      
   39.4322382397272032016731639142326902      
   44.3059597531804014313005981033209667      
   49.2381446376456190326569014198010425      
   54.2466558015135346386408398217903249      
   59.3356980656879124578376070868791505      
