  0.320714144914623032120449477755935446      
   3.78407631543933511096581445591145423      
   3.92165070171295546517459148773874787      
   4.06427092716077501117367651862741662      
   4.21212453579355931961628608126787187      
   4.36540578658304324175751723601669892      
   4.52431590569442419765733460004753883      
   4.68906334973173845407798133636077705      
   4.85986408449108304287804167480308127      
   5.03694185835074201792705061082096948      
   5.22052849972929493085594422231085337      
   5.41086422129367369770393842182642757      
   5.60819793067487740328954377152043047      
   5.81278755277713507859709815574432189      
   6.02490037004295335343389560411957308      
   6.24481336537750716017825161782519792      
   6.47281358736563202496368319704492589      
   6.70919851528644000145365049490758084      
   6.95427644812649980522225226639798053      
   7.20836690080121306192596360480291406      
   7.47180101625731058483238366616460614      
   7.74492199060070726559455936759802221      
   8.02808551277583471956442121003435104      
   8.32166021807096684478732533867783550      
   8.62602815865961512105202311904625541      
   8.94158528874060428046220471733667304      
   9.26874196382196380453290511752667495      
   9.60792345819156377774689916969610824      
   9.95957049753751084315135461439466609      
   10.3241398086710334990843558541504343      
   10.7021046854696319348725071558604727      
   11.0939555717291732159311454596341248      
   11.5002006615438377518842532190078749      
   11.9213665152475043746356134011372358      
   12.3579986947023418197504737328029083      
   12.8106624115338995259744126927093458      
   13.2799431944171694115263553415378800      
   13.7664475714587641044125022295280994      
   14.2708037669787830425960909801240234      
   14.7936624120846872959433687967120212      
   15.3356972702924273563322312480065520      
   15.8976059719431219916024922400304972      
   16.4801107606487515973142843584066355      
   17.0839592465824243668515636132311300      
   17.7099251651423616436526388774654742      
   18.3588091378644174713986605201169158      
   19.0314394319138123074751024372671001      
   19.7286727141547731964979946772385579      
   20.4513947948848332250786164116592779      
   21.2005213544198392731533274144121509      
   21.9769986483583665548566585298235497      
   22.7818041803709650803058374730109186      
   23.6159473365213787889432163216000167      
   24.4804699689873832543879395149110123      
   25.3764469177655134258173110576025477      
   26.3049864576440108808169354013095874      
   27.2672306538107557739713503749782379      
   28.2643556091126106602384207717538258      
   29.2975715839787327812208349167685548      
   30.3681229655145741997064196601786484      
   31.4772880611840884499718890008141631      
   32.6263786900216314459163245741408297      
   33.8167395383679724925762992854974374      
   35.0497472474217496579899767567816808      
   36.3268091922942688525291928604328539      
   37.6493619104655782492768582419368210      
   39.0188691327369879237918523962825771      
   40.4368193627643134681502414708140016      
   41.9047229483802668397146910820562112      
   43.4241085793901806652389981388262489      
   44.9965191412768893324241321214885626      
   46.6235068470124302961420571887169591      
   48.3066275638771517565336548416122533      
   50.0474342474148226908579287286333665      
   51.8474693966576999485464206137819088      
   53.7082564537113036619055019194006871      
   55.6312900955531074174392711192213205      
   57.6180254128388156485620250674986481      
   59.6698660519135596537095132004137599      
   61.7881515215848026835892072095803076      
   63.9741440465017387810923525712145542      
   66.2290155878629417969690235242102528      
   68.5538359346708846297251553692280465      
   70.9495630631809928275346099394774444      
   73.4170371951891996264732627601841604      
   75.9569800558550266823249739749383741      
   78.5700006053331116979513962826492464      
   81.2566078638536191483413109838737147      
   84.0172302695410103759476341309734120      
   86.8522392726522568108020367695143926      
   89.7619726309869005904478709014705130      
   92.7467502476394724308320169877256129      
   95.8068725586026047068935618667066737      
   98.9425887682794819291729972556170549      
   102.154020493484065643509740420864746      
   105.441027690503734446588803033997194      
   108.803012227761962329654909153665359      
   112.238675861877316876970867827358231      
   115.745786534170651411482432104829415      
   119.321049321254445961591660613900042      
