   67.7433099999999999999999999999999974      
   67.7428545726233383559355616045928212      
   67.7428116830763615025689112399540031      
   67.7427647544370196630660878878965799      
   67.7427134063266825456736403234049024      
   67.7426572225448348141432052443219636      
   67.7425957476955757226958114574264740      
   67.7425284834964217705296817421165024      
   67.7424548847394934903017330715175862      
   67.7423743548723498953951818654012459      
   67.7422862411626511766838359559821573      
   67.7421898294074569722910802195458730      
   67.7420843381442765916054976021604187      
   67.7419689123169490407377232930538224      
   67.7418426163450118364718328731475208      
   67.7417044265403825926456099403342753      
   67.7415532228098870268196433113818033      
   67.7413877795763784854104424772257276      
   67.7412067558448604032577441370549139      
   67.7410086843330929614062929801313209      
   67.7407919595785824125740392744739645      
   67.7405548249255546452478832887868122      
   67.7402953582864363043411699587993194      
   67.7400114565624335953659886079049814      
   67.7397008185969302569466272054896367      
   67.7393609265235339977866945715706644      
   67.7389890253575885671347751624163066      
   67.7385821006657310929797552952945419      
   67.7381368541324959777504232733973705      
   67.7376496768259212174069021251525224      
   67.7371166199454623453394158979741853      
   67.7365333628151121250505504161602512      
   67.7358951778622952162574627765651154      
   67.7351968922986753316095446026206286      
   67.7344328461922798552281481703283604      
   67.7335968465910968299159677465735432      
   67.7326821173262945516653099992770821      
   67.7316812440881953251714420371695875      
   67.7305861143298183895652340944457748      
   67.7293878515108820459557520897040642      
   67.7280767431492817860128375991602624      
   67.7266421620968679096602912477604842      
   67.7250724804014258896656227206476134      
   67.7233549750566704372796954175562926      
   67.7214757248763127697961591644175870      
   67.7194194976563170316015857322448094      
   67.7171696267107430387658014446818446      
   67.7147078757804404508365639650356459      
   67.7120142912196159814614934643186156      
   67.7090670402621764540620703052978288      
   67.7058422340569205637515104463826526      
   67.7023137340371965824013477180703486      
   67.6984529400555612744879639676745968      
   67.6942285585661720743788905116525065      
   67.6896063489759220966596777390313115      
   67.6845488461083749734186884019506064      
   67.6790150565309395524706001451104258      
   67.6729601262838737920476259523390131      
   67.6663349773179056012565397109020954      
   67.6590859096936270410236440344202317      
   67.6511541663183014164149807753604616      
   67.6424754566920709536330001296258798      
   67.6329794358033047231043793250284311      
   67.6225891339492892177717776003915699      
   67.6112203328606908830647177256170491      
   67.5987808830729867844273502523964083      
   67.5851699570118387212481186726093660      
   67.5702772317383174590235804838274275      
   67.5539819947297438489239487496309993      
   67.5361521654480811843180227570035666      
   67.5166432247652317529364302096008738      
   67.4952970435677275389168451054065994      
   67.4719406010461067360709753609505408      
   67.4463845822801103769299015040337785      
   67.4184218437524693967463317408531581      
   67.3878257343535517387283731288328594      
   67.3543482582678247560318050151933866      
   67.3177180648514661253149372955017492      
   67.2776382492081386082713430539113195      
   67.2337839456355638374426872860867688      
   67.1857996944366509899906713985575288      
   67.1332965607519496437901251919129924      
   67.0758489820602126465467709496348162      
   67.0129913187945826120353195493805789      
   66.9442140801155285552738779108641564      
   66.8689597942486522944963207960061469      
   66.7866184899145158265426670677323026      
   66.6965227522253593235981279676428118      
   66.5979423129744339826954067412461646      
   66.4900781314697077438832286672162244      
   66.3720559179343251123790117756351054      
   66.2429190469779444389779933193976171      
   66.1016208036993144324026413646873144      
   65.9470158995711148910264359359926253      
   65.7778511893393294379910449020468645      
   65.5927555136932661202641932982231442      
   65.3902285853763028401547281614232944      
   65.1686288286540730588063216254982038      
   64.9261600735732784138955514158981535      
   64.6608569971618558486865466673561451      
