   1.26922475261225330263817350408709445      
   1.26435205154369011572683207983356230      
   1.26180608625052831606461743095608060      
   1.25922020736512143732321650473142351      
   1.25659734720284989270150483220226029      
   1.25394028706203792791236254667778485      
   1.25125166172338758912794859930659270      
   1.24853396436551072072322953171441669      
   1.24578955171718773227709941532326826      
   1.24302064969120220805823171323273035      
   1.24022935893460962047377260552149707      
   1.23741766052473112699645172066153179      
   1.23458742175076089688610864705754190      
   1.23174040185673222169155157064656875      
   1.22887825763038145336303170709639159      
   1.22600254902863801610051739120545411      
   1.22311474455063753956834610882006810      
   1.22021622664548883035103937315920058      
   1.21730829682938805117653513503665986      
   1.21439218072847495305962669632007761      
   1.21146903293614726902251016554692669      
   1.20853994172355398399044547331085186      
   1.20560593359020527740419444360438664      
   1.20266797766927195570726630224132777      
   1.19972698996366411841410672807652621      
   1.19678383744974347473500251932446824      
   1.19383934206155104335062321290717882      
   1.19089428452948670588903729390512369      
   1.18794940811554636858719645408800314      
   1.18500542224010042660859475360092788      
   1.18206300602138839434698886920144649      
   1.17912281173519538567395057825748613      
   1.17618546820418917467080719575534739      
   1.17325158414513813482017754843311096      
   1.17032175146064195314956096866077666      
   1.16739654853376358240210349997599949      
   1.16447654349603391553078439002777117      
   1.16156229751013255965550206210248331      
   1.15865436808330479927787713147201467      
   1.15575331242685594746034924525267888      
   1.15285969086767892554949115022068847      
   1.14997407035828052313357676008117442      
   1.14709702807825720823592393609215667      
   1.14422915516590801995979306414584229      
   1.14137106059681876701191660221544076      
   1.13852337523405073045163198153463290      
   1.13568675607568755655840945572376579      
   1.13286189072566135463061971044868868      
   1.13004950211634088107081176121038353      
   1.12725035351687053142504453050253577      
   1.12446525384981316865635939054498472      
   1.12169506336278105835105015161914437      
   1.11894069968036052050911648382973460      
   1.11620314428154742533559020933971782      
   1.11348344944216168334621772676437641      
   1.11078274568399425277331058663241621      
   1.10810224978142999066764138091736967      
   1.10544327337413727735412745349153320      
   1.10280723223786813728289819935971335      
   1.10019565627422655749089737349592793      
   1.09761020027980270718315040290827404      
   1.09505265555886964125661515885417641      
   1.09252496245394939098152456439025953      
   1.09002922386509529956484205824739552      
   1.08756771984076821611425106809305459      
   1.08514292332207498604431200338378469      
   1.08275751712606707770876974638647773      
   1.08041441225820014021955314329293021      
   1.07811676763946131941207700078811578      
   1.07586801133417437866050229508559092      
   1.07367186335623740753236111205483015      
   1.07153236012274643626667884272029156      
   1.06945388061112909160229550956813625      
   1.06744117426422701095676235392708830      
   1.06549939067851706506432344477280982      
   1.06363411111589658984619197770116679      
   1.06185138191025107858487069470801424      
   1.06015774991783915986740540068782284      
   1.05856030031132620814817690354089675      
   1.05706669727421699053236379308855666      
   1.05568522854727195429871782411307125      
   1.05442485533467134686712790522956764      
   1.05329526979196116806308993030311427      
   1.05230696314054528584990126795823241      
   1.05147130826789746418527777440134594      
   1.05080066128700241603140004737305120      
   1.05030848668886784492460904245131723      
   1.05000951015874466491831174110435798      
   1.04991990162122777491705584991421834      
   1.05005748851910221037502731899482149      
   1.05044199571356708716440210663705823      
   1.05109530376047895965289242651325272      
   1.05204171166337129554891695438236279      
   1.05330818356884989038737571790710390      
   1.05492455191573197801467582622592269      
   1.05692364497624677900783043276926636      
   1.05934131137558965382648618758787736      
   1.06221633983086645172742723172300579      
   1.06559033010215203887212219081132978      
   1.06950765370644099554310106690215345      
