   77.3092492914850768625832599595973571      
   77.0141551180713615905260606473343996      
   76.7050740468225048642049443859158406      
   76.3818750834813967907299679707225238      
   76.0444446300565407027196677885676310      
   75.6926842263401225879051896025312728      
   75.3265082541202955425030753894704523      
   74.9458416196568679992440642616899838      
   74.5506174253948128863968158155040382      
   74.1407746376765879872151070098363045      
   73.7162557533386684257697111746961940      
   73.2770044645137226816800800114245455      
   72.8229633176563672609547999002588601      
   72.3540713597001109037837643711552357      
   71.8702617612749673956897303112617084      
   71.3714594039733511413722478527269845      
   70.8575784156921138111264974247878143      
   70.3285196349543960323138796941096952      
   69.7841679817673627862535803903194384      
   69.2243897088481517979117044922223338      
   68.6490295028023612299777009456319316      
   68.0579073999216430291846318579264608      
   67.4508154754458626161870078067788353      
   66.8275142581747833140848455043086602      
   66.1877288139000064261686486983942960      
   65.5311444308595279301655335857204776      
   64.8574018277982317549623025756295954      
   64.1660917896062574981424001526013923      
   63.4567491160376035468592255929326553      
   62.7288457446357527900467911516458034      
   61.9817828781670638120734502742313842      
   61.2148819077351238160983624721720281      
   60.4273738725740728205730206441542274      
   59.6183871328047824851277984357965192      
   58.7869328471501553552015184527907788      
   57.9318877369185106821276293495179257      
   57.0519734707114071696679176223046769      
   56.1457318075085279656622943778992426      
   55.2114943689556231625834483136432761      
   54.2473455455407359243484968309169112      
   53.2510765321699483145905963657010838      
   52.2201277702573473824810974591024161      
   51.1515160437613967669038585996479402      
   50.0417409748177177190626788689853521      
   48.8866634319784075041152623131000551      
   47.6813449732068949308550908583592709      
   46.4198321713241253472302333674543265      
   45.0948612399594786300967829714991288      
   43.6974444815434909714628985137518220      
   42.2162763305017391140246385333441488      
   40.6368544193437879695621333001727385      
   38.9401316432678596732048625208068556      
   37.1003565542871880517592538958493468      
   35.0814172246700030973931357149738675      
   32.8301903750302451820623631263171999      
   30.2632088723783329940194620360101450      
   27.2360164341651796183110543080963722      
   23.4565698335355677183548942449246254      
   18.1310172110047309813724193182000944      
   2.44595468462452397518882756513395308      
   2.02831632896158117948266877968533711E-0004
   1.27679804463029104489024601613773677E-0004
   1.11896696092558133792577993629908864E-0004
   1.01562340041801555267266071290538532E-0004
   9.26874296120742490983972079226916691E-0005
   8.38069982888607578942698422022032699E-0005
   8.38176687014360667081671427356469109E-0005
   1.05818200479338456933042414614750893E-0004
   7.64705848004417001353499175928919604E-0005
   6.84769003486247308370848952299902745E-0005
