   4.56516289577799395072626813545453484      
   4.50774191929447112276190299233505949      
   4.45122124651887154377499852949501871      
   4.39554144846302796102529368356166234      
   4.34064733022634854691091485575865757      
   4.28648751371594618109474020504231738      
   4.23301405452120397232240749808041332      
   4.18018208957017435488080665637513977      
   4.12794951246939680560547041355475081      
   4.07627667366500071151227348051632075      
   4.02512610276606768357086817480845279      
   3.97446225054601199523449238276548869      
   3.92425124828709123457238079085462886      
   3.87446068225826560544386004971223389      
   3.82505938121896687699437111608601539      
   3.77601721491985602297096944073744540      
   3.72730490162725309482051374426903747      
   3.67889382272695182562422168159408758      
   3.63075584246536014250141560436746685      
   3.58286313085731895712844401669033008      
   3.53518798772596127240267951945215664      
   3.48770266573646836656504433874196006      
   3.44037919013408391476755773614225365      
   3.39318917268931953001607547612588200      
   3.34610361707731160188147362328159004      
   3.29909271255898865292821484277841550      
   3.25212561236898475259855964467291062      
   3.20517019262290558499661804359404424      
   3.15819278680002785418568494350277001      
   3.11115788989251099597474553235047383      
   3.06402782507530472484477807418430141      
   3.01676236416407992220125096051372561      
   2.96931829107649822516774292660835751      
   2.92164889484697956462545851322501877      
   2.87370337525323868787684146242257271      
   2.82542613950278456285260441198395644      
   2.77675596228117581213201213864535463      
   2.72762497318754208628282469581220922      
   2.67795742430971441942944333684870587      
   2.62766817514826586879919580914014905      
   2.57666081037927311562354758606668596      
   2.52482527514452627309394107222126882      
   2.47203486817348563419686845728369892      
   2.41814236793567544669235834648405169      
   2.36297496963999348228602337163146495      
   2.30632756201792793948701796628110714      
   2.24795363959438717394699353099255386      
   2.18755277052423440653467735978882536      
   2.12475291565819115525667420539654949      
   2.05908481782904416334675400507678465      
   1.98994374203485910805693721716080860      
   1.91653017330448603362079861678563906      
   1.83775366508658191286692910007305484      
   1.75206786245142846944899435294577297      
   1.65716584364289848702876528371386359      
   1.54935890117371045639797013630880257      
   1.42211973771058607194647432560371111      
   1.26185731311665722530841586236679044      
   1.02992136634049785047684965842760602      
  0.192450553103658951108796716154400451      
   7.30454787211728024145003767813559181      
   12.8690700767309258692845430629332862      
   18.0377995710267994694394604408174167      
   23.0135597894131047848272751807164429      
   27.8849818561072767834347807664950379      
   32.7050852166101243078537758995268903      
   37.5132134394439113809823488513770934      
   42.3427522168781028227176864564069852      
   47.2225687128537201361450224243302532      
   52.1745351084767586333394985032880511      
