 0.13400492978303E-01
 0.13723299098274E-01
 0.14083380271642E-01
 0.14491525314446E-01
 0.14964904016104E-01
 0.15533489909668E-01
 0.16256500558625E-01
 0.17265886568637E-01
 0.18874436937242E-01
 0.22533734029657E-01
 0.92085241027876E+01
 0.23481930953156E+02
 0.34699741894536E+02
 0.44674820590795E+02
 0.54084880497225E+02
 0.63371875604894E+02
 0.72945714052017E+02
 0.83292254187579E+02
 0.95003763582462E+02
 0.10863019254506E+03
 0.12438426112693E+03
 0.14196053545004E+03
 0.16052628734315E+03
 0.17873229317415E+03
 0.19470662013653E+03
 0.20588448316137E+03
 0.20811607163279E+03
 0.20873988285276E+03
 0.20955941439638E+03
 0.21054749347442E+03
 0.21167955726042E+03
 0.21293362306167E+03
 0.21429020319932E+03
 0.21573217200739E+03
 0.21724459669348E+03
 0.21881454508658E+03
 0.22043088251184E+03
 0.22208406808300E+03
 0.22376595828293E+03
 0.22546962328224E+03
 0.22718917929989E+03
 0.22891963856788E+03
 0.23065677715350E+03
 0.23239701998349E+03
 0.23413734184232E+03
 0.23587518280553E+03
 0.23760837645026E+03
 0.23933508919438E+03
 0.24105376920896E+03
 0.24276310348557E+03
 0.24446198179891E+03
 0.24614946646632E+03
 0.24782476696016E+03
 0.24948721857143E+03
 0.25113626444808E+03
 0.25277144044353E+03
 0.25439236230181E+03
 0.25599871479065E+03
 0.25759024245657E+03
 0.25916674173507E+03
 0.26072805419431E+03
 0.26227406072968E+03
 0.26380467655837E+03
 0.26531984688891E+03
 0.26681954316209E+03
 0.26830375977773E+03
 0.26977251123572E+03
 0.27122582963167E+03
 0.27266376245756E+03
 0.27408637066539E+03
