   7.01588938917149801562105609392972161      
   7.08751896246851652060528074061677565      
   7.16086126364699643451976822590077752      
   7.23578550359057450309762672025837821      
   7.31209992878077958827141992594839324      
   7.38951685951192823053296700234545918      
   7.46758968172375089239556528771251193      
   7.54557654344670962768613592338547549      
   7.62198517350295862985313510603161005      
   7.69235156180983453983807924651413198      
   7.74214015909117824163718566489727484      
   7.67002586602889214850035428456967871      
   8.35317917248933100801817910860171529      
   8.51070842282944520296031500243174093      
   8.65448847207687622483389492160108561      
   8.81913926831800211684886094316108331      
   9.01746004325188049319038661304760566      
   9.25747505008246995556538341869434729      
   9.54655989493145466543371808580581525      
   9.89205013675009425566404972856760823      
   10.2991665719863545672181106316770155      
   10.7667989795849302296819051191070098      
   11.2830799573754005116045821001033265      
   11.8224847983888344841874222277502682      
   12.3449262093483348724888279869649332      
   12.7966409350103691020020649865130018      
   13.1106682220078147923271632696286153      
   13.1711434767424991015865826915956215      
   13.0327408992536066768564552075993757      
   12.9008213651586836131163259994790753      
   12.7749364442757243629005678751284580      
   12.6546792298988655118423073238702504      
   12.5396795649832691291713705719988154      
   12.4295999174000208886742869889108624      
   12.3241318027780216793751225811017714      
   12.2229926713379843724929219597716903      
   12.1259231894987708438507674526175713      
   12.0326848587023769813536128947645879      
   11.9430579233541070682540008953602487      
   11.8568395275252788780906981635494218      
   11.7738420864190998532358048275651102      
   11.6938918438480429484109809295047201      
   11.6168275913044528778004044015108240      
   11.5424995278401134789258029585060750      
   11.4707682429715427072315383138282199      
   11.4015038073633563441613387111048092      
   11.3345849581921603434039831998395601      
   11.2698983678525321984876839730400899      
   11.2073379862389865758152360272838580      
   11.1468044480876744387955039095838222      
   11.0882045380072905525216695971647952      
   11.0314507067402631706776150044910142      
   10.9764606330178809058143352815337275      
   10.9231568261247274976523410590082414      
   10.8714662647070063223015356024502162      
   10.8213200681792358653202287600104907      
   10.7726531972361074548913517227265035      
   10.7254041805440110277894715831301904      
   10.6795148649776346006745501530594857      
   10.6349301870560952504728720728327803      
   10.5915979635135438751318775575767356      
   10.5494686991511055455365315466157964      
   10.5084954103035226437789936207131204      
   10.4686334625181945767537651244758445      
   10.4298404210193083515671854469818976      
   10.3920759128844181893127165961795197      
   10.3553014998137555806369148975610478      
   10.3194805605657378731974300116553558      
   10.2845781821965294653091991250658886      
   10.2505610593404883495045560751184060      
