   1.23918629293068617310792378737282246      
   1.21426534384290796709473080340652813      
   1.18951945208536100800967772484910804      
   1.16501280622170015086328065556942883      
   1.14082185347776423063562539678806600      
   1.11704322558286486699890668473417411      
   1.09380819750501735870248349197346126      
   1.07131505922483535199753047817410381      
   1.04994335306429464659283686854903804      
   1.03082233233420191495934215006598710      
   1.01760682064234531315626505033166187      
   1.03683204343485353063233103015794231      
  0.874175184450449893895015066482893186      
  0.842113528071690883980646101887964717      
  0.814365300093491435676188515614137756      
  0.784241221431819705319003280472348266      
  0.750124956380044009208591413237273234      
  0.711732778085762024551456297820876525      
  0.669280642942865285417076224070453822      
  0.623346391919685572905566503274949075      
  0.575039798649073280274852578777977473      
  0.526173362776887041010738947217909010      
  0.479122687581501059549605797626353598      
  0.436399796330706245398877563363260704      
  0.400244222029734800028327987685520901      
  0.372486124558412712731576342690849809      
  0.354856212750672789107597411379849952      
  0.351605051893036947109874761383534855      
  0.359112518973137345253080894726726928      
  0.366494401110651121880803694138582025      
  0.373752900251646826761205758449142406      
  0.380890188314361995265901740030598930      
  0.387908405319845092902669103305531162      
  0.394809658041403510395945789648685530      
  0.401596019096488424824655845042430751      
  0.408269526412701892678830697784085948      
  0.414832183008236459871690091303066109      
  0.421285957032565964862450357429815889      
  0.427632782020830049935212448962005297      
  0.433874557320456334795026802680153305      
  0.440013148653995870851119852470936764      
  0.446050388786648892745907764283463680      
  0.451988078272035775494922461346011976      
  0.457827986252234702813477165681220859      
  0.463571851292846078980029436559920904      
  0.469221382236716477701859113604769822      
  0.474778259061052950589246591297553305      
  0.480244133728295866489985464468785874      
  0.485620631019365093252914673985822976      
  0.490909349343544129778686934316607509      
  0.496111861517495345878552932244188690      
  0.501229715510145510552924058395617631      
  0.506264435150416378488303977579015366      
  0.511217520790997093057983254082053774      
  0.516090449938335133790803904511129878      
  0.520884677833157134704674790228999871      
  0.525601637993102187453775494073413866      
  0.530242742713728132885339639203597308      
  0.534809383529085514648217621973495641      
  0.539302931634250240348432376161260092      
  0.543724738270497605872418404852840016      
  0.548076135075570270013315454548908794      
  0.552358434403188797963763778494332121      
  0.556572929606782116714731231133653499      
  0.560720895301304459434523854406281540      
  0.564803587594409346936789963703501031      
  0.568822244295728884160604769481332998      
  0.572778085104079419039923824165857453      
  0.576672311775620890930665090450222011      
  0.580506108274393321640317127065542555      
