   77.2255128904703275618690515679639898      
   76.9246408096232262808389805490721145      
   76.6096714240998451609307323039737367      
   76.2804838485870121048338211627406980      
   75.9369740584849410525998173714580007      
   75.5790525696194385780855464655173023      
   75.2066420885527915171410445216095447      
   74.8196751478897649699209061388715204      
   74.4180917363860002940944609301384809      
   74.0018369294623715888673281414251618      
   73.5708585218736879447094588005547436      
   73.1251046607309525084169241561950075      
   72.6645214737745782637824269030431696      
   72.1890506846903585031306401740629423      
   71.6986272042466284605539774157273891      
   71.1931766830740911897991399216242588      
   70.6726130088560706066958897743869865      
   70.1368357275119474456116191010278445      
   69.5857273644578835749765731762091424      
   69.0191506181472839669167432366677972      
   68.4369453936187896108301357031505516      
   67.8389256385728948746875029819731643      
   67.2248759383075889167578778796009021      
   66.5945478184180020167658977928968761      
   65.9476556951423560402664116717374776      
   65.2838724022180470580306406612157462      
   64.6028242095086998093158769890094458      
   63.9040852318039918831625299685259124      
   63.1871711051347802080957564814451020      
   62.4515317814588629003381148397899703      
   61.6965432590712314319965942297097112      
   60.9214980233606542816654149268037788      
   60.1255939176769028129998878874086021      
   59.3079210930207093077726834985422353      
   58.4674465924951229039633133585024950      
   57.6029960041574210353590862636737482      
   56.7132314530955434896549951304959820      
   55.7966249844432609287982144519087218      
   54.8514260907515248056144828400284321      
   53.8756217258663291230922649413504114      
   52.8668865726611143939054197436167613      
   51.8225205165133104876838407542126336      
   50.7393691005149542542461857449948167      
   49.6137210119852339295958443837581365      
   48.4411740642068542530228313912582431      
   47.2164571779208496040892915856908814      
   45.9331896508702554671645607156294846      
   44.5835489631266348859614278515902108      
   43.1578016104558373845918974632344733      
   41.6436224100105371956771481633564052      
   40.0250750343111260339705180976870017      
   38.2810255947573433518895530036731710      
   36.3825543126599436674671340593338646      
   34.2884696951008154578493123835993492      
   31.9368890665582716717513395133883046      
   29.2276119640094494078411325306354086      
   25.9789494658236168840363378885599187      
   21.7923504566916416024158313595153968      
   15.3515832856127918135377408044215089      
   8.32027960601161019902785396659684139E-0004
   1.55279622721598097869087636435018742E-0004
   1.20158889230478319932992812612783536E-0004
   1.07295342750330513270974666099885392E-0004
   9.76279365126013182463993069405086747E-0005
   8.88912017654545804217488972236740626E-0005
   7.88117357406924004949789506746385464E-0005
   9.25483392588351075769366179477807929E-0005
   8.68312888420756070292324390173711611E-0005
   7.36115860698844900808383236080474929E-0005
   6.61764474594922088156109691600427823E-0005
