 0.85241612091311E-05
 0.85242358010851E-05
 0.85243607661343E-05
 0.85245367376281E-05
 0.85247644351056E-05
 0.85250446399460E-05
 0.85253781714609E-05
 0.85257658633419E-05
 0.85262085410093E-05
 0.85267070005775E-05
 0.85272619900878E-05
 0.85278741935970E-05
 0.85285442190376E-05
 0.85292725917139E-05
 0.85300597574496E-05
 0.85309061024662E-05
 0.85318120004627E-05
 0.85327778993254E-05
 0.85338044591487E-05
 0.85348927489973E-05
 0.85360445027696E-05
 0.85372624260997E-05
 0.85385505386295E-05
 0.85399145302103E-05
 0.85413621071866E-05
 0.85429033055203E-05
 0.85445507506824E-05
 0.85463198493571E-05
 0.85482289039478E-05
 0.85502991468747E-05
 0.85525546971521E-05
 0.85550224462109E-05
 0.85577318832529E-05
 0.85607148725267E-05
 0.85640053959496E-05
 0.85676392744609E-05
 0.85716538808094E-05
 0.85760878552207E-05
 0.85809808337215E-05
 0.85863731971541E-05
 0.85923058470641E-05
 0.85988200129304E-05
 0.86059570935932E-05
 0.86137585343937E-05
 0.86222657403724E-05
