   18.7786855331590000848092430367807878      
   13.2955293881793539121888316345246866      
   10.8593957174084198542789643569662538      
   9.40546479495418595727676832983433362      
   8.41248914885994748400290673616732442      
   7.67903097483708175593002911521465330      
   7.10863432035585704681320254816058897      
   6.64855869578353617120766662834239415      
   6.26721510980924999207833745002014444      
   5.94437717543970710681075516331931073      
   5.66641457003794833271845015890126449      
   5.42376260087291169641687649989545061      
   5.20948529303413271140175352557336082      
   5.01841409160676335446647852639185514      
   4.84660811748910626910479249238641962      
   4.69100308974285090010658411714920089      
   4.54917560701151902063084883611006649      
   4.41918048931182494910534032900773319      
   4.29943581792432600274447201777487364      
   4.18863995382883615707147893139396529      
   4.08571050695064667882236449994489305      
   3.98973869573477107675202426470621364      
   3.89995470731085724874584855333728844      
   3.81570106073050838137683346848007501      
   3.73641188731356544859423209605233774      
   3.66159665047411539673552435696440172      
   3.59082724048234246979437476098499823      
   3.52372766470675818030405750672017531      
   3.45996575394955349795500296824549528      
   3.39924644818830784646337284578213720      
   3.34130632843675770711653771205400617      
   3.28590913761206747375059959088982841      
   3.23284209023762684345782617381645056      
   3.18191281398054337039922429065332979      
   3.13294679913740064162647832458913467      
   3.08578525791884626668212442780451804      
   3.04028331547322321405315556380050806      
   2.99630847042596240462608411281565665      
   2.95373927528063479282447862553912731      
   2.91246419696833723409710049462365803      
   2.87238062577907419215805128079062195      
   2.83339400721577439505818841751015108      
   2.79541707635905981455218429131758810      
   2.75836917832252459378182304801455640      
   2.72217566157249091618779369469539808      
