   84.7290503831216973642201309025508515      
   84.7260941869651993494979362441283613      
   84.7211561688949200767398673075420142      
   84.7142273681753654462852015657582394      
   84.7052985586833990965651381430398848      
   84.6943606635275423354342622486449402      
   84.6814042197024708136816621678222609      
   84.6664149161523432563206462124898654      
   84.6493606224617551371477191921497615      
   84.6301667707575436711231500369444206      
   84.6086790072955267776112982607986796      
   84.5846133414541892081709668867877611      
   84.5574979873344891331421317514530198      
   84.5266176352214825273579324905532302      
   84.4909742929361888371505495776850633      
   84.4492753595795271456493806501894028      
   84.3999514184639874761549018987069732      
   84.3411982053347050599477585897805223      
   84.2710326162110370030691942671268199      
   84.1873520085216465942367682355578378      
   84.0879881953023895453447205165469517      
   83.9707508158242058028195926157821462      
   83.8334579371372228495172116871660550      
   83.6739541333610007648151857835350466      
   83.4901177218021249119321789912982892      
