 0.26859175941275E-03
 0.26859428523846E-03
 0.26859851776418E-03
 0.26860448093539E-03
 0.26861223682496E-03
 0.26862211090907E-03
 0.26863525088167E-03
 0.26865424966861E-03
 0.26868341720369E-03
 0.26872861367576E-03
 0.26879684549710E-03
 0.26889585536282E-03
 0.26903382591253E-03
 0.26921920364254E-03
 0.26946059360579E-03
 0.26976667092480E-03
 0.27014607663106E-03
 0.27060729111813E-03
 0.27115849699980E-03
 0.27180745111632E-03
 0.27256138444377E-03
 0.27342694239987E-03
 0.27441017015707E-03
 0.27551654067227E-03
 0.27675101854010E-03
 0.27811815062836E-03
 0.27962217436180E-03
 0.28126713575338E-03
 0.28305701119915E-03
 0.28499582915169E-03
 0.28708778975036E-03
 0.28933738219112E-03
 0.29174950100808E-03
 0.29432956360776E-03
 0.29708363237756E-03
 0.30001854565939E-03
 0.30314206290021E-03
 0.30646303056183E-03
 0.30999157703436E-03
 0.31373934709727E-03
 0.31771978973708E-03
 0.32194851782542E-03
 0.32644376506998E-03
 0.33122697590662E-03
 0.33632357962522E-03
 0.34176402424265E-03
 0.34758518427173E-03
 0.35383231992301E-03
 0.36056187293355E-03
 0.36784557437085E-03
 0.37577669136441E-03
 0.38447992572575E-03
 0.39412790377992E-03
 0.40497039636811E-03
 0.41739026487744E-03
 0.43202153955268E-03
 0.45002942072640E-03
 0.47384003829132E-03
 0.50891073526313E-03
 0.57119060344221E-03
 0.84318664895738E-03
 0.16299056267810E+02
