   18.7786855331590000848092430367807878      
   13.2955293881793539121888299206996997      
   10.8593957174084197262736828037481010      
   9.40546479495311370854566221817018969      
   8.41248914861428445654043341439728952      
   7.67903096560491721534355729303159773      
   7.10863419561639723290361559369005537      
   6.64855780670233308342940368369296069      
   6.26721095641615526831861883615951222      
   5.94436266758052334165990972048585122      
   5.66637336710383405300676501877670688      
   5.42366215330263121382618606770671213      
   5.20926752205197350458859519884375014      
   5.01798425280436920681540182798942524      
   4.84582304367064007369905559831318054      
   4.68966032692435317905396536986757773      
   4.54700479629165933350322331735802354      
   4.41583783542139065588982296231910930      
   4.29450186784897957592975620263648899      
   4.18162038826444309687528589977634768      
   4.07603931975404311591492213402313835      
   3.97678300649465246684731726674914979      
   3.88302047320758033908879021962499802      
   3.79403906444120139107047668511749680      
   3.70922352410051356967661685932778067      
