   5.75680180862328832789351820703013421      
   5.75669425692907361772361239387902961      
   5.75651514666352854602816251982383796      
   5.75626476313267428464808750788254207      
   5.75594350843090283809394642512467147      
   5.75555190161053632275976177761842706      
   5.75509057435961425215278591539587938      
   5.75456026206945910413624203629340697      
   5.75396179115339852872307330664013476      
   5.75329606404587419654835378090917689      
   5.75256404478605540342894861507478277      
   5.75176675015520910250636981814860130      
   5.75090525422222616469059809751700913      
   5.74998071555886754101197938000744066      
   5.74899443566702037109669984625392091      
   5.74794795406502063069392314385948051      
   5.74684318122832611408209455906555989      
   5.74568256607806437797994427059215576      
   5.74446929086078578294071996205120695      
   5.74320748292818924273597386028992245      
   5.74190243062689110156139138301495498      
   5.74056078901839623184133283507209377      
   5.73919076111377220381201671073595259      
   5.73780224121111868965107735539389991      
   5.73640690946508170403546434445565692      
   5.73501826992768062933812477168558286      
   5.73365162816404660478911950974379290      
   5.73232400855417208985893855380432845      
   5.73105401494435181348436332173829028      
   5.72986164142554485281456092547181819      
   5.72876804226665862726345540196818228      
   5.72779527143074223809298155905060143      
   5.72696600262607125101296712513407082      
   5.72630324074192678322904894966073100      
   5.72583003459829407387832732798156032      
   5.72556919988033200866403406607021870      
   5.72554305945129549026233481031000486      
   5.72577320678341632584646810627554422      
   5.72628029648716500115940507533248172      
   5.72708386441136655738686058238502732      
   5.72820217847324742383913076977642407      
   5.72965212008151964265664147006231398      
   5.73144909513328927487077468657233327      
   5.73360697279682004109983238271819286      
   5.73613804973534172321688868940185693      
   5.73905303712916883210067448983059640      
   5.74236106760002255242915131089703112      
   5.74606971913756931320597828064234247      
   5.75018505316778042843738159828785995      
   5.75471166405676532233360368884941036      
   5.75965273743339806853287550210393646      
   5.76501011514157212870364953962518786      
   5.77078436463551827976518725077196002      
   5.77697485109594524098038621732347146      
   5.78357981064098288790470028469178561      
   5.79059642335547787015439471720880777      
   5.79802088498644719633691624869671158      
   5.80584847642955342383961070448833440      
   5.81407363026384046633059918616136388      
   5.82268999377515555373898406693033824      
   5.83169048799256242686907405572831771      
   5.84106736244187867654808900393270112      
   5.85081224534902870789147213217988771      
   5.86091618915419060790466161650503763      
   5.87136971112350090313493247693302008      
   5.88216282912339737990972958206395436      
   5.89328509227995583466224556057276873      
   5.90472560667509884473985560282102238      
   5.91647305581764579580074083019838620      
   5.92851571585676436963954035166453771      
   5.94084146539285203753770646769814437      
   5.95343778964713069772760942850369685      
   5.96629177870110977518436639019937253      
   5.97939011942434977825637602634815828      
   5.99271908060929942748229136629778616      
   6.00626449058378053618670172493282831      
   6.02001170651454122668218515081552192      
   6.03394557430437445662459584482867329      
   6.04805037764999570771030704666545649      
   6.06230977457529812463368812459834146      
   6.07670671916211684022719714848205803      
   6.09122336565312456374005738406491571      
   6.10584095128248075764864150065019860      
   6.12053965319407768075572719142691197      
   6.13529841335215454068357465349322080      
   6.15009472361300883648464827702725422      
   6.16490436060099777950589097375557817      
   6.17970105651609916744968398873956661      
   6.19445608747692819293574072476803350      
   6.20913775404062968848576175541394282      
   6.22371071906124589698700266683296518      
   6.23813515395872142404954868467270166      
   6.25236562333049925303083772997736833      
   6.26634960605912116776713450163778655      
   6.28002550095132840938650111600392291      
   6.29331988495846102590892592394388676      
   6.30614365966505269091391929580900218      
   6.31838649532951453215936492964929827      
   6.32990857904266227126285233801217802      
   6.34052792432613850933456746168309669      
   6.35000003048206411490551807532944520      
   6.35798361368765076006485709001469648      
   6.36397922204598447902877739158559224      
   6.36721036731948474110916094879829839      
   6.36636803814732128993996013419973932      
   6.35897208905236992744657524333474779      
   6.33933392804404432644435654489635835      
   6.28807605946513778761439716003733285      
   6.53812917893095462007401656430903491      
   6.80246907072336900392648336797881816      
   6.92121434406107138258084053260031220      
   7.01458479392160169896439617615766850      
   7.09700871002150107232105063523687631      
   7.17330594776557142898365829230522825      
   7.24560881705620396700583243865409401      
