   235.280623255560065767173916372200344      
   235.267416041613366799044398618009633      
   235.245371159244097756232513493127752      
   235.214474221392287767577563051731496      
   235.174715626896190100602564863944159      
   235.126092373665224495306614526976693      
   235.068609559852913679797602089792346      
   235.002281523871114438948621857675904      
   234.927132598637255209650921990325354      
   234.843197486739415717502990618879112      
   234.750521275041342359648612450914084      
   234.649159082941011116860571604270048      
   234.539175259054200052499926449964573      
   234.420641911685639883066929296490929      
   234.293636405634395316468653826226835      
   234.158237355988253909724745267161964      
   234.014518685230724028365770443142625      
   233.862541538169178931399453909075621      
   233.702344234443261771263897764494103      
   233.533930875404577650518369489715345      
   233.357259572623130999399876935826020      
   233.172231432478041500431064896497290      
   232.978681380024392314202704074527809      
   232.776371669863757282771140511220444      
   232.564988585500730454319944616505431      
   232.344142451214898290534013869619647      
   232.113370745060649034179128270709352      
   231.872143845926744922956881999113453      
   231.619872792782684181263233523687878      
   231.355918373936571068835771164735268      
   231.079600881691897890400342893114722      
   230.790209941510752676037522260843726      
   230.487013929113909076699046935954049      
   230.169268608606076337358845886801378      
   229.836224740290522048920848698052118      
   229.487134512427227786754889237411020      
   229.121256738341036226162119506190039      
   228.737860830270295693031461689288676      
   228.336229611420075483778429683932257      
   227.915661061577952124659250540772030      
   227.475469112211667868429649932236237      
   227.014983615638167744901693284642297      
   226.533549613372508059509797281702392      
   226.030526023510361817845890292106491      
   225.505283857660224027859307698018877      
   224.957204065401000158558281134528664      
   224.385675092199523628130782941926625      
   223.790090222496688162501621703510610      
   223.169844766479906582826740711492234      
   222.524333137179795075883958137593580      
   221.852945852521321369821371571691591      
   221.155066486135971529001785901915486      
   220.430068582085563679821279531784451      
   219.677312539353998152939860858813370      
   218.896142464971015967175640939247013      
   218.085882987912520990748754032219406      
   217.245836019827499266034046917165977      
   216.375277443677827096236527091926394      
   215.473453706197594051789174313483888      
   214.539578285716632516160365636163601      
   213.572828002167042341808491224782585      
   212.572339132052392717539554316663086      
   211.537203285772679213808498414912986      
   210.466463000059087066664871051281240      
   209.359106992490330819818633830062462      
   208.214065017677188946058897615357542      
   207.030202258052733728482400950311632      
   205.806313171936958637198845046482257      
   204.541114711226146899572583767703912      
   203.233238807600452332093407726410340      
   201.881224009909721272755436178394770      
   200.483506136503701694513017405621153      
   199.038407782235741563593514937266919      
   197.544126490886040951795145928257470      
   195.998721368734829337152779131192197      
   194.400097870436408637816115419846788      
   192.745990434445050552360270462071059      
   191.033942577419543234275403447302454      
   189.261283971872000278015770794642832      
   187.425103923445874650540922928424352      
   185.522220529096442704650307824232890      
   183.549144621187217846561618235772826      
   181.502037378304541948936532275486938      
   179.376660189738884869945751532115553      
   177.168314974753417287718643071447957      
   174.871772647577434374251597939290661      
   172.481186732760316913457053304300253      
   169.989988206324663402246694386014568      
   167.390756361854524463543260772628441      
   164.675058724313091618469788477817437      
   161.833250526262058160913612520582428      
   158.854220660754146489523976185704568      
   155.725065768993818713093102542991190      
   152.430666290402859176009616138239891      
   148.953126389662591566484804151339446      
   145.271021097595998837839891465179409      
   141.358364232182415992066547209550337      
   137.183161421194549389660942423259852      
   132.705328057790112303609338491218052      
   127.873600634925818949412621859833748      
   122.620784157420617309539998238570193      
   116.856103441237683590706921934387087      
   110.452173893212786557662936032621186      
   103.221092045903584233888612862422866      
   94.8658857360336567975295832274854453      
   84.8666641250998171438411187765747550      
   72.1475566995409652673224955918379490      
   53.6030131089689796822364789809660357      
   4.09588437962626174530048284402188805E-0004
   4.08495224091961093173605723470188335E-0004
   3.93679796466774739047034157965833760E-0004
   3.69637875854178706611549581934738640E-0004
   3.44104690107111158528948859160115212E-0004
   3.17140888696713897754444359192695779E-0004
   2.89955649776442005757480725691902639E-0004
   3.20949535821856476159176113979083878E-0004
   3.95400197774342613587277806154544880E-0004
   2.84355888606656983953209660349445238E-0004
   2.54671597748924526642381048226708449E-0004
   2.31951484903772114815445534084324860E-0004
   2.15876878020517581114552996987431016E-0004
   1.99994648424790646699853131445540402E-0004
   1.83756077596439860518847133366923611E-0004
   1.63147633960455219420980903827936401E-0004
   6.03669933111967150737269528770395909E-0005
   6.06072208071742099579401187433808214E-0005
   6.08434274564476355393185146921642258E-0005
   6.10755687887840391090640835939735245E-0005
   6.13036041902464527022769857109730258E-0005
   6.15274969125320817920535031743548565E-0005
   6.17472140736936547899596821346361392E-0005
   6.19627266502745619283241034595817485E-0005
   6.21740094610738417597138674758271708E-0005
   6.23810411428609416619323276294569973E-0005
   6.25838041180783607321291085111309968E-0005
   6.27822845549421696372024213829805038E-0005
   6.29764723201779571241057732433418988E-0005
   6.31663609247477073672295228388412302E-0005
   6.33519474628496552298277596114536719E-0005
   6.35332325446352898233911218395390175E-0005
