 0.26859175772073E-03
 0.26859428185392E-03
 0.26859851268248E-03
 0.26860447292238E-03
 0.26861218849509E-03
 0.26862168750637E-03
 0.26863299919130E-03
 0.26864615284940E-03
 0.26866117681985E-03
 0.26867809756382E-03
 0.26869693897476E-03
 0.26871772215590E-03
 0.26874046607886E-03
 0.26876518968333E-03
 0.26879191603181E-03
 0.26882067905060E-03
 0.26885153317185E-03
 0.26888456585548E-03
 0.26891991256691E-03
 0.26895777338334E-03
 0.26899843008623E-03
 0.26904226243173E-03
 0.26908976230613E-03
 0.26914154465492E-03
 0.26919835437578E-03
 0.26926106873448E-03
 0.26933069523031E-03
 0.26940836517095E-03
 0.26949532347610E-03
 0.26959291540868E-03
 0.26970257103012E-03
 0.26982578819963E-03
 0.26996411490687E-03
 0.27011913164894E-03
 0.27029243446211E-03
 0.27048561910045E-03
 0.27070026673591E-03
 0.27093793143747E-03
 0.27120012958419E-03
 0.27148833127658E-03
 0.27180395373512E-03
 0.27214835661607E-03
 0.27252283913087E-03
 0.27292863882449E-03
 0.27336693184977E-03
 0.27383883456754E-03
 0.27434540630031E-03
 0.27488765307529E-03
 0.27546653220370E-03
 0.27608295755653E-03
 0.27673780541491E-03
 0.27743192079147E-03
 0.27816612413630E-03
 0.27894121836097E-03
 0.27975799613168E-03
 0.28061724739975E-03
 0.28151976715524E-03
 0.28246636340450E-03
 0.28345786538884E-03
 0.28449513207580E-03
 0.28557906097012E-03
 0.28671059730539E-03
 0.28789074369442E-03
 0.28912057033149E-03
 0.29040122585795E-03
 0.29173394902400E-03
 0.29312008130019E-03
 0.29456108062087E-03
 0.29605853647191E-03
 0.29761418657276E-03
 0.29922993544857E-03
 0.30090787524176E-03
 0.30265030918027E-03
 0.30445977820253E-03
 0.30633909134028E-03
 0.30829136059010E-03
 0.31032004116361E-03
 0.31242897820961E-03
 0.31462246135976E-03
 0.31690528878206E-03
 0.31928284285124E-03
 0.32176118010669E-03
 0.32434713889830E-03
 0.32704846909416E-03
 0.32987398952785E-03
 0.33283378062534E-03
 0.33593942207212E-03
 0.33920428873739E-03
 0.34264392279427E-03
 0.34627650671942E-03
 0.35012347164150E-03
 0.35421028996793E-03
 0.35856752299576E-03
 0.36323222774001E-03
 0.36824988006773E-03
 0.37367705684977E-03
 0.37958526281270E-03
 0.38606653497546E-03
 0.39324190244285E-03
 0.40127461850163E-03
 0.41039175574832E-03
 0.42092132711008E-03
 0.43336038531008E-03
 0.44851095077318E-03
 0.46778413014556E-03
 0.49400146131779E-03
 0.53412730423591E-03
 0.61466867220852E-03
 0.15832417447665E+01
 0.82208500746688E+01
 0.13738578684362E+02
 0.18901718573461E+02
 0.23886465036584E+02
 0.28774556966611E+02
 0.33616784450414E+02
 0.38451812750972E+02
 0.43312667585468E+02
 0.48227374932493E+02
 0.53215965255339E+02
 0.58285799982347E+02
 0.63427226601179E+02
 0.68610417668604E+02
 0.73781606490009E+02
 0.78849475991686E+02
 0.83579593454316E+02
 0.88104147075618E+02
 0.92579267502397E+02
 0.97003643179978E+02
 0.10137649442194E+03
 0.10569745397259E+03
 0.10996646511495E+03
 0.11418369763284E+03
 0.11834948034714E+03
 0.12246424820180E+03
 0.12652850164786E+03
 0.13054277614121E+03
 0.13450761978253E+03
 0.13842357739980E+03
 0.14229117965133E+03
 0.14611093598642E+03
