   117.556394999999999999999999999999994      
   117.557185312734713582949940377339863      
   117.557259739870408340561090911501455      
   117.557341176128295382464129094750659      
   117.557430281587436569325945204831069      
   117.557527778489366601348971252399899      
   117.557634457092199371279034394174829      
   117.557751182076040589941846270863703      
   117.557878899551625557625702048809175      
   117.558018644728990377333427013443140      
   117.558171550308334786513091702241274      
   117.558338855661088485635640164827768      
   117.558521916875597811916341845547202      
   117.558722217748857759860938433050638      
   117.558941381813382491526348629706522      
   117.559181185496697762300492592377550      
   117.559443572520119119804072418783373      
   117.559730669653524725904126725169951      
   117.560044803953822624179027322630634      
   117.560388521626838314472706853886457      
   117.560764608665507079110738348988613      
   117.561176113431653288408183172470879      
   117.561626371364392597062783167241936      
   117.562119032015430218893728010096070      
   117.562658088630389051360655366761887      
   117.563247910515938187258021599477244      
   117.563893278455072569592781232136422      
   117.564599423457601240179881371356261      
   117.565372069159935062276408257218390      
   117.566217478217844081247776910358079      
   117.567142503068219578784284612435766      
   117.568154641471288708187835821875990      
   117.569262097283477408337845967968116      
   117.570473846953514151294827325741995      
   117.571799712280756629521896679839704      
   117.573250440025481742465059336140205      
   117.574837789016417618183772093916485      
   117.576574625461565068447238807180907      
   117.578475027234847383719594783984782      
   117.580554397983880672603943545431609      
   117.582829591983761738202183922253940      
   117.585319050748871995613300948288838      
   117.588042952510000169038708582892900      
   117.591023375768365949203329450746672      
   117.594284478252226675819333950243277      
   117.597852692726594268685963308168190      
   117.601756941243191993295679423952127      
   117.606028869567247438713561620822818      
   117.610703103681260805458133017395248      
   117.615817530444831839580615542296906      
   117.621413604685424933089404047697299      
   117.627536685209187060192026624063289      
   117.634236402455343809884540408053230      
   117.641567060774184815981766573709262      
   117.649588078589290315395671441766387      
   117.658364470011720106630133157626559      
   117.667967371809873775707784332568647      
   117.678474620006360043108336819304869      
   117.689971380775463268121586049043179      
   117.702550840754926952679804065527668      
   117.716314962367354989929795813849648      
   117.731375310273464842605009287657311      
   117.747853955655983855311704695816058      
   117.765884465663833768181387838241377      
   117.785612986036512573382452562236169      
   117.807199425683852054764943799261328      
   117.830818752822725485493124978922002      
   117.856662413176501357132204764262204      
   117.884939881732414814792426821609701      
   117.915880360634578031457906487868677      
   117.949734636974848642401184713150652      
   117.986777115539822488489468327352239      
   118.027308042990318355012172750827058      
   118.071655941501372517611401206712665      
   118.120180271588536570927468868456935      
   118.173274345703934486654262550199241      
   118.231368516218141351362171365274963      
   118.294933663627971999646278457456000      
   118.364485013263739556737096678238695      
   118.440586311432186166838786937563369      
   118.523854394844682873386546756513200      
   118.614964190368057165416020354482606      
   118.714654185623373412644767553728962      
   118.823732414774434886624881794258258      
   118.943083008023630370621758445648392      
   119.073673357901860754228486716370756      
   119.216561960438686288892567337382386      
   119.372906994769055871910682359265190      
   119.543975710718354533146307737847503      
   119.731154700456548490552120008919030      
   119.935961137478001783951116383208713      
   120.160055074004166717620524019826190      
   120.405252896485364109832753857015221      
   120.673542048264805591579660658244415      
   120.967097138738954437750336070561687      
   121.288297569586524471953097483393211      
   121.639746820934969367206133198069291      
   122.024293553787886495952232427023274      
   122.445054699758405978850473486014576      
   122.905440725261682591517067719105352      
