 0.23062893483226E-03
 0.88555252914215E-04
 0.86801067070303E-04
 0.85079415943096E-04
 0.83389854934601E-04
 0.81731927066984E-04
 0.80105165381226E-04
 0.78509095083666E-04
 0.76943235464046E-04
 0.75407101606856E-04
 0.73900205915965E-04
 0.72422059470875E-04
 0.70972173231325E-04
 0.69550059105543E-04
 0.68155230896021E-04
 0.66787205135485E-04
 0.65445501824525E-04
 0.64129645081307E-04
 0.62839163712816E-04
 0.61573591716181E-04
 0.60332468717845E-04
 0.59115340357607E-04
 0.57921758623901E-04
 0.56751282146094E-04
 0.55603476449019E-04
 0.54477914174581E-04
 0.53374175274654E-04
 0.52291847179306E-04
 0.51230524943900E-04
 0.50189811378377E-04
 0.49169317161692E-04
 0.48168660944174E-04
 0.47187469440285E-04
 0.46225377514094E-04
 0.45282028259529E-04
 0.44357073077303E-04
 0.43450171750244E-04
 0.42560992518508E-04
 0.41689212156058E-04
 0.40834516049549E-04
 0.39996598280564E-04
 0.39175161711959E-04
 0.38369918078834E-04
 0.37580588084376E-04
 0.36806901500568E-04
 0.36048597273404E-04
 0.35305423631897E-04
 0.34577138199743E-04
 0.33863508108039E-04
 0.33164310106882E-04
 0.32479330673096E-04
 0.31808366110621E-04
 0.31151222639353E-04
 0.30507716467399E-04
 0.29877673840811E-04
 0.29260931063969E-04
 0.28657334482830E-04
 0.28066740422398E-04
 0.27489015068954E-04
 0.26924034286951E-04
 0.26371683360147E-04
 0.25831856646500E-04
 0.25304457136860E-04
 0.24789395908597E-04
 0.24286591467171E-04
 0.23795968971380E-04
 0.23317459341789E-04
 0.22850998256575E-04
 0.22396525044908E-04
 0.21953981494693E-04
 0.21523310599103E-04
 0.21104455274196E-04
 0.20697357087855E-04
 0.20301955047377E-04
 0.19918184498787E-04
 0.19545976194289E-04
 0.19185255584781E-04
 0.18835942391907E-04
 0.18497950510588E-04
 0.18171188293716E-04
 0.17855559289097E-04
 0.17550963563033E-04
 0.17257299912243E-04
 0.16974469650025E-04
 0.16702383487632E-04
 0.16440974843237E-04
 0.16190227033126E-04
 0.15950232136633E-04
 0.15721329196860E-04
 0.15504473945019E-04
 0.15302474835452E-04
 0.15126378183876E-04
