   2.77114394359377254682851687513126878E-0003
   2.32833388494231410758228739623751764E-0002
   2.42517889686755513374016321982239322E-0002
   2.52606279509646841761692370568659580E-0002
   2.63115502077557015281981560235376999E-0002
   2.74063258651828551969297323938487376E-0002
   2.85468041561731114021556701310259337E-0002
   2.97349169828582808224160883813132050E-0002
   3.09726826573412080016957501994794975E-0002
   3.22622098291317534953863326748816336E-0002
   3.36057016078087717854472880486361572E-0002
   3.50054598896883544161516860819858535E-0002
   3.64638898974784238429612447598321927E-0002
   3.79835049420660984408622579443781246E-0002
   3.95669314157062411215714244879675959E-0002
   4.12169140259439562331199241209573790E-0002
   4.29363212795970333022128678264096882E-0002
   4.47281512260248140486419550340138813E-0002
   4.65955374687014215110536505219451734E-0002
   4.85417554537646837605042566050495917E-0002
   5.05702290437005605084012322569505700E-0002
   5.26845373836111704779524932828267655E-0002
   5.48884220665634486797483532345857268E-0002
   5.71857946032662977307089004508896699E-0002
   5.95807441998313095899590511467486163E-0002
   6.20775458451286857388104949866831958E-0002
   6.46806687072586641262600165579751068E-0002
   6.73947848351584433057691496119460000E-0002
   7.02247781580255422104464852588334698E-0002
   7.31757537707050029533330752791821642E-0002
   7.62530474879141947201470941584194738E-0002
   7.94622356438761876507520985804354190E-0002
   8.28091451064581629248235319907677155E-0002
   8.62998634661071809459080128741479506E-0002
   8.99407493495371478555318472776899939E-0002
   9.37384427960728713754228131589224870E-0002
   9.76998756204755250633042247626316017E-0002
  0.101832281670024143639902373068274617      
  0.106143206864687747634498408890518413      
  0.110640518888125139824057756931560866      
  0.115332416372671649822431262788546600      
  0.120227437394023998443592894947438105      
  0.125334467060162432493822206247996677      
  0.130662743944384164647958231452463892      
  0.136221865073794256366969756130861252      
  0.142021789142295520972215840292798300      
  0.148072837571084402042395103734242193      
  0.154385692990489519278375206323462423      
  0.160971394664558514287263685295646262      
  0.167841330326100913546173922832578344      
  0.175007223835150113390267314995354839      
  0.182481118020672726677210145467293409      
  0.190275352015754738564332973167329484      
  0.198402532353936110547464498524950110      
  0.206875497062502251558891499626240445      
  0.215707271972497134490345801872625975      
  0.224911018470190719525903594813589298      
  0.234499971947669267819166219254142762      
  0.244487370277849199344564855680152917      
  0.254886371749127286166011432789543827      
  0.265709962054275025266344737097690876      
  0.276970850143678058894774614500953411      
  0.288681353029044432118990757075026179      
  0.300853269962591957760842526368464389      
  0.313497746815396633941196826290371639      
  0.326625131929793235745756923364408180      
  0.340244825208559095682141023120612510      
  0.354365122705216683748397925160580224      
  0.368993059462093080749764542025805235      
  0.384134253765609859563627525170515175      
  0.399792756302439495589792194920076674      
  0.415970907855160310024311844912809988      
  0.432669209121307351611940793403436093      
  0.449886205936489136609160585246060778      
  0.467618392608934837964495942207088256      
  0.485860135236911801035806128414533004      
  0.504603615815901690146347187001814378      
  0.523838796689304764366031243197461984      
  0.543553403425501207372647748447270182      
  0.563732922223271723599922049527139448      
  0.584360604478873104937922555193327454      
  0.605417463645273862737843757162639820      
  0.626882232090695389987998466299244703      
  0.648731205439497280584623067703416411      
  0.670937810783655586919003538940380126      
  0.693471528971410702946045277438642581      
  0.716295317947077423859887106161362288      
  0.739359457532492483357566262811400226      
  0.762586194427042223386987278290980014      
  0.785827255249750796795822090234946416      
  0.808719931981984942342518474147463865      
  0.829946021701368518882565727934180940      
