 0.26859175772073E-03
 0.26859428185392E-03
 0.26859851268258E-03
 0.26860447300176E-03
 0.26861219291208E-03
 0.26862175357525E-03
 0.26863346451967E-03
 0.26864819671054E-03
 0.26866772437289E-03
 0.26869490960976E-03
 0.26873369169443E-03
 0.26878894914812E-03
 0.26886632066676E-03
 0.26897203586948E-03
 0.26911276787316E-03
 0.26929549918129E-03
 0.26952738957825E-03
 0.26981564096397E-03
 0.27016736183358E-03
 0.27058943937508E-03
 0.27108842877600E-03
 0.27167046787194E-03
 0.27234122199690E-03
 0.27310586014566E-03
 0.27396906029453E-03
 0.27493503947293E-03
 0.27600760304812E-03
 0.27719020752126E-03
 0.27848603166193E-03
 0.27989805174030E-03
 0.28142911770703E-03
 0.28308202825115E-03
 0.28485960363903E-03
 0.28676475605649E-03
 0.28880055783931E-03
 0.29097030850862E-03
 0.29327760195602E-03
 0.29572639549397E-03
 0.29832108283994E-03
 0.30106657348035E-03
 0.30396838131421E-03
 0.30703272605259E-03
 0.31026665162043E-03
 0.31367816685138E-03
 0.31727641520278E-03
 0.32107188221436E-03
 0.32507665223174E-03
 0.32930472988737E-03
 0.33377244753640E-03
 0.33849898818070E-03
 0.34350706578797E-03
 0.34882382368114E-03
 0.35448204075219E-03
 0.36052178149048E-03
 0.36699270140903E-03
 0.37395734707095E-03
 0.38149601320391E-03
 0.38971412626526E-03
 0.39875389989882E-03
 0.40881356599289E-03
 0.42018079538129E-03
 0.43329438441550E-03
 0.44886609301557E-03
 0.46813942671054E-03
 0.49349258715392E-03
 0.53021665770348E-03
 0.59524822854556E-03
 0.86366988761150E-03
 0.12558211240114E+02
 0.22747227130089E+02
 0.31593959369410E+02
 0.39776824993513E+02
 0.47640512245566E+02
 0.55445248128441E+02
 0.63448482937041E+02
 0.71914314023721E+02
 0.81041926917814E+02
 0.90868115490540E+02
 0.10123168288232E+03
 0.11180018935697E+03
 0.12210729186876E+03
 0.13156692548463E+03
 0.13940344453818E+03
 0.14391550195561E+03
 0.14703442608074E+03
 0.15017808616840E+03
 0.15333612005729E+03
 0.15649923567246E+03
 0.15965926024091E+03
 0.16280913193061E+03
 0.16594284855670E+03
 0.16905538740424E+03
 0.17214260838518E+03
 0.17520115031072E+03
 0.17822832751686E+03
 0.18122203175799E+03
 0.18418064235119E+03
 0.18710294606597E+03
 0.18998806718617E+03
 0.19283540746088E+03
 0.19564459522854E+03
 0.19841544277696E+03
 0.20114791091699E+03
 0.20384207975867E+03
 0.20649812474374E+03
 0.20911629708125E+03
 0.21169690783814E+03
 0.21424031504130E+03
 0.21674691324601E+03
 0.21921712511463E+03
 0.22165139462747E+03
 0.22405018161449E+03
 0.22641395735344E+03
 0.22874320102728E+03
 0.23103839687345E+03
 0.23330003188867E+03
 0.23552859398094E+03
 0.23772457048063E+03
 0.23988844694025E+03
 0.24202070616695E+03
 0.24412182744187E+03
 0.24619228589183E+03
 0.24823255198273E+03
 0.25024309111282E+03
 0.25222436328729E+03
 0.25417682285919E+03
 0.25610091832515E+03
 0.25799709216633E+03
 0.25986578072694E+03
 0.26170741412428E+03
 0.26352241618528E+03
 0.26531120440546E+03
 0.26707418992697E+03
 0.26881177753309E+03
 0.27052436565671E+03
 0.27221234640108E+03
 0.27387610557108E+03
 0.27551602271363E+03
 0.27713247116619E+03
 0.27872581811231E+03
