   1.84051563690825564413742632622864020      
   1.84058440985859408978777908943491926      
   1.84069894883878372208590254438101456      
   1.84085908315503502740042468471335125      
   1.84106451971666057075642857100592064      
   1.84131427536030746814338907512340534      
   1.84160445967503735065489286100824472      
   1.84192423389343103274507550561744735      
   1.84225188247695726003790159158115019      
   1.84255307823973540390793997452908143      
   1.84278177962291201302944136638409765      
   1.84288281957805467388232584739492386      
   1.84279489116603456966998174542974354      
   1.84245299544438973289653907766809169      
   1.84179001187407865048947037035685870      
   1.84073754705524633530185496614242416      
   1.83922646499046646820572724228992275      
   1.83718750352566790811788199534568411      
   1.83455222893647331319469273659315457      
   1.83125438352356994170034566581108182      
   1.82723152028731819549232539598155958      
   1.82242673089944484766348163405542048      
   1.81679025815513529662010520888456352      
   1.81028082134339175319585248571067237      
   1.80286654614732126158357976431739908      
   1.79452545784277389330385755217709224      
   1.78524555298560897012274461339498237      
   1.77502450407710500447953677662858186      
   1.76386907326203170920491330416413819      
   1.75179431767355513832247953807002547      
   1.73882266499229891642215880110427447      
   1.72498292721825491286786213285722008      
   1.71030930731432919478534282513687229      
   1.69484043946120772703934916067367876      
   1.67861849100324226218549709225546417      
   1.66168834347253774162976730868055028      
   1.64409686155426099437207000613644086      
   1.62589225251401759707399161391116297      
   1.60712351418567392097246030148663097      
   1.58783996672238102111125757941540843      
   1.56809086173216541912709383631839251      
   1.54792506168015730811515216891487118      
   1.52739078246513006234613465354858338      
   1.50653539262480075167887550114381136      
   1.48540526341225071197235574160035150      
   1.46404566519735449066889135134429009      
   1.44250070698048915801786092463055691      
   1.42081331749295147054720499798371696      
   1.39902526829028633936187122619287776      
   1.37717724175164956459331060806153720      
   1.35530895002265908750859369834447998      
   1.33345931541032097742585021467439613      
   1.31166672885038082772135079653760935      
   1.28996941241710933317611763769846433      
   1.26840592615285543257658614531519464      
   1.24701588258433009602845656122932581      
   1.22584097107837734662344891034749692      
   1.20492646264044545100090032626478592      
   1.18432349390868002034727585257912005      
   1.16409268898575156388699799909863654      
   1.14431026069150135606130530422168171      
   1.12507922462880370080272861010795326      
   1.10655280515836256340007789686730663      
   1.08899224114866855623007657775570934      
   1.07293275577127239954682522790781609      
   1.05967126373434109894491978633440012      
   1.05303559540211690030911460545646243      
   1.08688315373605003837086617102820026      
  0.900669257359436774981743543449976356      
