   218.971009106076354215630901014775813      
   218.051007955516392695442717970949079      
   217.093687919980723148223549044165158      
   216.098177154430425382549071544161522      
   215.063569032980335703103724445941068      
   213.988915677119877397135732564565580      
   212.873221136517310755312729846646344      
   211.715434177371636152257931391483959      
   210.514440619006584244150953232444571      
   209.269055143863451278663629793740341      
   207.978012488872217886055456909731218      
   206.639957906900613592160858509294438      
   205.253436764850831610856997030949980      
   203.816883119283461610853270341013015      
   202.328607080036777069389639787745827      
   200.786780735927522238444624016709930      
   199.189422372490366673604777438362764      
   197.534378657690417318159232687317349      
   195.819304404749886287745099458381146      
   194.041639437936748769285117652797122      
   192.198581982468559116520962470026068      
   190.287057866987522180523890145909143      
   188.303684657553692130766991324080881      
   186.244729623758187548404589718136864      
   184.106060153844765861601474532492938      
   181.883084863745129251309433500016210      
   179.570683152375338249330479790981373      
   177.163120296581578424939895329133963      
   174.653944287540097962836728322731900      
   172.035859389433685146897453284937449      
   169.300569707088849783446158996560490      
   166.438583664817656433893525363905170      
   163.438966890132100611665746453533406      
   160.289026039496766343989986595974647      
   156.973898759100364701158936390681064      
   153.476013862005147566040512448788536      
   149.774368594598222302738098126465939      
   145.843542502518363401529586646958804      
   141.652322567327851037122415596184298      
   137.161738193931328228224819546428329      
   132.322170063907940594940860986694465      
   127.068946770908534020350723232534374      
   121.315349065205652780387415883095644      
   114.940888044354212277393534356261975      
   107.770250133229714425758621563480281      
   99.5317359668972641236917661170894295      
   89.7635641708795668399355874161447257      
   77.5563559794392757506880805218389051      
   60.5548659864214965929397676078559981      
   23.3231563449317522224221735557080659      
   7.17429033277536953232606007938239113E-0004
   4.16339454015712077956602606348349246E-0004
   3.56439095831823407285074875425875983E-0004
   3.17225901828672903206396166529752278E-0004
   2.79190139933719161548292515657093675E-0004
   2.40846983100366526281035024655473045E-0004
   2.49125234997907099247386012401260757E-0004
   3.17038499668911668752818236293701184E-0004
   3.84055360115802909012408104191820181E-0004
   2.91229492621118249467576910315160951E-0004
   2.52864557982871167640973759504343625E-0004
   2.29199006425827108498823212236745378E-0004
   2.10754226289769598326881148625553780E-0004
   1.92240869579145544572158985332295194E-0004
   1.69515776801102986813093820521028901E-0004
   6.30006997008600506531419893170202398E-0005
   6.31598285626201447026378029222191052E-0005
   6.33251977012607095211033490006980722E-0005
   6.34942175589522155773037013541881174E-0005
   6.36650399960839222095545842881559011E-0005
