   3.29039439414039510140610552767873348E-0002
   3.30696409905740186474007956049304258E-0002
   3.32909187709865521528918215027637280E-0002
   3.35854207109212186006886311687226933E-0002
   3.39756714364131109952501021319977543E-0002
   3.44899727034682857462984241604469561E-0002
   3.51631636945536545094517209720474804E-0002
   3.60371453555241371049811719170738023E-0002
   3.71609900010146301718027787879445198E-0002
   3.85905742726631843860859152949245219E-0002
   4.03878421774652315464668826293373250E-0002
   4.26199313719761151593089373319331278E-0002
   4.53585700264962705038995042104965836E-0002
   4.86800363668130227149935486515054925E-0002
   5.26657959583270763137942119612503218E-0002
   5.74036918966064820530324474658737112E-0002
   6.29893582749386665877074382552985688E-0002
   6.95276164079150802591700462249131200E-0002
   7.71336495780580044064827989870728307E-0002
   8.59340183213853591406187423144274243E-0002
   9.60677129677612486239106025816922237E-0002
  0.107687621894839657460210973418095993      
  0.120962785839046605640076842610692851      
  0.136081655752362193382754064374175189      
  0.153256272255499036847275732913597270      
  0.172727078448645208913136354494462918      
  0.194768015623347022754008087522208856      
  0.219691692426997298858441146459779252      
  0.247854606729850436015716602225601454      
  0.279662570268881453238652173704870434      
  0.315576560412553735804270400012570606      
  0.356119234970304114238560316285209079      
  0.401882316958865446071772037185770146      
  0.453535024360277915249675855061070804      
  0.511833698804822189247407477005076420      
  0.577632783272286279791530670775461501      
  0.651897307790033648507793065151066687      
  0.735717060875647865521321945844237552      
  0.830322651075655122162056332894840051      
  0.937103693361525995302179425650262339      
   1.05762939074656328857358610993701952      
   1.19367182074542366532871142706276902      
   1.34723228076767473184485134784142188      
   1.52057109663161659213724781398325701      
   1.71624135497664951685162700569225524      
   1.93712708507254273224504054678755143      
   2.18648648963440258447359646513934984      
   2.46800090927056824871109894362722803      
   2.78583030356673696566736879439045394      
   3.14467614570078112748508098422394831      
   3.54985276029974236119428188930986509      
   4.00736828979713225390715223719434254      
   4.52401665811474215437895797980607051      
   5.10748211865750139580558416918304076      
   5.76645823537944558432019102153460234      
   6.51078346289668543813372122041251140      
   7.35159588026126855721948685932364774      
   8.30151011427888695242443461886291279      
   9.37482008982938067833807178213746133      
   10.5877320010304063614365144090936339      
   11.9586328481170759667380338192238514      
   13.5084010702774189661397912459399925      
   15.2607672516958974475068959200841752      
   17.2427345813002222721292871439901301      
   19.4850706426775929393962633652312760      
   22.0228840643412565416904172361136610      
   24.8963014054377362273238244440991286      
   28.1512613534020416270014616536897838      
   31.8404453139544933484138109921625467      
   36.0243671513709583800721413581331829      
   40.7726524601974684533600164082371071      
   46.1655504903306253194633880591582782      
   52.2957331122292876604811110535970627      
   59.2704164697815354978449133987651390      
   67.2137217867926080121015533892147482      
   76.2688537969641552564854080572561224      
   86.5990215084474303768308815850404235      
   98.3852108510713282533852965615763439      
   111.818621547878531595842705860296345      
   127.086659560990799669450334989694132      
   144.353486887156666112325642937827841      
   163.737332320335052989725769394150961      
   185.286368362000552931467905927237999      
   208.955489523859553998015232661794242      
   234.590034266179986143033867646388469      
   261.927630380806075417946142560169904      
   290.631381247084200423279710148600712      
   320.362384845883342056727796716060719      
   350.885935910940137613329507527402712      
   382.187815147627827868157250818999843      
   414.564016592231735516358038935825201      
   448.648676631437137962225197447365938      
   485.363925278313402510361558710195392      
   525.803863331314385124824615275079255      
   571.084127740057057581956680915735388      
   622.178338231855577212471667839024581      
   679.719768871381025700716820082247603      
   743.700335788829185090457738834744735      
   813.037773083192996926321989909255689      
   885.310912130724209116844956819676980      
