   5.75680180862328832789374047841196226      
   5.75669425693878597448253946817203663      
   5.75651518434397559923641160639858702      
   5.75626723187861073706972493767199571      
   5.75597485985155185391959160365829406      
   5.75572647180483185543252512803848743      
   5.75569598571577877893041792132579055      
   5.75611971815082966249085467966406687      
   5.75725325243671856171948096663713916      
   5.75933586794595155850218053292008457      
   5.76257276419830599751541566082469570      
   5.76713376822753308194296216065846243      
   5.77316287387286612003946625929676794      
   5.78079204839979831971165780576052955      
   5.79015366148811332501751946908064103      
   5.80138804865195313288862782092312441      
   5.81464525346137637776490182934179045      
   5.83008199213690568902413905625022586      
   5.84785588731133731147916811481850669      
   5.86811908277207085750867551515399754      
   5.89101282773275118370040449325621015      
   5.91666389516596649764299112348533739      
   5.94518305014747532165894894709735753      
   5.97666534123776324464779813150899173      
   6.01119176519808129831343865035422361      
   6.04883180471061859066833732912733905      
   6.08964639345671799847512109663440935      
   6.13369096398109443899103858951487736      
   6.18101834109767618833155280020753041      
   6.23168133443266288616143857175982419      
   6.28573494909095323340822427834169249      
   6.34323817124429051082588134153828204      
   6.40425529766398314008103324622622279      
   6.46885676512489388872508574248093300      
   6.53711939575311035630054316679107884      
   6.60912590030538009785839828839488258      
   6.68496335643746844801172350211826340      
   6.76472017083744026760210764934929396      
   6.84848068061157982077824064728408113      
   6.93631593234741218596017001368738025      
   7.02826806677079101363816893877026190      
   7.12432369842006966854427849886144474      
   7.22436802405516565527514929195905205      
   7.32810661315165711907361274153595976      
   7.43496148436576572826345215003747046      
   7.54500334828866314527686411498905059      
