   18.1387783877839539438984044561151763      
   12.8436843910916488329521280586140111      
   10.4906369747916390675986880686324034      
   9.08616592924968945381084951580549423      
   8.12686938079168982486968007028759980      
   7.41807716577015888854719201283619098      
   6.86641121122789625220791794226667486      
   6.42066750472907177636544739587716681      
   6.05007957673505732937582266735521731      
   5.73489532121425733994869487421442401      
   5.46177748693050912569432352212110734      
   5.22134866550430807092206625689458629      
   5.00679028312358813989703012682745470      
   4.81300321391645314836029004410817898      
   4.63608631638286709103061390763663095      
   4.47300222995817367739386867029467311      
   4.32135603694128540179512162000935169      
   4.17924296024124859862498040796284219      
   4.04513902236067176310365650190695574      
   3.91781925946015071560091088085217785      
   3.79629448830388974682249042089897178      
   3.67976135778952482372051908921873808      
   3.56756249507420971749764631527075270      
   3.45915465671564797341888001965715513      
   3.35408336171294303191036853856431364      
   3.25196278618687368594929126752089859      
   3.15245988710226472424937175614285125      
   3.05528186546478674856936826070991756      
   2.96016620386812774095962691135228890      
   2.86687262440375204334688500601500679      
   2.77517640712022005486614159048406631      
   2.68486258092876192274029295820692784      
   2.59572054077045282344688715891869155      
   2.50753864860489858867579573245237544      
   2.42009832653839054057102732153252750      
   2.33316702183485888904844951359119621      
   2.24648916429438541286021607801359213      
   2.15977374231397762387770868091866142      
   2.07267617327149595316227411019454496      
   1.98477023320400645938315632745791705      
   1.89550169688325549124729087738427716      
   1.80410558818968814617494162549707957      
   1.70944253682488509725286528992131105      
   1.60962271237501879580115736180310971      
   1.50088514012778701969405735545109343      
   1.37048313653179877408328404774157164      
