   1.04956383181094765216650913753642917E-0002
   1.17908733599153978306854111621305547E-0002
   1.32480285584553040235794806862375961E-0002
   1.48866723233074080233244394360809076E-0002
   1.67289191540900712414681159199070549E-0002
   1.87997167350828106609084945920124080E-0002
   2.11271705945497169513121003211978859E-0002
   2.37429128779059432360078869854051556E-0002
   2.66825210468340341054494199347849771E-0002
   2.99859921738969682360843527130396186E-0002
   3.36982788440750182662712805750240035E-0002
   3.78698933547181396814238092215765275E-0002
   4.25575878078221109456787131189242221E-0002
   4.78251187429193874385950449614852415E-0002
   5.37441061328111846243338216718404151E-0002
   6.03949978508257029402043175590480706E-0002
   6.78681521249150164649260193685265664E-0002
   7.62650520360963969781570140156297222E-0002
   8.56996678154990296391226751025587470E-0002
   9.62999845665250928714522723693269090E-0002
  0.108209715108193770745115650772961912      
  0.121590219925363810257395355212427455      
  0.136622658744719170891434779746642819      
  0.153510401056729455627472641448078359      
  0.172481725998758710934332115263391490      
  0.193792845429735348264080862825717558      
  0.217731287789879499426792564943319428      
  0.244619684478306555253840863122474108      
  0.274820005025890081841263458283571798      
  0.308738292319701660931592430776026416      
  0.346829954577596374805497387935262264      
  0.389605676705027903210506401703170350      
  0.437638020117412755581658162136208702      
  0.491568787104350629820848048380432739      
  0.552117233367194120381544742415344559      
  0.620089220495217288889481199674053483      
  0.696387408868731237039429898336686342      
  0.782022600794596964992898342495938706      
  0.878126353588578291828926781119826807      
  0.985964992811191251059562979472882855      
   1.10695516692504942135915110086154580      
   1.24268109625583736039673572897529084      
   1.39491368129325771252858936309563092      
   1.56563164806391957021091390583881922      
   1.75704492157760132332026405754930858      
   1.97162043228238883880640449350916603      
   2.21211057525394337416472129456146895      
   2.48158455784509454839503447897919955      
   2.78346288935026624390381328705847034      
   3.12155528691488257146238856217241912      
   3.50010229707763135339215841871031303      
   3.92382096453167775795409438257321689      
   4.39795492286010897653527934813459054      
   4.92832934208978600890091502536775306      
   5.52141125380612107786498225107539974      
   6.18437589941357325737984052681706592      
   6.92517993010845752697868126796962736      
   7.75264255599776438032695490913841126      
   8.67653613617841188839191813590872527      
   9.70768827731672314704259075657602569      
   10.8580983427254302819095701311773936      
   12.1410724722289636523143726239864512      
   13.5713829142507290589446153070379565      
   15.1654598528763672641191782333625148      
   16.9416271886926835299803492046141919      
   18.9203981413060753813086739734331450      
   21.1248523080438578324610540954632910      
   23.5811230668299680879568551730007971      
   26.3190328328845257816407163042615728      
   29.3729230419201451962242434645718472      
   32.7827343124942993219885584764857390      
   36.5953971520536406706532961549630252      
   40.8665903450235254540833358533392171      
   45.6629076930451692003514024454884498      
   51.0644424458127744770231364487146736      
   57.1677640254038576986362629299460719      
   64.0892593478377201600799266077069229      
   71.9688828682845211023106303810804748      
   80.9744074482250076937819875808030308      
   91.3056525567983672598634102307767908      
   103.195373845858214596381932402036091      
   116.898059553526293488505497575995088      
   132.657112744342274697550288234127202      
   150.658410040425745150853619378754560      
   170.999901916340497669955986595177178      
   193.689643959002761068097544957793145      
   218.647248621905756735044172142853522      
   245.686127167452426811387246424675630      
   274.483252296998091363580956236634086      
   304.560266011658503495927407806996572      
   335.304848719297653583338485615234782      
   366.069351896997310279725024058324703      
   396.389408600632809123955452825919718      
   426.301565535567027513900488708918510      
   456.513349225290457396300278065310395      
   488.060889363629766305964625770988227      
   521.732143620345332588775080127913278      
   558.123092988902921988262540497764500      
   598.221155836435657341499373290329089      
   643.616681253736783502459904556867873      
