   71.3532498328869306349418235671556747      
   70.7165697203213013700075154181243188      
   70.0608541579994380221348992156676483      
   69.3862602504364348295706017626325431      
   68.6929159161192766532646606245784560      
   67.9809141477134054260853534313680654      
   67.2503070835042441938438885396548117      
   66.5010998091421155211248047017702141      
   65.7332437925843709385307893436813504      
   64.9466298355207757651223717190862776      
   64.1410804004669309148894792445108226      
   63.3163411427066977306373347304495250      
   62.4720714385036690087189709548565327      
   61.6078336529485034224520113017033091      
   60.7230808290376583894787820199389527      
   59.8171423993750573374801125788114271      
   58.8892074166896206012194547890956941      
   57.9383046599776856362630895217424806      
   56.9632787863655656848897099938639462      
   55.9627614458916000726519586138996214      
   54.9351359296553497419560345094155279      
   53.8784934401938544760409841360735057      
   52.7905783946135661279129959105479293      
   51.6687192009655988309565037332720752      
   50.5097395378478439732638443917678386      
   49.3098430786290884391804351756589493      
   48.0644614460896450203947974396895115      
   46.7680503076888776898720021631107107      
   45.4138107964625846887248359910156516      
   43.9933008466623477553456849536305110      
   42.4958798007873552805030278431406663      
   40.9078924134757523222277550194026942      
   39.2114298704053845099893351569393547      
   37.3823715214851284247799026807335538      
   35.3871281199218737921764192176233683      
   33.1768470137572580989106823581979259      
   30.6760918555396795735364342541069815      
   27.7575992981926143439343905813464880      
   24.1740464801230746625794486055590460      
   19.3046780245157013813343725419234194      
   9.90593792954503915475895371841235789      
   2.10740348361144890895315599102241269E-0004
   1.08477090627673693675345943583841771E-0004
   8.90360145307133634797962581945615702E-0005
   7.58716323567754760742247176438466153E-0005
   6.39026437848802667151530406339120482E-0005
   5.63789947228084032289393317719767212E-0005
   6.59005550917779729161745976976189892E-0005
   7.48861180654958529966625349763177399E-0005
   8.48766514093123596305744548393792907E-0005
   8.44250627674505643665354390516306805E-0005
   6.82482699354503190438891424085997194E-0005
   5.93559118766643306377019626231204590E-0005
   5.40161929318591288707464497426637273E-0005
   4.87852837585597435572045098152889632E-0005
   4.21968752923306877979140327872203877E-0005
   1.55694273234975286786370836917991343E-0005
   1.55601824969453745960876398797099121E-0005
   1.55528749453673913713381166813998117E-0005
   1.55470325524956813455119851148840338E-0005
   1.55423120383291818866620410854476186E-0005
   1.55384604977389417685511791331342557E-0005
   1.55352893086015921995170161317775434E-0005
   1.55326561686249167912259473785491882E-0005
   1.55304525583743322507957742429558829E-0005
   1.55285948792423992775079325101280279E-0005
   1.55270181139343339662246765621779690E-0005
   1.55256712402605347055433159882703438E-0005
   1.55245138779941972004037379955011917E-0005
   1.55235138125719200392978780320779558E-0005
