   214.990713874708284570633286488371029      
   213.783336574441098259507563414736839      
   212.524231844197859196344544158331593      
   211.211867957384305781956535753738553      
   209.844620589936119149591201949674082      
   208.420758328051986743630256291251688      
   206.938426643912171710874813004034006      
   205.395630099699866831460632037646067      
   203.790212478551035904909513810914904      
   202.119834466612370748753496474297161      
   200.381948419468382565104851090769118      
   198.573769633803583694334716451405531      
   196.692243404622256720898624229334418      
   194.734006970569799551398078068833006      
   192.695345222550782996561727442266767      
   190.572138756970288035848240572226365      
   188.359802470941109409866109699584400      
   186.053212389655365811654466630856398      
   183.646617738694023974343346638884973      
   181.133534358638352886082483818543330      
   178.506614306851595162485705650798921      
   175.757484754969003313079358266793567      
   172.876546848999816691221140512734724      
   169.852721712585741420433770167659955      
   166.673125711565970276290564778880824      
   163.322649611561710169086714437633107      
   159.783404962832055015157666702834803      
   156.033983611473029686349384538226671      
   152.048448641536370524263455078301376      
   147.794930111743632413115397836716027      
   143.233623291173314942948280725314492      
   138.313854633112595127495014596022164      
   132.969637478540001562235120693116383      
   127.112665322821278761356996940612592      
   120.620692721825016397152231122781285      
   113.316936638057890395984769522480257      
   104.930030841627193698429095591042390      
   95.0052743355982299841494773995688999      
   82.6663781636043736037066108437471809      
   65.7371850672226772030532472459797562      
   33.0518386059308712086816502606990006      
   7.68211763801392652473500269559689014E-0004
   4.03737894855685868577521526657841715E-0004
   3.36362697308731530559926983552327773E-0004
   2.90312346468316534039547750475916636E-0004
   2.47381872545203647395106646675980196E-0004
   2.20668464184638480785036526417966332E-0004
   2.60670155241034258831216866034313621E-0004
   2.99250604904678879437502851776511324E-0004
   3.42548516324982448875058849333707329E-0004
   3.44005828987725522427962838986360015E-0004
   2.80656796925130227333369674972655645E-0004
   2.46213552020297927998891579071653034E-0004
   2.25856221788719247334627739308066783E-0004
   2.05420210476099776501590671335133236E-0004
   1.78685320313282019869465051668828742E-0004
   6.61370073645330809305518675113102802E-0005
   6.62420048095882433960130624843230691E-0005
   6.63522304573645217921327561317267397E-0005
   6.64656777780946986873432032872369583E-0005
   6.65808784629154394413297045604296009E-0005
   6.66967435256873496126627648829965884E-0005
   6.68124553334855018315357653404686114E-0005
   6.69273931420496382403242438444287505E-0005
   6.70410810215651267608838477621517711E-0005
   6.71531509630247984526658094454015986E-0005
   6.72633164159182354121314444348210195E-0005
   6.73713530842302360734629844863907988E-0005
   6.74770848321041377311876316728345638E-0005
   6.75803732276814245453294729313803551E-0005
