   1.67969407068725886830980562876858629      
   1.66854047668436522975851369595541607      
   1.65720418646316057519607431397430643      
   1.64570656984707299360630207264545265      
   1.63406865515577788711524247201658631      
   1.62231107722289082966608668223577685      
   1.61045403690848936325446232462058758      
   1.59851727139826293133604080513305582      
   1.58652003471249674033582662003464366      
   1.57448108799497164562350492836713206      
   1.56241869931652796002206301464712791      
   1.55035065291502701891424729740888132      
   1.53829426801033758064397859559842593      
   1.52626642759014954920237626223168922      
   1.51428361787509036086289472354254634      
   1.50236197956083915181845050164693379      
   1.49051737243080483764043734274729041      
   1.47876545557849501743508289381098045      
   1.46712178633500268234535545754986341      
   1.45560194215579318982410209560630767      
   1.44422167131646389643127164961474555      
   1.43299708050427471027454605745555374      
   1.42194487058771434561657851852705495      
   1.41108263649865740267653201228115947      
   1.40042925407705614921675193786133367      
   1.39000538723847878617965307568692481      
   1.37983416519652210420169201217865762      
   1.36994210567468242551082556880887637      
   1.36036040326834673218327926189299211      
   1.35112677588369617674582583948212501      
   1.34228819296124043913141185971951330      
   1.33390505127476218837606460995485631      
   1.32605783477118836260740242313791625      
   1.31885826342465122798473435621747369      
   1.31246906767670322804487886812672827      
   1.30714162832463859625738074161415205      
   1.30329441587976180885964695047561817      
   1.30169863048554688371007409397589425      
   1.30401612320539661629267768797643362      
   1.31505826516952413560080995609728720      
   1.36975228743608392162535520643627731      
   1.14756041004439521169295145492927228      
   1.10082708284140227789588591358386448      
   1.06845896373490556647908796240002462      
   1.04152553075519902029684661020972183      
   1.01752241172169555446374089536413443      
  0.995396678601453327491722412348356863      
  0.974625120111868284227833266276548732      
  0.954936820187784879624595232586931080      
  0.936212357590826763486388396943113091      
  0.918445219051072237316765124521097272      
  0.901725270922984866092188417812134212      
  0.886229356549275445037173477931245696      
  0.872219721982648395229569780333179196      
  0.860069223951570660592173275005262418      
  0.850403249677969195892536657998582952      
  0.845080877066613976512711776387297370      
  0.841403885623113793349067915480950137      
  0.837823202784783067058451825402784731      
  0.834338370038397614687965439958137775      
  0.830948833393887972693136964302207775      
  0.827653950988266568875028985683191163      
  0.824453000261752255699903183260636652      
  0.821345184725579889569546574571664479      
  0.818329640340826986497897468130805564      
  0.815405441525995014230169336999056805      
  0.812571606811451785767129032441476768      
  0.809827104155122760107082016217188294      
  0.807170855946818560076865934587507391      
  0.804601743697101853951198463385238528      
