   81.7400452933505755287497682900338412      
   81.7369829321399900591098209162179846      
   81.7318659887511253095447749439987890      
   81.7246850311350848457360493853152017      
   81.7154304786139316048154839873556017      
   81.7040932283484865799826737058423811      
   81.6906651921691084124530761421737677      
   81.6751393965536290204839704386041604      
   81.6575085131762744674210096024201768      
   81.6377599395677108644590302980933388      
   81.6158659155753352467637834629473402      
   81.5917686381300584087227221658253271      
   81.5653618423553844585620048764726280      
   81.5364711584195536989883894328581372      
   81.5048357917030863216894062920819712      
   81.4700939065099168395438357486719963      
   81.4317735707643599555276475017175269      
   81.3892902965064205349603958576311504      
   81.3419512687335303204248018339982592      
   81.2889655256042543787865021519101050      
   81.2294587993177226677734746453422895      
   81.1624914881724621864030271399450677      
   81.0870782552641968657475034833382050      
   81.0022079427215819992402642956111290      
   80.9068627631981582239260586939805723      
   80.8000360159800328299487163249106546      
   80.6807478350682413346317178115122382      
   80.5480586937200785220296585431170564      
   80.4010805599417491878577170496421497      
   80.2389857239735105454271861384311963      
   80.0610134078843960714733094461769256      
   79.8664743263440126119169672734807293      
   79.6547534019558052112570193235705825      
   79.4253108544492646919095847064674299      
   79.1776818861354811942257239524717207      
   78.9114751777600024767483503703573874      
   78.6263703959419003859592240291296726      
   78.3221148953857591038183818945460434      
   77.9985197795640565009917416618977373      
   77.6554554633180699004515905594117189      
   77.2928468617097387017675298658727927      
   76.9106683107525074347491655276976084      
   76.5089383086225026062175558759756268      
   76.0877141511491991125607942758684855      
   75.6470865210516146066099190817146310      
   75.1871740786800691923271756870423965      
   74.7081180907986142817824453947698835      
   74.2100771243275410392782957826662252      
   73.6932218230659807772243735804172447      
   73.1577297774488723539955614849133266      
   72.6037804895760566192587071500381576      
   72.0315504290582471648265175842178963      
   71.4412081680533796270529222517691757      
   70.8329095773484129757326414597784091      
   70.2067930582568594260643561780954292      
   69.5629747782452442469097015778356189      
   68.9015438706780047182254737713897665      
   68.2225575505364845440576383412428263      
   67.5260360891253621803654886707149173      
   66.8119575798589787465812341959924149      
   66.0802524147833708985338003429191298      
   65.3307973767651457150512584952241636      
   64.5634092336212398237655454520777510      
   63.7778376987700101091465678379324249      
   62.9737575942576751674210904880581732      
   62.1507600172341687734416035917693920      
   61.3083422657532116208097618286364893      
   60.4458962220599330993301680478268091      
   59.5626948162450807986239281438294426      
   58.6578760949876830029059301397875243      
   57.7304242898001519838115780170200398      
   56.7791471053358299340795917602867625      
   55.8026482134136376228946183256046748      
   54.7992936165754290598456679897207725      
   53.7671701010519196752994718469304961      
   52.7040333738194196348462719648794234      
   51.6072425894741498226718300830475664      
   50.4736766841835761313464657267808572      
   49.2996260344438388857217329872121429      
   48.0806501014090385322549719763556979      
   46.8113873278535224786416633897699156      
   45.4852966272452083993632327138373569      
   44.0942985693030293880226538724532881      
   42.6282655341235601707699244044443660      
   41.0742772993980130228419632024317696      
   39.4154986367586212016809570028493339      
   37.6294196800194886111268837462725888      
   35.6849589769178208495680960608633055      
   33.5373797916776338750871973392569222      
   31.1185621625844146650749021189602938      
   28.3159911527001815617191910947813694      
   24.9186900097053887074585483174988736      
   20.4331259914274267227751205030390934      
   12.8947512448344219552295326762259737      
   1.10968307780998390526334496552931869E-0004
   1.01243074692491089115578026595859726E-0004
   9.11217403110156080532768790686143721E-0005
   8.05353285664899217023782119671161638E-0005
   6.94356548622410904418188288729469686E-0005
   5.91043399461241930914319268062162603E-0005
   5.99355192562218585630743572132093937E-0005
   7.46529815628898460616725721073269536E-0005
   8.51256082334455835003931198628777995E-0005
   8.63013852751247887838260825687547782E-0005
   6.93594993685634122206427399904772376E-0005
   6.02681147417603404474548055829067932E-0005
   5.47828196845635762879557247728864922E-0005
   4.96486009356715040039925036543724477E-0005
   4.40069587005890511174240770947239442E-0005
   1.54466978234438601114357414605309650E-0005
   1.54466978165221569223203620678876428E-0005
   1.54466978111101307116813861359131697E-0005
   1.54466978068247842868845034206992905E-0005
   1.54466978033920052830856067398508997E-0005
   1.54466978006126681014433285918880773E-0005
   1.54466977983401166997912402261601205E-0005
   1.54466977964649512569313036116810775E-0005
   1.54466977949045880269594479211606261E-0005
   1.54466977935959907413021974482891401E-0005
   1.54466977924905418075628939145495370E-0005
   1.54466977915503777947187929769101875E-0005
   1.54466977907457402557497453280130270E-0005
   1.54466977900530393336911194095375565E-0005
   1.54466977894534235898064181844616091E-0005
   1.54466977889317133027747027905929980E-0005
   1.54466977884755974497198071828085409E-0005
   1.54466977880750238541705675443706385E-0005
   1.54466977877217321601534287266844041E-0005
   1.54466977874088933436778657965899030E-0005
   1.54466977871308293602668267694977897E-0005
   1.54466977868827935514249608879685137E-0005
   1.54466977866607974689806885858318486E-0005
   1.54466977864614734185087048056306756E-0005
   1.54466977862819646792560722740214677E-0005
   1.54466977861198373106347921400212118E-0005
   1.54466977859730089016916115629786792E-0005
   1.54466977858396906991698014161173923E-0005
   1.54466977857183403606538168591299879E-0005
   1.54466977856076231926594584995894518E-0005
   1.54466977855063802004924114179535518E-0005
