 0.26859175772073E-03
 0.26859428185392E-03
 0.26859851268248E-03
 0.26860447292238E-03
 0.26861218849517E-03
 0.26862168751327E-03
 0.26863299937138E-03
 0.26864615496113E-03
 0.26866119133919E-03
 0.26867816623078E-03
 0.26869718632230E-03
 0.26871844860463E-03
 0.26874228966294E-03
 0.26876923610207E-03
 0.26880004983486E-03
 0.26883576341717E-03
 0.26887770220155E-03
 0.26892749161844E-03
 0.26898704936083E-03
 0.26905856357099E-03
 0.26914445918405E-03
 0.26924735529184E-03
 0.26937001672239E-03
 0.26951530302577E-03
 0.26968611778302E-03
 0.26988536069597E-03
 0.27011588435456E-03
 0.27038045698640E-03
 0.27068173193015E-03
 0.27102222407941E-03
 0.27140429314222E-03
 0.27183013326046E-03
 0.27230176833309E-03
 0.27282105227589E-03
 0.27338967340907E-03
 0.27400916218417E-03
 0.27468090151612E-03
 0.27540613906840E-03
 0.27618600093368E-03
 0.27702150625052E-03
 0.27791358239058E-03
 0.27886308043990E-03
 0.27987079077677E-03
 0.28093745861645E-03
 0.28206379945354E-03
 0.28325051438150E-03
 0.28449830531205E-03
 0.28580789015275E-03
 0.28718001803257E-03
 0.28861548469313E-03
 0.29011514819069E-03
 0.29167994507896E-03
 0.29331090727179E-03
 0.29500917981401E-03
 0.29677603982483E-03
 0.29861291691845E-03
 0.30052141545593E-03
 0.30250333904359E-03
 0.30456071776601E-03
 0.30669583873467E-03
 0.30891128064793E-03
 0.31120995320134E-03
 0.31359514237127E-03
 0.31607056282384E-03
 0.31864041899969E-03
 0.32130947680558E-03
 0.32408314833980E-03
 0.32696759272720E-03
 0.32996983699741E-03
 0.33309792208241E-03
 0.33636108055024E-03
 0.33976995479024E-03
 0.34333686725823E-03
 0.34707615843542E-03
 0.35100461387910E-03
 0.35514200998902E-03
 0.35951182017124E-03
 0.36414214105810E-03
 0.36906692578308E-03
 0.37432765384149E-03
 0.37997563490854E-03
 0.38607525528845E-03
 0.39270866417467E-03
 0.39998272807421E-03
 0.40803968874165E-03
 0.41707412970839E-03
 0.42736125094225E-03
 0.43930673086975E-03
 0.45354124032155E-03
 0.47111761632370E-03
 0.49398090526325E-03
 0.52633409504082E-03
 0.58016937871199E-03
 0.72533759125182E-03
 0.53892224554672E+01
 0.12011900977765E+02
 0.17920260493883E+02
 0.23508462514849E+02
 0.28921037614152E+02
 0.34239259441447E+02
 0.39521023366753E+02
 0.44812816650683E+02
 0.50151268878350E+02
 0.55559533513632E+02
 0.61042091630333E+02
 0.66580712960254E+02
 0.72132138778620E+02
 0.77624842483920E+02
 0.82944959607257E+02
 0.87805885441857E+02
 0.92248308044827E+02
 0.96645393108979E+02
 0.10099468648410E+03
 0.10529440360789E+03
 0.10954331859258E+03
 0.11374065937080E+03
 0.11788601375479E+03
 0.12197924846163E+03
 0.12602044135387E+03
 0.13000982608665E+03
 0.13394774781171E+03
 0.13783462838861E+03
 0.14167093955302E+03
 0.14545718260873E+03
 0.14919387337692E+03
 0.15288153131999E+03
 0.15652067193530E+03
 0.16011180167687E+03
 0.16365541480423E+03
 0.16715199167837E+03
 0.17060199812453E+03
 0.17400588556371E+03
 0.17736409168095E+03
 0.18067704145239E+03
 0.18394514839459E+03
 0.18716881593431E+03
 0.19034843882224E+03
 0.19348440453581E+03
 0.19657709463133E+03
 0.19962688601877E+03
