   1.84051559052455421330919815460376769      
   1.84058431708064881109685065965488251      
   1.84069880964711241733431364228625284      
   1.84085889854698994768183726088472686      
   1.84106434439397061648056701480192595      
   1.84131483776037281316295568463008107      
   1.84160999992840848531371867839765780      
   1.84194937248050297194426487098531648      
   1.84233235550112345610953463282920592      
   1.84275803170783049971718918242285324      
   1.84322483668468075288872308827501673      
   1.84373009765984728324466918698575792      
   1.84426951530443461434728959393352585      
   1.84483667205963817297297454292635790      
   1.84542262517781941809157043405351955      
   1.84601561051006338432511518784040586      
   1.84660086340326332459857243733678591      
   1.84716055842549459472768486792571374      
   1.84767387229113724150047643145958918      
   1.84811717574162853590237868353192798      
   1.84846435604525195618123697309348840      
   1.84868726257879376614306526348858401      
   1.84875625671612323739248062013652029      
   1.84864083728574231146518514253074718      
   1.84831030653845343375875968104046671      
   1.84773443977958108150799912780247856      
   1.84688412426615632412424498240471930      
   1.84573193859443543158686469125223912      
   1.84425265125900694785600007246027299      
   1.84242362509307635947929056462995463      
   1.84022512189298810533001793483329154      
   1.83764050803918369762619774438679391      
   1.83465636698589585743517838514311623      
   1.83126252803949719823753247429335392      
   1.82745202300567506623727640333930201      
   1.82322098320203648648310146975068603      
   1.81856848935559221215571851784366321      
   1.81349638621659502258375579773536386      
   1.80800907260026272331400505038689738      
   1.80211327619447262125473281723544400      
   1.79581782102198316876037233581843096      
   1.78913339399580245377219296968584311      
   1.78207231565536365998165804765371596      
   1.77464831897496915833651812700980596      
   1.76687633906999265852315644299781414      
   1.75877231575613600678653951072297789      
   1.75035301018357839982468377732141603      
   1.74163583619327436045690981479100274      
   1.73263870659139603182625362611087321      
   1.72337989420275995418279091839688872      
   1.71387790731093786061269763214011903      
   1.70415137893535669067589757816612908      
   1.69421896928086054317787570198777260      
   1.68409928064452628846783679943664878      
   1.67381078403932276946230739122428595      
   1.66337175681182939888961191418569010      
   1.65280023056676192482804387389055510      
   1.64211394875694145506923909922732253      
   1.63133033337682691039003520474799879      
   1.62046646027170382234955021186851048      
   1.60953904266981743026823090436567101      
   1.59856442265741125724487774104452995      
   1.58755857042538184790344400766390733      
   1.57653709127536062848340768787343814      
   1.56551524051671886849791291851520814      
   1.55450794659454962512802857204982957      
   1.54352984301947318717547432096439111      
   1.53259530996711389399011785162197975      
   1.52171852678093185155747983125474974      
   1.51091353709583667497019515698071261      
   1.50019432892233715733741034991767489      
   1.48957493286872696706408062435480631      
   1.47906954281373709601051577398940495      
   1.46869266488715641500938818729046621      
   1.45845930282189259855899483875955637      
   1.44838519082959096542218239909250638      
   1.43848708968050342599055200092829042      
   1.42878316834259612192886365654806718      
   1.41929350363766992404261155344650578      
   1.41004074601658264703380581426955030      
   1.40105102441726854134100820368809152      
   1.39235520383962109771967361638378482      
   1.38399067807350413509843012272388327      
   1.37600400066828533346627470806027678      
   1.36845487797895960716675442105795398      
   1.36142247170430546812732476624550830      
   1.35501581765960751787965399404532705      
   1.34939203011194163117895348734449443      
   1.34479034457269227558356243685030435      
   1.34160155784188469278327420855531034      
   1.34052769659669407990996549320344463      
   1.34302328946909657886242580275605666      
   1.35297924986155293778318019492443073      
   1.39057140359419874784185026927820795      
   1.20081183504840279103523400349619649      
   1.14573836828804811785700766188358258      
   1.11086855051101997482062850369004684      
   1.08264061860941159216096264179425951      
   1.05784622500935684112281937991520556      
   1.03521602663680608579087337285234144      
   1.01413276939942267814617198210679783      
  0.994269058471120860608166460625213560      
  0.975457425679306494823099626371800301      
  0.957639889623752960264014438220699391      
  0.940847795185965457159241274472032409      
  0.925192648843750786159197404590546359      
  0.910863817471674709646479536603302421      
  0.898143475502482378184891217705793020      
  0.887488704241219647935616836353398264      
  0.880288208077254612883761347909092536      
  0.875674622032522248852731828308113785      
  0.871183343935433227862511189065036489      
  0.866813162137660883462676433429980004      
  0.862562794533919745737973057869447407      
  0.858430895156911599433755970370259782      
  0.854416060385347361282939274541924485      
  0.850516834785559186182927897077261601      
  0.846731716603740056133522253644486486      
  0.843059162926304953297410085113033374      
  0.839497594521788321473735860728822394      
  0.836045400391445136148064181886121701      
  0.832700942024431150184895171654782542      
  0.829462557390245753616140576392482244      
  0.826328564673091466644441513710414958      
  0.823297265763598844410189404943793053      
  0.820366949520952668218157473258461211      
  0.817535894816868926994260966932990557      
  0.814802373373662704881984576872199227      
  0.812164652407342662579377925408327637      
  0.809620997085942160885340400764022178      
  0.807169672814122032356886992743417354      
  0.804808947351989331297664007482005732      
  0.802537092779498766704181681466655932      
  0.800352387312826791869749653103319726      
  0.798253116983025141496330255002973986      
  0.796237577183292275201033336268394017      
  0.794304074093410200594864347639991243      
  0.792450925987798925110724961649090196      
  0.790676464434239113294880590195506039      
  0.788979035389932442776437852715428205      
