   50.8802762529207880849581573089692483      
   49.0609874354031929006110424848781261      
   47.1204139316313335145048953010398076      
   45.0279227505527007702599509634195359      
   42.7359518274784630283100396476718756      
   40.1648841405844691714170271062106124      
   37.1683142867058399077942030904716328      
   33.4612127945064836919718665960094279      
   28.5522531558595817051833901268767932      
   21.0023231598461098845825129511040534      
   2.67314474569171188993700486158672163E-0004
   1.18271846393387839483805662050673502E-0004
   1.16134145259544535376834909058156951E-0004
   1.11365091800434819682404484348058872E-0004
   9.84543318939604899695728938429903002E-0005
   8.55448302465772075747098832035066239E-0005
   8.34748560872465083723582732873076657E-0005
   9.07611809049302726270184932692090966E-0005
   9.00660181750585802391336223678187513E-0005
   8.77150413026674287987071910906134133E-0005
   8.81041685943786419449813839865605635E-0005
   9.56806589908129512622488111551134772E-0005
   8.15464204742686028604795186697473270E-0005
   6.80151870444772689786004886617827043E-0005
   5.78401373118321338524845067379634874E-0005
   4.71101646575004625603831447411141429E-0005
   1.55198701040488669492058762085948847E-0005
   1.55196619746421567625701186545567687E-0005
   1.55194479147315631830613077062692834E-0005
   1.55192317269534775620730820627401768E-0005
   1.55190165459655163732367822874042635E-0005
   1.55188048665754573326557706763458182E-0005
   1.55185985999682886194370371121106246E-0005
   1.55183991458741704141200595007109745E-0005
   1.55182074708190956319965377859123231E-0005
   1.55180241852826360413130980238857302E-0005
   1.55178496151157254269191298528754999E-0005
   1.55176838646608561542866069166885931E-0005
   1.55175268705747420732678956261365040E-0005
   1.55173784464077500382139563936503993E-0005
   1.55172383186327160455117757900041266E-0005
   1.55171061551426999261068319889121665E-0005
   1.55169815873502097234286646840104534E-0005
   1.55168642269989204893536306126151135E-0005
   1.55167536787021125073619733854057145E-0005
   1.55166495490906789078380680238522804E-0005
   1.55165514533135472682885389389418076E-0005
   1.55164590194998703637854584765984597E-0005
   1.55163718916730467363114147360932117E-0005
   1.55162897315044850183207929836220844E-0005
   1.55162122192101768515990344983598954E-0005
   1.55161390538242013023374402106161263E-0005
   1.55160699530282419691619294456885387E-0005
   1.55160046526728159250164924147838359E-0005
   1.55159429060921147385321728706333444E-0005
   1.55158844832882202159720165491707826E-0005
   1.55158291700404824464535532228110885E-0005
   1.55157767669805433676711674129704275E-0005
   1.55157270886620143638143141430527344E-0005
   1.55156799626451144593945638828532815E-0005
   1.55156352286101070525599672384255609E-0005
   1.55155927375085730110269963934535238E-0005
   1.55155523507580200941404213561852102E-0005
   1.55155139394827578716046487044409350E-0005
   1.55154773838021222144419443911644921E-0005
   1.55154425721658168778226486562570737E-0005
   1.55154094007352431341117442287427907E-0005
   1.55153777728090841429508322685315280E-0005
   1.55153475982910255213341454569634198E-0005
   1.55153187931972760064839665526267774E-0005
