   3.42397200420612784196581103423633420      
   3.30424965694274692899563375945089695      
   3.17992748416969262693723293952347474      
   3.04921761246430204438203499951670291      
   2.90938310783403137919771706090802870      
   2.75587534570640665053845325601128377      
   2.58032418755815087957866716604144906      
   2.36616558192662037389236864225684011      
   2.08309467240943918248211555846809811      
   1.63703348282287969388222308320939183      
   6.70973887616832330357052906627021020      
   21.7516180366906785324062286567836502      
   33.1818369588460241389070446191276118      
   43.2447586052903862495217823516992211      
   52.6763996856841352954092489992103706      
   61.9303726935589515316101661167328447      
   71.4095668170750214583562407809117707      
   81.5809084785420713222172004920385358      
   93.0198893185381991391103135645352766      
   106.286240805590625692843321762424270      
   121.638058126108288849083385337955060      
   138.832477238232562102436383679294373      
   157.108081502651296485445049395102591      
   175.201683234054675967957467618205367      
   191.347713188504246714474505703290681      
   203.164516196418054677079734276901111      
   206.363531519805747082313711091405808      
   207.042906364385506827449505392774591      
   207.914951244798034677349183046872733      
   208.952885801527775711529737553349653      
   210.132457477080478568494653228292475      
   211.431928158445794831111848770017409      
   212.832003503076215006008226410570603      
   214.315712122955917224988423098250378      
   215.868246345240003612751445044957263      
   217.476777722919243418882047214079953      
   219.130259795616661271785604161105611      
   220.819228702867447962873965483838475      
   222.535609839314470551968510556595315      
   224.272536294971535243307026103347691      
   226.024182636284783762176931170834225      
   227.785615794494765490155541259554277      
   229.552663472167679354846471436969724      
   231.321799529640123642204560344328596      
   233.090045206804547291879409786185490      
   234.854884698493555736234419834484008      
   236.614193462796637666831991407574924      
   238.366177637828075777379104243569341      
   240.109323024879907469895111123501056      
   241.842352227548832602261862385808793      
   243.564188689976464110165863131276642      
   245.273926537012460715343622541332333      
   246.970805271705484327407031706621439      
   248.654188527058761805290926417597651      
   250.323546194180604557559594609250864      
   251.978439361295156994063485581061891      
   253.618507587763030900260497689669673      
   255.243458124468201818883340687725849      
   256.853056753235582464280690963586876      
   258.447119977669405937037990138096510      
   260.025508343792369147533069266719439      
   261.588120707237065026407925915436375      
   263.134889296159204819720085891660403      
   264.665775444883337151025775958449950      
   266.180765894580909643150450658438404      
   267.679869575689848424858130613189375      
   269.163114800661794665702413267955855      
   270.630546807520427156883077424681438      
   272.082225604872593028639966231152803      
   273.518224076592007065852216242392581      
