   74.8348670061059973778144859599993386      
   74.3848250109810666219573507197981611      
   73.9183205218593112704195828725545207      
   73.4354345890124993521551595379341863      
   72.9362485250120015947307050674610476      
   72.4208403095206880272841596298879781      
   71.8892810578813985613863795324902759      
   71.3416315389201652327766687256004719      
   70.7779387224638116113007414605703639      
   70.1982323322235298187334318636643590      
   69.6025213747412653462481142067769337      
   68.9907906098972385451054623237279261      
   68.3629969228012934059195707391601634      
   67.7190655505328265532486795879191415      
   67.0588861098511727150071773762619373      
   66.3823083633345104154211909075594725      
   65.6891376510026709184768204941539527      
   64.9791299017939280232644029067901407      
   64.2519861236261797976298093837701988      
   63.5073462513097943072352254161394242      
   62.7447822071454366970159859467137135      
   61.9637899981296222904165809022877507      
   61.1637806343187879093710392031220570      
   60.3440696023321656818700980979061126      
   59.5038645625536927817897544256378325      
   58.6422508532228001420366020845932340      
   57.7581742722379338761329043765268945      
   56.8504204581479776439960319873989037      
   55.9175899912571046968658930950140650      
   54.9580680634479061200554162484599062      
   53.9699871909816705073086298589943789      
   52.9511809231657985474995018899652655      
   51.8991257630273028229971856138775502      
   50.8108674585255856157192936278852489      
   49.6829262780748547412474117914417443      
   48.5111735842136169979381282521178304      
   47.2906685212496960734392889833801228      
   46.0154381840286871000668543172437979      
   44.6781759149226485349971380849134286      
   43.2698179808463961380922936775327207      
   41.7789342427465138998405910488696358      
   40.1908244092504564699774977879662876      
   38.4861286330883017556298999143481503      
   36.6385950637636442970076052472532526      
   34.6112860172944432261875470490877401      
   32.3496371686764994256414647224659832      
   29.7674156120183798077047382932286286      
   26.7139654776579900455591082933632186      
   22.8794460661206269068842719313867947      
   17.3887281368246966971419966432548119      
   7.67334835191939223968766580282970187E-0003
   1.72304767144355362875414099584711301E-0004
   1.13284934224156578439481726576050897E-0004
   9.73084788890656137647854583557317137E-0005
   8.58242035440538317059902958292832217E-0005
   7.47711476596434923905377048431507750E-0005
   6.41405104381269207209501124749513536E-0005
   7.00197922897346398003483627582441948E-0005
   8.71105171943561254088107102279813625E-0005
   9.12806424797497075060202148442629736E-0005
   7.22233081784523621105764627081040180E-0005
   6.29641196837175643608410671630868530E-0005
   5.70756940374739779975777846187862146E-0005
   5.20996650940293953922107100356594387E-0005
   4.71615152485763598095077462440358907E-0005
   4.04966478042570593208053186590764886E-0005
   1.55759296146771495448441407762868310E-0005
   1.55650015499662199258712433016614924E-0005
   1.55564961286789039069604264595372827E-0005
   1.55497874433979810398965737295820806E-0005
