   4.46316476965239503098131309049487149      
   4.40021900803737199184900176214364227      
   4.33813694632708520829662579181353779      
   4.27686517578683865589244509773955472      
   4.21635359423402742253598484928786940      
   4.15655497025056070312361058700492185      
   4.09742454330097021502191355562393444      
   4.03891965509928773254173683685862788      
   3.98099940786763818125873848210705464      
   3.92362434536739918801354562589127910      
   3.86675615276133090890020549668575174      
   3.81035737148343999861667284854728561      
   3.75439112534927715932646376349340087      
   3.69882085412892682102016109640910113      
   3.64361005072027317469143570226429397      
   3.58872199788995118368285318268489631      
   3.53411950027970312666721732714342005      
   3.47976460698530631353654795055806741      
   3.42561831947763755774971879857575779      
   3.37164027891463230204342820434271878      
   3.31778842594015902271793376595233390      
   3.26401862481732492421314815958870385      
   3.21028424211175924084764646857943274      
   3.15653566800591396845697432967804412      
   3.10271976552554915154153638284638632      
   3.04877922926789401004205899719734826      
   2.99465183032085580379700048464041866      
   2.94026951750446993091407092627813336      
   2.88555733620555571400569908092659248      
   2.83043211397870637178135461028335947      
   2.77480084536587187645318467829714445      
   2.71855868497743936106070025031794998      
   2.66158642461574197468073547159199681      
   2.60374728220637186701933745347912052      
   2.54488275975043656445021839606690310      
   2.48480722179701347132377878487808041      
   2.42330068404364303938160538595361396      
   2.36009904762743398788660705733083163      
   2.29488060479310770256137084045233167      
   2.22724695905205600140938322669736033      
   2.15669532354538392125063423982700664      
   2.08257703285936995188947604865541384      
   2.00403305582575943958502270070797248      
   1.91988908930517678668069572513300551      
   1.82847478526113683421306814926401558      
   1.72728785719987670534197038048843934      
   1.61230263385193007610905824830716883      
   1.47632417526150402444743699555037146      
   1.30409837086505154770307329533701003      
   1.05044575006181138806922345835417975      
   1.05608815957134387127007854785809391      
   8.29843091311592301906351667433031003      
   14.1450163802934115275009971326884933      
   19.5809745621969563834800296179368078      
   24.8089386881297192578701738614422108      
   29.9222874713195880896380969109585943      
   34.9792918179489315060332135621063163      
   40.0240927931207101601687737934604445      
   45.0932528540798547929411327945323319      
   50.2156904824232584594120973219001469      
   55.4090214509944190991948440431004024      
   60.6748496096147164652967939057169781      
   65.9949803104512571430135636205679470      
   71.3286902624005387804732045467585943      
   76.6079019882851373752370286791113596      
   81.7154100239986609855151999631585388      
   86.3640574797803544128927622793236700      
   90.8421897206630207241747990092089006      
   95.2717773511629367140284511980926015      
   99.6511892745362297458374154115097564      
