   4.24795201823796487737902209095926389      
   4.18508259094377782633523841235093068      
   4.12282495171452445134173827635240996      
   4.06106263693156152763244309076204655      
   3.99967817547886584731194347172897944      
   3.93855189731760276423106391709604561      
   3.87756064868682280301991403225901233      
   3.81657638331749661729802036827599737      
   3.75546459134049877170081084144326120      
   3.69408251739231121971194772076110553      
   3.63227710587925573527168026874176233      
   3.56988259318663616208241000115767020      
   3.50671764199374270588894229093404237      
   3.44258187915241198893308742589425420      
   3.37725165193707496357099144586375239      
   3.31047475206029247780977384824053706      
   3.24196376369316971284175190005213439      
   3.17138755634425707604488500749515038      
   3.09836024138165843949589574574380974      
   3.02242659817056290763771578049153630      
   2.94304246757050530134577610247171250      
   2.85954773421154594677646197560963044      
   2.77112790648923791169862470491172578      
   2.67675715236215156871230717835949108      
   2.57510920143721025634113643558711628      
   2.46440889267453790796468534014939350      
   2.34216726258443877918107182308223027      
   2.20467252023608507469724780698897574      
   2.04591732157897185478044580428175096      
   1.85499780774199394651372864837254524      
   1.60810080345675731059006189498989295      
   1.22826658863552326631783380022210276      
   4.02675137701649144754336824490901833      
   13.0106758408401721117006955606770703      
   19.9968584699298100504013380585134515      
   26.0808607011819308969908618268629216      
   31.5898357415787613287085340035172581      
   36.6831540676298454406368365319627755      
   41.4547197281539101426068198570794974      
   45.9660104199772115143823911638089965      
   50.2599971742080159826954872574722108      
   54.3680280233043600691796751271061620      
   58.3136079934483132002804072979330510      
   62.1146094616409492261775625073921033      
   65.7845801880327055176212019329741322      
   69.3334254702808105659143590684169329      
   72.7674369550465397321352164962175253      
   76.0878113070202758604988979977342459      
   79.2773726287013588274582168078591421      
   82.3590748522302771873930307296895511      
   85.3608420676553803741437699586679306      
   88.2875651260829340952268083025609214      
   91.1436162661638325484085903734961737      
   93.9329240688045270044094681793186465      
   96.6590347509552942824237092240244323      
   99.3251628442873210606542115243917070      
   101.934233502265500679692076984885209      
   104.488918116622487911076650468672207      
   106.991664522913294917667740276205517      
   109.444722783715615640195101381207788      
   111.850167323517181564492537767212743      
   114.209916028858179943293403489427503      
   116.525746805523601076760883215542006      
   118.799311991003459856309956634071504      
   121.032150947587635487760257250903200      
   123.225701104068962674565369565661585      
   125.381307668467521010097926716388320      
   127.500232197431507903949624609671751      
   129.583660178410662320783456405683188      
   131.632707756306100498724319491461685      
   133.648427716392479917440475863388709      
   135.631814818799174342639313517161889      
   137.583810566049338725210539302727654      
   139.505307473618746295816598134538160      
   141.397152903785834061793404065353332      
   143.260152514835344011775060553238323      
   145.095073370724959151216294078139645      
   146.902646750390062163649268239902469      
   148.683570690798005353320618011906469      
   150.438512293523648345271004140518362      
   152.168109820877232346511557143437853      
