   1.87070952758656802674296539874649883      
   1.86564759939470816578132414298416136      
   1.85988747616735602180787636705069590      
   1.85350869474287754818277541703453553      
   1.84661519381600816376473454912008597      
   1.83931966264682727776222705811198897      
   1.83172961989323790471619517232913629      
   1.82393793734910463176249179961183676      
   1.81601851253091848666809422690963991      
   1.80802631356000031572099680203515932      
   1.79999994723543464873288749340224800      
   1.79196525369384363428809158730729170      
   1.78393885990170051810251019616226634      
   1.77593110162492075058487059361355632      
   1.76794821342835755621492979477130387      
   1.75999384906152007927440310573433818      
   1.75207008263861538155980447916140798      
   1.74417803384574456684912153957404144      
   1.73631825484667133122556309260600012      
   1.72849095949482895371918377172977901      
   1.72069615738779899101413451052570369      
   1.71293373163550727831736316298907446      
   1.70520348254555343288740100761738843      
   1.69750515293666376157823570874323628      
   1.68983844131368434178618821420324086      
   1.68220300924486314275264599130668153      
   1.67459848453314657574839492797626627      
   1.66702446247388810550914560614645863      
   1.65948050547896377408092194273295091      
   1.65196614189481171234747617951176322      
   1.64448086403158643642293229856950061      
   1.63702412569008410415648541706185461      
   1.62959533914254977983858952125677362      
   1.62219387163119235708835024092987472      
   1.61481904135003931487093920234438418      
   1.60747011289906621105237322117011591      
   1.60014629214241927889017225143585982      
   1.59284672044850769968216644691258749      
   1.58557046820860598447261026382712104      
   1.57831652757994309890441818746538787      
   1.57108380434933097508466792780617271      
   1.56387110881494430860506414313636924      
   1.55667714556126041806606637985994881      
   1.54950050199171836317563280014050905      
   1.54233963546131480923413120445080869      
   1.53519285883509686190659010914725765      
   1.52805832427923493231156070932173043      
   1.52093400507489465910065204216241659      
   1.51381767523048043734196977170280378      
   1.50670688666030061229519594273721070      
   1.49959894369963809304998588880846657      
   1.49249087474406605846357012516401645      
   1.48537940084181272822074520558388015      
   1.47826090114163576256751904273168536      
   1.47113137521718623963534358529779936      
   1.46398640246689707205757076340351924      
   1.45682109904315391013736543507377725      
   1.44963007311594948945467590041659654      
   1.44240737974640602921837038523823744      
   1.43514647725753431797354449670328778      
   1.42784018776193366506437675077322389      
   1.42048066543761605603400899216654039      
   1.41305937717549963783916521469997384      
   1.40556710116226140152166742306144200      
   1.39799394934507124395766910246326759      
   1.39032941861702834730604535070025995      
   1.38256247136278414531095340055571922      
   1.37468163640038592034072932792769595      
   1.36667510370661681112874783174140283      
   1.35853075873807133766572457283119150      
   1.35023606535731335989855310204305987      
   1.34177766562024413347675496461829587      
   1.33314053081820681905445035078269770      
   1.32430648614828105257771367702234083      
   1.31525195553479443071294829757809528      
   1.30594483967458262521489388011364266      
   1.29634053993413298282239087632037046      
   1.28637724534913681630973492229891084      
   1.27597066797597845082457974712353627      
   1.26500839640974785858430743206112525      
   1.25334389347826800273414444908169459      
   1.24078986943860516288372469375626494      
   1.22711038948357932042518282640134429      
   1.21201092560652477424068205598892113      
   1.19512627485893431068196426869422011      
   1.17600876134069993365514039250932552      
   1.15412440066392956902233599169007139      
   1.12887352418165728716768355631044459      
   1.09966507443785605762701479056348806      
   1.06608918632180866564523714724653408      
   1.02824333680513112804114992043843472      
  0.987245490060661270634925702146014040      
  0.945838751968625764776029162688360403      
  0.908659585863060693444678586135217958      
  0.881389410412398889825165778237834621      
  0.868456438293576947962509276459927967      
  0.870557678100485395458711965688733768      
  0.884178493591978983874159644290507633      
  0.903646046094113830540226649489589154      
  0.923880544125930545047278555923993316      
