   5.73936772020438286787411177749712231      
   5.71274121671405928960506733866042668      
   5.71782601236859845427146707392499323      
   5.72305712916132474752227499429618305      
   5.72842709926202118335158808781799438      
   5.73392877499921350983336606413261312      
   5.73955532486086468024884676266034220      
   5.74530022672973340677797762622193861      
   5.75115727211150012382688773562799397      
   5.75712055351985089856942897140617987      
   5.76318445898412450874622431798641753      
   5.76934366349527080369288813209889647      
   5.77559311949553312871659723665663648      
   5.78192804772296177069090661471200020      
   5.78834392349708226377238557630579341      
   5.79483646848226292493343525011948994      
   5.80140164169089488676002535746190047      
   5.80803562526429167309577838190639786      
   5.81473481629694860518958468094408739      
   5.82149581473219480917100490389585452      
   5.82831540914008722101353837679290857      
   5.83519058033511574878757850990459123      
   5.84211847350957166769286560174734794      
   5.84909640166206737388636371097178974      
   5.85612182866137280049351424521722103      
   5.86319236486686918291917849108875234      
   5.87030575616687395552677820444250207      
   5.87745987511336275172879886669990293      
   5.88465271405281773720056004003844228      
   5.89188237611107284302107320700106047      
   5.89914706738329867244783692071226413      
   5.90644509079460664214716208736816893      
   5.91377483716957352168458599712625919      
   5.92113477875906775539530214650996283      
   5.92852346321572034018533698280209553      
   5.93593950568246830598195849140158895      
   5.94338158241057188209016381574545485      
   5.95084842481124142384235837668591074      
   5.95833881297373245124791216209930814      
   5.96585156844188869580413018128703404      
   5.97338554908726182898940074729925952      
   5.98093964194835940524102643449872317      
   5.98851275721574891804194340374890989      
   5.99610382165650260544266675074117630      
   6.00371177190567877147412107258523178      
   6.01133554778506761755464865526635780      
   6.01897408562923537616705119571655106      
   6.02662631065683572871467337761227104      
   6.03429112984295503741227996205201442      
   6.04196742382207503125666434414672242      
   6.04965403891092838748952616419805721      
   6.05734977820980856998989300513441318      
   6.06505339254953641761322942721842890      
   6.07276357063405851514882169203595840      
   6.08047892857501559052677375107589857      
   6.08819799880450576186727744188684414      
   6.09591921786082961824485521331314023      
   6.10364091367344654031018502733575814      
   6.11136129141003916545665083025074617      
   6.11907841854210584159606048872917849      
   6.12679020841373533861774571504529889      
   6.13449440255882693610408989088923977      
   6.14218855146804486100701151908583842      
   6.14986999372615286857722160584853408      
   6.15753583321910068124426333520402280      
   6.16518291443324566289497623591104047      
   6.17280779549646475877925637402305832      
   6.18040671880505606074038145624085147      
   6.18797557903370348444519825622232056      
   6.19550988823280130449908052252771459      
   6.20300473779508345993488938024294339      
   6.21045475700140498607220606694707831      
   6.21785406776204859934358156877998309      
   6.22519623527808613480902433170773679      
   6.23247421416494043804135916428116205      
   6.23968028956203857003061979651815828      
   6.24680601271084488649040748616195676      
   6.25384213031334994718225905843559411      
   6.26077850693657687520531081745187078      
   6.26760403957640060063996552150252156      
   6.27430656340124670556898102414673737      
   6.28087274761452637998015164232134974      
   6.28728798036443022987120809400241841      
   6.29353624168073348503319072128940457      
   6.29959996367571294319467204503635932      
   6.30545987749315929356782718738579221      
   6.31109484705729675706779430011717720      
   6.31648169019126485233425166271585704      
   6.32159498827468613719385282458688812      
   6.32640688613352869369584607570457854      
   6.33088688403605452590644928343462651      
   6.33500162353541044740433083727008569      
   6.33871466821542845578023721938840141      
   6.34198627905120272715787709398357342      
   6.34477318248715125140909000815162805      
   6.34702832732463948861233723023515915      
   6.34870062502959332756213385523686029      
   6.34973466736633280693322067789432558      
   6.35007041611373826336694858726337906      
   6.34964286252313633900934012803383212      
