   84.7290503831216973642201309025508515      
   84.7260941869651993494979471084698427      
   84.7211561688949210725091270895825487      
   84.7142273681850039750997220227938597      
   84.7052985611533864021003064165444571      
   84.6943607652370824220811812045144438      
   84.6814057043077875186265397291919257      
   84.6664262299562104369236309396455047      
   84.6494166877361943383119608587968658      
   84.6303732196419218024195951285630977      
   84.6092939965715720232641909702654677      
   84.5861793739922743045116464413970537      
   84.5610319518429685923682947921774633      
   84.5338564899438636159985090094367093      
   84.5046595812184505496966594920991115      
   84.4734489285734747008578650690631916      
   84.4402320323886927594204043413263199      
   84.4050141023495380149175841996162088      
   84.3677950736392334056258312128255450      
   84.3285657246823458642905462893392957      
   84.2873030345449304224652887986593504      
   84.2439650475137143271299508908662850      
   84.1984856013317566240219539717287848      
   84.1507693093181426522150324533421185      
   84.1006871643181992088514405719270148      
   84.0480730645137857912346872825418867      
   83.9927214677393856718398481931768165      
   83.9343862757028580793381100095378930      
   83.8727809499498430801029470612084766      
   83.8075797780856426110222876894292322      
   83.7384201447654050923491077099706525      
   83.6649056214388478408209814232756715      
   83.5866096687281182665202591295029763      
   83.5030797431883284681045602057859750      
   83.4138416104952605959544697111963039      
   83.3184036887041085831423234400567616      
   83.2162612708706431559245122463043499      
   83.1069005052869949633337840679167595      
   82.9898020404497859416757907978602301      
   82.8644442695983800806387485488628851      
   82.7303061336370054771876884399133938      
   82.5868694625951253183715195620101032      
   82.4336208534625435830353944708963823      
   82.2700530953213336325103529062220279      
