   2.63832749831767334627303024877432574      
   2.63841925767092640733995819541989510      
   2.63857210103611414717227677521753813      
   2.63878583738208172650016633740793827      
   2.63906019958987120146057332259254674      
   2.63939484330872454492458241326797523      
   2.63978934763368596961965645610642949      
   2.64024321804073655028866018276205056      
   2.64075589154579431241597975452809073      
   2.64132674375944970178356619512882650      
   2.64195509726755075098848225588064634      
   2.64264023051844637884843132017115921      
   2.64338138593937366535003564898101614      
   2.64417777530783722668370293396675075      
   2.64502857954690904222533543033301045      
   2.64593293927926965441745228055098936      
   2.64688993188786075172674409373264738      
   2.64789853077606496642356056204897975      
   2.64895754326187542405347365711381943      
   2.65006552522191041390222026322827286      
   2.65122067312940651755884156529221008      
   2.65242069710547941146584000668020277      
   2.65366268147126581678111470792673011      
   2.65494294151954582516335872111468267      
   2.65625688641694116046635810345577270      
   2.65759889813127148033262891865592251      
   2.65896223522747402173235882460557568      
   2.66033896841912237813396079351584242      
   2.66171995231563729466352727789843793      
   2.66309483521831219703166079782455635      
   2.66445210631548685828612713516505719      
   2.66577917750454095712997444305901132      
   2.66706249540953857967257627658614808      
   2.66828767804326655615650838223700606      
   2.66943966992510209864670491601978961      
   2.67050290934326397956075184027000990      
   2.67146150165758427129775315425307455      
   2.67229939305476235246843259895122551      
   2.67300053987214440643972800379509828      
   2.67354906943625109326413384585527944      
   2.67392942920652133267918842250879999      
   2.67412652186918835055501123912994954      
   2.67412582482821803995605078986462623      
   2.67391349323517136642472753032223331      
