   5.73283470321899368218185456535154028      
   5.70546317482771448617129100325054725      
   5.71054335483756846688992588028008513      
   5.71576960702094396742773881150269620      
   5.72113446897338564685487015053320278      
   5.72663079414047328243764184805403313      
   5.73225175967831445624456144500976020      
   5.73799085019823355251398985572188652      
   5.74384186591545358197349900981165029      
   5.74979890759786761965320907861755567      
   5.75585637220641562673561810344861178      
   5.76200894438945920472008308285749389      
   5.76825158361725129612059937355466835      
   5.77457951916789591335996498808501843      
   5.78098823618246254725079828759324144      
   5.78747346542501625436758264928800375      
   5.79403117260422550831462929481812429      
   5.80065754818212666860618454321024106      
   5.80734899584758316523474036993882570      
   5.81410212261026034900041328949296087      
   5.82091372888660486189486298861517095      
   5.82778079591406097431288915567058315      
   5.83470047936334051666476620642539733      
   5.84167009520278275557828587895236875      
   5.84868711529813065458399249365435748      
   5.85574915480933513418242032532412931      
   5.86285396407604907151599642611975570      
   5.86999942124774013886116621046339214      
   5.87718352285208117808037356222808841      
   5.88440437647537243700738662988358419      
   5.89166019221013854703538368842490546      
   5.89894927688784061973889035206194756      
   5.90627002443411925263741095537337819      
   5.91362091152093590815031924398481615      
   5.92100048780628097900370005743765266      
   5.92840737192257125621709903457080115      
   5.93584024279999398392541699329142073      
   5.94329783456083444639048159422387353      
   5.95077892964195292287733655288601590      
   5.95828235221744830412131630545470987      
   5.96580696189727605656774645304229411      
   5.97335164801707226289282836866828626      
   5.98091532266373976033008398031125221      
   5.98849691435520638551619429097619743      
   5.99609536139726533358013745581196971      
   6.00370960548227091025686697296656367      
   6.01133858420283661854410392513694645      
   6.01898122436684090968020234551295199      
   6.02663643429829618515950930787415245      
   6.03430309596514029113067380726997036      
   6.04198005692948636409283649247984825      
   6.04966612150335095212618463453171463      
   6.05736004169578788722162035855748950      
   6.06506050727149709672246279893292266      
   6.07276613547057140081836699046467754      
   6.08047545975557124764611212774806243      
   6.08818691775858656518329321992646192      
   6.09589883835369738634603207201465681      
   6.10360942779594234543306300822828113      
   6.11131675451257161599657291108729212      
   6.11901873288955175705468270514936907      
   6.12671310550599259756039997890126660      
   6.13439742390605538969433464606420001      
   6.14206902775153423088917531051728961      
   6.14972502207426807559969272379596802      
   6.15736225256376716343293499956499269      
   6.16497727857468165128170205573226305      
   6.17256634385974039783280541109137778      
   6.18012534451022750588446012226773982      
   6.18764979413746433375363314482518298      
   6.19513478581893134710834977326547455      
   6.20257495068300377876234182901504521      
   6.20996441267972350242100983339308531      
   6.21729673927784101732378215085792072      
   6.22456488760776089830619288271234762      
   6.23176114562620996512267685821328198      
   6.23887706773265958880445682243729772      
   6.24590340417650436207210453115623113      
   6.25283002351907110252910883368769940      
   6.25964582726133027682753169390133838      
   6.26633865565897267186462819643273840      
   6.27289518369597850862357151085502849      
   6.27930080610145924360277055983729313      
   6.28553951048435620996319462814422398      
   6.29159373774058900165391138717212394      
   6.29744422934732832381683128942300590      
   6.30306986154027465501911062113847966      
   6.30844746699046258629417801822883570      
   6.31355164522095132355561987596503073      
   6.31835456334764065199681421799828081      
   6.32282574918726879643791240124763740      
   6.32693187830799279637153514708053457      
   6.33063655614850787766524935200374226      
   6.33390009486387037272790763204690178      
   6.33667928299345094254317638191941318      
   6.33892714404458522785747371663914533      
   6.34059267868669616884553049375723607      
   6.34162058456855519363009236349750923      
   6.34195094875006281198125851274390599      
   6.34151891067113608822040904172691975      
