 0.98748468393579E-03
 0.25297296542658E-03
 0.24871076105819E-03
 0.24452690713058E-03
 0.24041931103870E-03
 0.23638599534041E-03
 0.23242508262886E-03
 0.22853479688490E-03
 0.22471344642538E-03
 0.22095942282441E-03
 0.21727119205106E-03
 0.21364728846036E-03
 0.21008631135469E-03
 0.20658691708468E-03
 0.20314781665291E-03
 0.19976777134150E-03
 0.19644558892409E-03
 0.19318011998531E-03
 0.18997025526442E-03
 0.18681492252691E-03
 0.18371308382761E-03
 0.18066373431217E-03
 0.17766589850739E-03
 0.17471863040265E-03
 0.17182100954248E-03
 0.16897214098270E-03
 0.16617115353496E-03
 0.16341719800292E-03
 0.16070944647490E-03
 0.15804709097992E-03
 0.15542934280841E-03
 0.15285543097678E-03
 0.15032460226993E-03
 0.14783611951286E-03
 0.14538926188860E-03
 0.14298332336077E-03
 0.14061761279905E-03
 0.13829145297484E-03
 0.13600418022394E-03
 0.13375514405310E-03
 0.13154370669590E-03
 0.12936924252098E-03
 0.12723113784179E-03
 0.12512879052190E-03
 0.12306160966424E-03
 0.12102901520633E-03
 0.11903043778537E-03
 0.11706531832075E-03
 0.11513310781565E-03
 0.11323326712048E-03
 0.11136526664769E-03
 0.10952858618698E-03
 0.10772271464490E-03
 0.10594714987054E-03
 0.10420139840230E-03
 0.10248497527990E-03
 0.10079740385229E-03
 0.99138215576362E-04
 0.97506949794867E-04
 0.95903153570230E-04
 0.94326381455140E-04
 0.92776195305746E-04
 0.91252164077865E-04
 0.89753863605793E-04
 0.88280876392838E-04
 0.86832791382490E-04
 0.85409203742874E-04
 0.84009714603023E-04
 0.82633930822605E-04
 0.81281464713864E-04
 0.79951933777283E-04
 0.78644960396833E-04
 0.77360171535752E-04
 0.76097198393109E-04
 0.74855676043547E-04
 0.73635243033739E-04
 0.72435540928761E-04
 0.71256213812299E-04
 0.70096907707662E-04
 0.68957269925638E-04
 0.67836948318696E-04
 0.66735590455144E-04
 0.65652842693010E-04
 0.64588349204526E-04
 0.63541750961376E-04
 0.62512684750335E-04
 0.61500782275620E-04
 0.60505669426971E-04
 0.59526965789763E-04
 0.58564284442677E-04
 0.57617232076014E-04
 0.56685409386438E-04
 0.55768411663575E-04
 0.54865829404608E-04
 0.53977248752886E-04
 0.53102251530214E-04
 0.52240414667620E-04
 0.51391308920279E-04
 0.50554496892611E-04
 0.49729530572343E-04
