   1.83402159645120136314908412593430654      
   1.83032352492006392909563073915919616      
   1.82637013884505542441111146217261159      
   1.82216502787723392967605361305892729      
   1.81771259795745974324533439055098710      
   1.81301800614321008435472396500396254      
   1.80808709585226532667975006762498797      
   1.80292633327407656348462567832616750      
   1.79754274557553955971878993737346932      
   1.79194386141569356143622769061765540      
   1.78613765418429061025693359314115748      
   1.78013248829217181502207679464234308      
   1.77393706876693200384770187352742694      
   1.76756039434496880764472074558665564      
   1.76101171420011306925496959758039572      
   1.75430048840931033055183769671863126      
   1.74743635222642963149390876289322748      
   1.74042908421607235592020119184469158      
   1.73328857828940932873738206855595044      
   1.72602481968429428487291970804795766      
   1.71864786494132638081656305719047890      
   1.71116782594695134616043741916268831      
   1.70359485814542100771846924422154801      
   1.69593915306338805861886293772937119      
   1.68821093534754939067209667380130280      
   1.68042046458820471364976661467768706      
   1.67257804229502960678845348025491863      
   1.66469402450932325572374855460371400      
   1.65677884068824818536005323377421740      
   1.64884301968894457463515361132997728      
   1.64089722392870256992064525836015414      
   1.63295229311893907438344944452891656      
   1.62501929939170350533082852355100355      
   1.61710961619408009464293222007188967      
   1.60923500406951731938878684723638899      
   1.60140771745148589363863580143889438      
   1.59364063797255017616540749880940208      
   1.58594744170537904585610558915582828      
   1.57834281044831056680666747176611102      
   1.57084270102837210032256776533792609      
   1.56346469221944956082621436537499699      
   1.55622843722740001808442272738120124      
   1.54915626236680990490777402561863809      
   1.54227397223350957195345296084979880      
   1.53561195304502679131983696154253869      
   1.52920671730448888829604055557473449      
   1.52310312027491820527201562436636501      
   1.51735763255231368355783827673502698      
   1.51204333578778279603255769777726460      
   1.50725785508150786794937995902649497      
   1.50313656191782472502785764328453273      
   1.49987584897435072396525405372577029      
   1.49777722579351900273968455758612816      
   1.49733913894464220398498842173767899      
   1.49947527988087343069810717246987567      
   1.50615178801709286050494772201934125      
   1.52307489125216158889114685586291495      
   1.59239034848797923989481161805216694      
   1.33307807455709478668212512557952475      
   1.28047037422334560799576710456279782      
   1.24429704045755641105349101173150672      
   1.21442876904415226505394768314571169      
   1.18804891127594014758326779103229640      
   1.16398480174847156146480655542423841      
   1.14164842171586650817952129066737650      
   1.12071301688500326269550191698339450      
   1.10098956174373301303535170160778703      
   1.08237526360844007742642795884095808      
   1.06483218428383521474963508433854201      
   1.04837877498149743346118118332784262      
