   4.09454536989597524407493332461928881      
   4.02121296607823883004166260709623670      
   3.94718142975358815059605774553095957      
   3.87211451627782627799581247205212251      
   3.79562646741768308681795057450934371      
   3.71726622472216757980493501856425050      
   3.63649610996759360799171703313987622      
   3.55266261375805660918251240854277618      
   3.46495603777641007870474925408300216      
   3.37235492273237516371283814523932206      
   3.27355135282123887140259990320123447      
   3.16685595177610694948345378917247387      
   3.05008407965250126225497037548332939      
   2.92039401391725450273415213209869220      
   2.77388074920228886783307230245213619      
   2.60440833654160462078117683984880281      
   2.40088725001842755464376824127548648      
   2.14066526423786104825368783609402605      
   1.76526292628484854525643402297751764      
  0.914145108473568865953719538198505861      
   13.1626971581708673403806520097772624      
   22.2218088280502884102231783168188842      
   29.4854308420740435724278287438562285      
   35.7642866759741207326002551250309370      
   41.3896952158080388040791913661605154      
   46.5394550263086063353136740370110667      
   51.3229835117630490068290712272521724      
   55.8133079540086374068182149393772859      
   60.0618603488710383749175542392092785      
   64.1062694225454142434916353939167121      
   67.9748026620016574528368006918658569      
   71.6889843130436163905410820676703496      
   75.2650742798967090711312453970999607      
   78.7146567682707677856765547716817606      
   82.0441621909561474933363984493721909      
   85.2519971401652518388558601499700782      
   88.3121599578495558378165334059392991      
   91.1735441109154573497035581960480612      
   93.9595502949015496289353364760471030      
   96.6766661424910776509452708090689421      
   99.3285671182093725509655975266142056      
   101.918611136988115981294680197358428      
   104.449875104408292025237134915253262      
   106.925186133260951179923266917342671      
   109.347148436641096768745419952346429      
   111.718166659295840874291266052062242      
   114.040466237251910520876599437622739      
   116.316111250541123637173984720167167      
   118.547020141193954950570490640123459      
   120.734979599063718541279250229746715      
   122.881656864855872278544014613857216      
   124.988610658423054031297941403445465      
   127.057300907740521920176538388765607      
   129.089097427773060318317547895867935      
   131.085287677089896656109778339317785      
