   60.0880545252377313396873104037363040      
   59.2991529530590502504761098585507983      
   58.4359762668289186807999134072757623      
   57.4856738760829622608265826669074625      
   56.4318269106295923117481898203449958      
   55.2529975002076154664843794597897910      
   53.9205850174824417455092979411249859      
   52.3958286399182730211084285102370960      
   50.6264690366619410099826431408179261      
   48.5458040465513157384525391054882719      
   46.0756822893084725125503372361619377      
   43.1075223788421179184812507085606089      
   39.4245575773204070019851861100649439      
   34.5656918000553603494633146145464010      
   27.3993386532613382790899248031650244      
   12.0846671682708225961338611319817634      
   6.63698009227264766866421350542259095E-0005
   9.64792376187895746713182056097623310E-0005
   1.18411734308169043068653149845925001E-0004
   1.25674969886652587473319062388782130E-0004
   1.33788590724297692420924360911807593E-0004
   1.28092701037236894564152501442650759E-0004
   1.21051227707176645103617678844283979E-0004
   1.21565143301912340947599860724831198E-0004
   1.26978069605332427955335680220060069E-0004
   1.25643192859125341551751762299628482E-0004
   1.23600325548921532009937747571251989E-0004
   1.21269756495909941836651199865311336E-0004
   1.19251297657625305445240559840753741E-0004
   1.19999140100674642332231737271706373E-0004
   1.33625442492857760811929160609347248E-0004
   1.04539999397526002620828632036352630E-0004
   7.95987082196025037819113527577705976E-0005
   1.01881908139509727775606187078135541E-0005
   1.01812655889991456517986760200597146E-0005
   1.01753812045992723926452699803872881E-0005
   1.01703439653621617685694287731868804E-0005
   1.01660023590973336133964674027984677E-0005
   1.01622366656168787078089587453288884E-0005
   1.01589513958608596297069101519709781E-0005
   1.01560697225939187205948744252021209E-0005
   1.01535293311078177201789589614229065E-0005
   1.01512792949166447815767791794276703E-0005
   1.01492776998366409318408544255390811E-0005
   1.01474898203702821395237649894671319E-0005
   1.01458867077963283564117316367304009E-0005
   1.01444440880612334009753300480937762E-0005
   1.01431414948628376815704222033799511E-0005
   1.01419615827799156484125003423539557E-0005
   1.01408895793201316013406870207201507E-0005
   1.01399128449535655772113625731827741E-0005
   1.01390205176796994553666728989787664E-0005
   1.01382032242121405126157549144248668E-0005
   1.01374528439960309458553344828437613E-0005
   1.01367623153787289030333076888866503E-0005
   1.01361254756063887752441326819542017E-0005
   1.01355369281128376317401522090603195E-0005
   1.01349919319441634521214513783772641E-0005
   1.01344863092262904328905305180911545E-0005
   1.01340163674096372752633610737828608E-0005
   1.01335788336713105893786350794093340E-0005
