   4.31295846814831015965882962349270362      
   4.25341775487016820476867299957221783      
   4.19476499179453151009622825931279739      
   4.13691372491635908497632418284575508      
   4.07977991380433290734737271095029802      
   4.02328133395665965952655917302343880      
   3.96733698987766641383829952851993092      
   3.91186653244382470520743824254732008      
   3.85678967342512927559443420412928604      
   3.80202558910289121307757929213870669      
   3.74749230372972222000690861506956932      
   3.69310604204499964034947071649256223      
   3.63878053809230568360498695200154453      
   3.58442628505300856870226215789818418      
   3.52994970753154247711445227804852533      
   3.47525223345531950552374189748169771      
   3.42022923714115027621892013491070173      
   3.36476881765290327553922688436304023      
   3.30875036664968580138270156732368547      
   3.25204286653164983287689648515069826      
   3.19450284141109552309397373378584129      
   3.13597185817475995990679772122195842      
   3.07627343949307276882488466553115912      
   3.01520920018969437076630666140506853      
   2.95255394520389887563227259395043160      
   2.88804935893660444130643301636161171      
   2.82139575114687338262428145445504136      
   2.75224106760753147355407816186258743      
   2.68016595968725001607037301238132841      
   2.60466301552568535881672732770173266      
   2.52510705334124165345789220912918259      
   2.44071119298704090882753993346734761      
   2.35045925276868286524150690038958924      
   2.25299660495949186473939876158897950      
   2.14644347009465869578301737508323949      
   2.02805196228877210862357207704798654      
   1.89351561824311573856928903075526782      
   1.73539082021465299605148386606609416      
   1.53871150218901202557693134116054211      
   1.26369167140052888375836845555743911      
  0.641983329632923548072942872376347895      
   8.20640315625962503092948799939297275      
   14.8683790725950650607313512992240873      
   20.6723521154296247257076996822250093      
   25.9674046949842260435854388904861596      
   30.9030524365213474634438996441208770      
   35.5623406734584983586962467685714204      
   39.9979126077255567698437220198428752      
   44.2459433253626742119245032715384437      
   48.3326417253015810315984393248990506      
   52.2776697992174831290513033906312307      
   56.0960905547028913006955144607394743      
   59.7995310070976828169736515485853649      
   63.3968729387469005277327805751573293      
   66.8945932164898605535750228244690030      
   70.2966872786299101912747122704786068      
   73.6034057181276238485066189177406415      
   76.8042566400726900875826008773372802      
   79.9198649566615108986353806292595092      
   82.9610712895962754881798033262733511      
   85.9319354651676233977943895223233000      
   88.8361264208792952855384982319834231      
   91.6769731672296016148181396819787254      
   94.4575073746244213985065724298193946      
   97.1804993204007647469896319309306200      
   99.8484884860967856270215140761636910      
   102.463809784242355244121083860224550      
   105.028616172195284553892163495471251      
   107.544898249146218974126273181922259      
   110.014501312619929789407606576957280      
   112.439140260215231826818065840786845      
   114.820412652624021967447630910078643      
   117.159810199473667881695406544569483      
   119.458728886299999042074290660484707      
   121.718477926214516153601871285451015      
   123.940287691581271491125068306122124      
   126.125316757828611004216988095379998      
   128.274658172313374811936055391910844      
   130.389345045125694682424323557145693      
   132.470355545264339583192012837241250      
   134.518617374241357265058549673378288      
