   1.29805688154448278296048186108034460E-0002
   1.30778098499010843208857348780864807E-0002
   1.31880403093876903338876470088762463E-0002
   1.33144773023060219131454925882026996E-0002
   1.34616244484436571615408331379103924E-0002
   1.36360157527584012065538337223340312E-0002
   1.38474516435444360947718835264792566E-0002
   1.41107502957718882870363456897066882E-0002
   1.44468018941679863354382491403751309E-0002
   1.48835682665779635495395021452640255E-0002
   1.54760981544099719964798625652548499E-0002
   1.63613752623079900582389473287256079E-0002
   1.79411577632181455058949466833649921E-0002
   2.24851125462971513778962541204941163E-0002
   11.2333315156428890348611560822313424      
   22.1608740389299370019359641552101531      
   30.2604911941738509798341934341345040      
   37.0291772011685719563823025015556200      
   42.9719678474390578173174975478806722      
   48.3381022436058086367227647697177290      
   53.2731897420582223523087274844207097      
   57.8707222785463003688362265012476314      
   62.1945897207817136159639824153096544      
   66.2906616525342461230197780410898593      
   70.1932876732487371367971063598440565      
   73.9290611710225959246909181901820311      
   77.5189884241594802091666486914004814      
   80.9796548784599852724423189269257346      
   84.3236175269118189663464058299475970      
   87.5588687213233375109073032157089936      
   90.6863703613958625969913449278003063      
   93.6905392976084409478144397216056120      
   96.4717594510407446092137769540794630      
   99.1073005861852713074865259937143955      
   101.682489926760229934812191439598849      
   104.199912540842590568567368674707943      
   106.662006296720541972621121872679228      
   109.071069247254369253918457264856206      
   111.429267156200817889015892723928212      
   113.738641025085659513381995278003314      
   116.001114516355710981644963378885209      
   118.218501193353208951235097395500167      
   120.392511516255455841125859215170607      
   122.524759548439929846775595475563724      
   124.616769340960564511358068620288768      
   126.669980974117801714484581435862316      
   128.685756245055791993557257211053348      
   130.665383998285253095897158176755882      
   132.610085102744786880696782946769225      
   134.521017084126142841388714365019177      
   136.399278425036003622305940980018308      
   138.245912548336391064716420785548032      
   140.061911500794435851948554085438766      
   141.848219355217051216491273055106955      
   143.605735349673494289223327405012455      
   145.335316782363836376001836433105300      
   147.037781680299467883593922597761419      
   148.713911259297405386730612555587166      
   150.364452191974197153212476904638110      
   151.990118699479788446849551039122155      
   153.591594481710659331811961346456189      
   155.169534499711858407617284511427944      
   156.724566622959677338721636175371171      
