   1.83922991432669943344309328084635330      
   1.83584720755354269094328239010396141      
   1.83220938517830204021535357298888507      
   1.82831909077673883049825303818364787      
   1.82417983105762374770361374370913936      
   1.81979591303480259193459417035920026      
   1.81517238075612270449152502517719649      
   1.81031495244861576613190006302081984      
   1.80522995880839499478393239287333644      
   1.79992428304408426868464166869567257      
   1.79440530317390892559839270511746692      
   1.78868083698067071351572075968905932      
   1.78275908994492873805352850502064964      
   1.77664860640509987605594199095714048      
   1.77035822413356273396947910202624059      
   1.76389703246902997890502365381335122      
   1.75727433410836805288808410888057927      
   1.75049961063316479812125579896739403      
   1.74358249182949637818630036522379634      
   1.73653272885127896518126272549739256      
   1.72936017127973647423121741477602381      
   1.72207474814301062211492535326785810      
   1.71468645298192324351507278879365149      
   1.70720533308086564860824754774916606      
   1.69964148302844255736090860616500780      
   1.69200504283250357113946597255725584      
   1.68430620089208414846215794463371050      
   1.67655520222778669480799758094956580      
   1.66876236249882584801858697152187814      
   1.66093808849586100216769379816930514      
   1.65309290600569235918351439959081708      
   1.64523749620994552707536318123596643      
   1.63738274212650044972671665916032248      
   1.62953978705707952737394365190281731      
   1.62172010760692526811422665827016014      
   1.61393560465114840490378255947221076      
   1.60619871671854486493500194486138001      
   1.59852256177147289651370486673581621      
   1.59092111546087507011370319182294810      
   1.58340943690816511312005483293359276      
   1.57600395734009777008795914185066397      
   1.56872285316124984253840787862701264      
   1.56158653439273856136897352544020788      
   1.55461829366316632210661895327380645      
   1.54784518322081796200741830839857144      
   1.54129922321161848279310284223896333      
   1.53501910366192967864158301307186396      
   1.52905264394553000469305994851839455      
   1.52346045387065577569580548753584728      
   1.51832157616418750772624667238247705      
   1.51374254813854876759964515060443024      
   1.50987269275544080207499845333732032      
   1.50693153732386039627648474181074945      
   1.50526191127158680563947838545271078      
   1.50544386676007505608910387448073053      
   1.50857780152403490037117000383024533      
   1.51717407943856389205968174639618899      
   1.53952662680581767508564333347342036      
   1.46395399276534064492123543211481924      
   1.32340386508561711869568200595804280      
   1.27701838471718859010076590246287652      
   1.24277053700206011224536380989717806      
   1.21382880740326614613842531879724798      
   1.18799593554819794260166239981594808      
   1.16430058689648373880468949268812210      
   1.14223945654443859674143726815960270      
   1.12152778918827355210078747482441953      
   1.10200063322135715273177096830069262      
   1.08357133322706352994258985634541469      
   1.06621439307411368826845492185734288      
