   4.40052310032700754400620692302228321      
   4.34526144756736535978533464788929888      
   4.29113018263944158887257127870727988      
   4.23806268256226032687833918227473525      
   4.18599598019845751892619959167441427      
   4.13487038188289083434402972866690580      
   4.08462911902360151810091127156626979      
   4.03521802986585433600222803894991667      
   3.98658526796828454172331806633467355      
   3.93868103423726176954199096673617803      
   3.89145732961341314930485318385309792      
   3.84486772571028741128076805954172275      
   3.79886715087581132861224068145110749      
   3.75341168928592633978590207830795689      
   3.70845839078919292254826375507817994      
   3.66396508930136954102573642351030056      
   3.61989022760039178256492331888331540      
   3.57619268639265917596490006855852005      
   3.53283161550845996478707591468983284      
   3.48976626503450753644194298663088673      
   3.44695581409882951571736701839015214      
   3.40435919488111909827844093693969788      
   3.36193490922186253322022286924186265      
   3.31964083493312154106336304323378371      
   3.27743401855953605244850006885669696      
   3.23527045087917525921582068921360815      
   3.19310482084650974378915177924447719      
   3.15089024292947613263569815701067000      
   3.10857795183813377546678465167748015      
   3.06611695742412247871245624347353758      
   3.02345365097241013635147583809077595      
   2.98053135210608754346888159241833208      
   2.93728978293932710059561939675278210      
   2.89366445275071926583844184412523900      
   2.84958593203961049748765606020378383      
   2.80497898899534103478918227371441629      
   2.75976155361812045903850790172130786      
   2.71384346421001398845838750397443432      
   2.66712493658003833688748215798192433      
   2.61949467641006641368287871787408920      
   2.57082752728973393261060273830961486      
   2.52098150707726188387005611530443114      
   2.46979402740268255398560030302976779      
   2.41707700553834703593756623753674523      
   2.36261044843513054090925865878358887      
   2.30613388818954019274600127024173527      
   2.24733472881496563138530070615824256      
   2.18583203922097768385529763135690261      
   2.12115343266803441649186506441931164      
   2.05270108305415167041699536860591836      
   1.97969996082371007319487143184773691      
   1.90111550125097305259422479366568769      
   1.81551546670138491372480961090239889      
   1.72082198153148423843346159139917306      
   1.61382546362613495776788068287148116      
   1.48911020098165821853182884342109321      
   1.33622003614742076484758060208264444      
   1.12957792773330748435637851886396216      
  0.754562082033598344077428945659387500      
   4.63568872716495007364210698022049137      
   10.0087470880115997153286480131156756      
   14.8025054847033368688604406188161943      
   19.2917506284005813394745086472038177      
   23.5767210913389319862862501722962261      
   27.7084066849285517961865495213079996      
   31.7172244149671969029139202783230929      
   35.6231952296443021794457580375839139      
   39.4404118072363911201841095049531083      
   43.1792604991351869493662499206334804      
   46.8476136702664835478420784764511749      
   50.4514980181848408877320503395260131      
   53.9954757356216275328779192818479421      
   57.4828589222868556806734872017086888      
   60.9158199770550295794015924548318487      
   64.2954256060015125326380687453746745      
   67.6215881937541828378020515530773538      
   70.8928535462136028964645388064849692      
   74.1053829604709414830022955249877824      
   77.2538938235613482341381338052220502      
   80.3405727537083973006255708902728463      
   83.3675925838195954363976991398481785      
