   67.9551450327296061014037241125610400      
   67.7564582805948098374849213794283713      
   67.5526770700385546582995600061183213      
   67.3437563246901858696828428555490748      
   67.1296431280987087230713528990704144      
   66.9102758415819087216200480533344554      
   66.6855833095476984964106237997539795      
   66.4554841449512224956112052313162471      
   66.2198860860699250680074235495501489      
   65.9786854146967410024725222843713367      
   65.7317664251002384318448624478486487      
   65.4790009326182610552374887400228315      
   65.2202478104721478756921995312818781      
   64.9553525432588060916620174579835684      
   64.6841467855475251668276259692984191      
   64.4064479140236739379091087337976807      
   64.1220585616508450997669052359017013      
   63.8307661223148949466436861576909495      
   63.5323422143409937521066842437533157      
   63.2265420910998798210360706333517842      
   62.9131039866087805064115716566597823      
   62.5917483835530051137361972287372628      
   62.2621771904723074167870971010713364      
   61.9240728139308893428900294864373506      
   61.5770971102813192839337527512571708      
   61.2208902000892056531346632304161383      
   60.8550691263498051200736917498942781      
   60.4792263352266093353140688259767363      
   60.0929279550901704196747882891553330      
   59.6957118460239508285275361249322984      
   59.2870853875578378705833052009466348      
   58.8665229670210697528714206742234306      
   58.4334631243603629850450540682120921      
   57.9873053012746701498441402549590782      
   57.5274061327300716654615479474548936      
   57.0530752068892991530025464315168054      
   56.5635702046464944098546978677186705      
   56.0580913115491898412489162355318444      
   55.5357747719338288274596278904818049      
   54.9956854263014537200024622443867379      
   54.4368080365909025933889468041739223      
   53.8580371577497926229435347870393071      
   53.2581652547180257883491642308742584      
   52.6358686873283058998012685361937044      
   51.9896910857502465537073310815805456      
   51.3180235076499760030044812601773666      
   50.6190805934388785436880224876101930      
   49.8908717009674189509325400293599574      
   49.1311656812187271561021729275149925      
   48.3374475156686811123500556364752761      
   47.5068644194134229473043680281683116      
   46.6361581382917516356289808775972923      
   45.7215789022393454526110655464022882      
   44.7587746316533582869738091595210332      
   43.7426461848635537705052207414975217      
   42.6671551019903178792544709313396446      
   41.5250634294918026676781513903958613      
   40.3075739642891525911169331731630604      
   39.0038201690158766362926164597471662      
   37.6001212110589796335546387512877809      
   36.0788546810303108755128953996686176      
   34.4166754001050839391258047327296331      
   32.5815456894179375957616415604236580      
   30.5274343424034415808873178366579657      
   28.1839698517323714999902908261619787      
   25.4336129337017628722400943405703490      
   22.0512481484224386416215174427546938      
   17.4853743069203580889750836769241603      
   9.02773697608751912096033320036348612      
   4.62381549371920525663472316529107702E-0004
   1.53686767476530382653511695451285422E-0004
   1.13143564429917049785364412488692687E-0004
   1.00849694486472644217632709441954975E-0004
   9.41011356560779889157761025898914178E-0005
   8.88859666072667988017400351964072073E-0005
   8.43931644263854821230504020734784093E-0005
   8.08944216744518410488554596120686476E-0005
   7.95998861205716731858949083777121135E-0005
   8.28686323544855008969990170784859038E-0005
   7.58294713541908166671657931002315214E-0005
   7.03102833221310679880715875513329613E-0005
