   4.42678815551129190544286978687530924      
   4.37310448873491282575520400870112481      
   4.32061885885249832763506628606326041      
   4.26926785630385851494406961271703072      
   4.21899176601028899407741016689117511      
   4.16973420423749717703056428517830113      
   4.12144179360529335056736472623339735      
   4.07406387176412961627625653639775941      
   4.02755222973833665181274871919840322      
   3.98186087636087438184877154445448829      
   3.93694582560153022447257727708645081      
   3.89276490392583597746752313453883678      
   3.84927757511934822456779543143209014      
   3.80644478027553122990930669869164839      
   3.76422879087845427155227010416952072      
   3.72259307311572184404999311763593225      
   3.68150216173584329461306234339450583      
   3.64092154191810627825891346371472355      
   3.60081753775441318698826494817730299      
   3.56115720605229024234515228065996069      
   3.52190823425724264963889944923997702      
   3.48303884136152424959137938174823781      
   3.44451768071569326793734631162492341      
   3.40631374368860408064262940525315057      
   3.36839626313072594035432349487816110      
   3.33073461558364959184262265152202134      
   3.29329822114431648671776929596033165      
   3.25605643983323430186067139274191591      
   3.21897846322946212987742810240503120      
   3.18203320001724434906947808387712746      
   3.14518915393476733566596840490027868      
   3.10841429241823347293218050435780164      
   3.07167590398541789810980846171659071      
   3.03494044209109307710024328131750274      
   2.99817335279802373026634559150409292      
   2.96133888312227301921713528918213951      
   2.92439986630665227156317491798527995      
   2.88731747951873291408374101743983134      
   2.85005096851807866426167425822207800      
   2.81255733263511927450539221193314655      
   2.77479096187621139175899169204287900      
   2.73670321601515373263198402328516312      
   2.69824193301295389275315482043222530      
   2.65935085083553184030342387105324830      
   2.61996892245041781340259333166419072      
   2.58002949810878608739348081430749781      
   2.53945934143171915293883106643808544      
   2.49817743556122570153000140583421785      
   2.45609352159602191435732122228335515      
   2.41310629205931253241499224902008259      
   2.36910113474283192350180271295964739      
   2.32394728308965300471795671195087363      
   2.27749417225857281692375828326851535      
   2.22956671539460928152363384341537931      
   2.17995908627923543565471404534373287      
   2.12842639499802134573970301580703041      
   2.07467332428348685058964118393603184      
   2.01833826774831319088953790697574938      
   1.95897060986790300117844153983410969      
   1.89599717695728633955128031799366044      
   1.82867086239415841863835575981645941      
   1.75598839506596576685698325132940850      
   1.67655128901324684195626729349918806      
   1.58831372440082283903356879905454798      
   1.48808160794747035681958839386655074      
   1.37038366597518568639867082290463502      
   1.22440197080491754924097685422757568      
   1.02241369206719213992074427784371939      
  0.614426931831607401291680010978205565      
   4.71593886677890034606939248814126292      
   9.38940209077538573468498309365042788      
   13.6587412060520035698115445400104449      
   17.7165356400182362700163637726609210      
   21.6362972389139800306501940233908361      
   25.4555595220789922676000477363957187      
   29.1964783455835480427491238736616869      
   32.8734024308752630892436950909308180      
   36.4962620569694998771718247413886889      
   40.0722620987813120738084731044062619      
   43.6067731469867605280700620052706538      
   47.1038013988474814541003439174714826      
