   64.4462363579724007088257477151970064      
   64.0330592958816275820075787965272263      
   63.6002383859220273133528575227698246      
   63.1464191190926640359597899876674957      
   62.6701174109433898530205202344538521      
   62.1696997163097711432268051229075081      
   61.6433600533618651143611922297599873      
   61.0890933380482839945192216670342041      
   60.5046642520053797374037828841781181      
   59.8875706365610085385130807599058335      
   59.2350001037656380881696381912610508      
   58.5437781560874434840678886170004847      
   57.8103055722636450088001370703015630      
   57.0304820946779739908267611902681102      
   56.1996124665132314152645080249116977      
   55.3122895006037640340935362708365102      
   54.3622469423120843714251803481797171      
   53.3421721357498698766217148171567800      
   52.2434644408094911147524475093596119      
   51.0559191031182621948826599441224266      
   49.7673061173287410883784321082893268      
   48.3627958954851770616562752093901886      
   46.8241502778024868374469320045920114      
   45.1285310399257670135876859862347433      
   43.2466404217004637929380757260956417      
   41.1396171851138413855872180245918881      
   38.7534803116423708533018048228866779      
   36.0084350307724289561232395840279554      
   32.7763068973389339554781223942219984      
   28.8254025411165797521289581335091046      
   23.6456839034623928209622282053118513      
   15.4684138802383540319634800619686054      
   2.84103323782511384169945621799709381E-0004
   9.60910025141568856563856407381128376E-0005
   8.97462265418600386721730670614026780E-0005
   9.36367050159678075137142788727167496E-0005
   9.35606813065798788260678940362318141E-0005
   9.22333212246095527886543272879328739E-0005
   9.25073222793742405578498166593336290E-0005
   9.32259972900666259854688700036400258E-0005
   9.44723847522084096262368860577548144E-0005
   9.55241261076608913366073132421103332E-0005
   9.57276749294008055020141033667003898E-0005
   9.84510745418400294385777167397668781E-0005
   1.00939506007340777707854990225703404E-0004
   9.90629867055084421887978156102415256E-0005
   9.05274018512771966623486033844674555E-0005
   6.62519235475236123741271840070916515E-0005
   1.02439232892733806416728274208970986E-0005
   1.02272551412735864827552135321327608E-0005
   1.02137037581291482722609127101140638E-0005
