   4.24620690230703786351404881845102916      
   4.18324157012159876150707659383678435      
   4.12087897952808068623490887826492325      
   4.05900157767905320354681458409937160      
   3.99749065703015888707889594340845509      
   3.93622513618254556644641174351200132      
   3.87508024161809802260396902634540607      
   3.81392605821121827039981858538097379      
   3.75262590822252868543085054734679843      
   3.69103450766469804165968684352628358      
   3.62899583451515225039753000219209726      
   3.56634062387325858749343952048299903      
   3.50288337886067754223009624543787584      
   3.43841875000912670865506505803837417      
   3.37271708588761130124639162325416100      
   3.30551888748342959887882217387144530      
   3.23652779860087463865312122145796925      
   3.16540161838609869768713748392751905      
   3.09174060298537602857087097834455533      
   3.01507198189540448686852248188247390      
   2.93482905449373253637129787879503919      
   2.85032225441884100609957057212518095      
   2.76069774493778451859769842505778076      
   2.66487549664981482228430191416960125      
   2.56145133452056204065892503816998116      
   2.44853154568342640872236303579999905      
   2.32343346533006359862444479922294655      
   2.18210079758450913905872527497642971      
   2.01784410416452076927535890159378657      
   1.81817623236306155874995812444021450      
   1.55440695676617983977449608829423025      
   1.11979541016711944568847084907316227      
   6.09065287219580499396463928716653523      
   14.5048685790973938243400509430783730      
   21.2922691982815218112040152288552229      
   27.2591817951296531584666013396934131      
   32.6864674487407990302300288782547785      
   37.7175794733375834702710606553550599      
   42.4391434324509698840432392093338494      
   46.9087095540303084414241164563430541      
   51.1668805955003412007616428520773286      
   55.2434550129113473391773003800083158      
   59.1608525270680763664601710919673124      
   62.9361311773727934920452228601315828      
   66.5821710551123972084114741541879616      
   70.1082469032794749256289317764400993      
   73.5198791731088966375640116778064802      
   76.8166383968218326070519768273379135      
   79.9786333067504003244660390143002217      
   83.0425217081546374235904566112222672      
   86.0274237697679948698919749019437810      
