0.0043830842867747	5.011927525632462
0.0045572136818508	5.009959391042347
0.0047382412248368	5.0082999062988565
0.0049264425657306	5.006904573659507
0.0051221041232799	5.005734751725965
0.0053255235255205	5.004756991460612
0.0055370100677355	5.003942428741671
0.0057568851883136	5.003266229863088
0.0059854829631175	5.002707089301839
0.0062231506189001	5.0022467791223955
0.0064702490665144	5.001869745782407
0.0067271534545989	5.0015627508919
0.0069942537445642	5.001314553621175
0.0072719553076517	5.001115632166984
0.0075606795450153	5.000957938479608
0.0078608645317139	5.000834684783935
0.008172965685602	5.000740158710382
0.0084974564621433	5.000669562401211
0.0088348290762331	5.000618874120127
0.0091855952520969	5.000584729700025
0.009550287002484	5.000564320462975
0.0099294574383129	5.000555306473218
0.010323681610056	5.000555742092254
0.010733557382147	5.000564013294142
0.011159706341756	5.000578784448434
0.011602774743368	5.000598952811441
0.012063434490582	5.000623610572857
0.012542384156663	5.000652012915691
0.013040350045412	5.000683550956941
0.013558087293987	5.000717729058335
0.014096381019357	5.000754145915525
0.014656047510152	5.000792478674602
0.015237935465731	5.000832469664174
0.01584292728436	5.000873915307868
0.016471940402477	5.0009166569174885
0.017125928687071	5.000960573080841
0.017805883883316	5.001005573190584
0.018512837119664	5.001051592214229
0.019247860472681	5.001098586323805
0.020012068594024	5.0011465292191755
0.020806620402028	5.0011954091471935
0.021632720840481	5.001245226450833
0.02249162270727	5.001295991521568
0.023384628555676	5.001347723100527
0.024313092671208	5.00140044694775
0.025278423127007	5.001454194669295
0.026282083920912	5.001509002834718
0.027325597197478	5.00156491224122
0.028410545558304	5.001621967261918
0.02953857446419	5.001680215415601
0.030711394732798	5.001739706962304
0.03193078513559	5.001800494589
0.03319859509802	5.001862633167097
0.034516747507082	5.001926179590606
0.035887241630482	5.001991192624191
0.037312156151897	5.002057732805208
0.038793652326921	5.002125862382738
0.040333977264528	5.002195645275362
0.041935467339025	5.002267147027048
0.04360055173772	5.002340434859456
0.045331756149682	5.002415577641781
0.047131706601251	5.002492645921704
0.049003133444096	5.002571712007223
0.050948875501948	5.002652849939941
0.052971884382294	5.002736135615506
0.055075228959628	5.00282164682838
0.057262100037085	5.002909463328341
0.059535815193584	5.002999666903946
0.061899823823848	5.003092341463135
0.064357712379022	5.003187573121548
0.066913209815868	5.003285450281756
0.069570193262868	5.003386063729115
0.072332693911872	5.003489506736686
0.075204903144311	5.0035958751524925
0.078191178901308	5.003705267515472
0.081296052307443	5.003817785155258
0.084524234558287	5.003933532308744
0.087880624082225	5.004052616236566
0.091370313987539	5.0041751473363005
0.09499859980613	5.00430123928012
0.098770987545722	5.004431009119743
0.10269320206289	5.0045645774450485
0.10677119576971	5.004702068511642
0.11101115768739	5.004843610363704
0.1154195228607	5.004989335010236
0.12000298214772	5.005139378559224
0.12476849239979	5.005293881377492
0.12972328704743	5.005452988255268
0.13487488710825	5.00561684857308
0.14023111263401	5.005785616477091
0.14580009461418	5.005959451059739
0.15159028735441	5.0061385165453665
0.15761048134883	5.006322982485518
0.16386981666612	5.006513023964035
0.17037779686978	5.006708821800894
0.17714430349409	5.006910562771287
0.184179611098	5.007118439831675
0.19149440292029	5.007332652354184
0.19909978715984	5.007553406369033
0.20700731390638	5.007780914817374
0.21522899274771	5.008015397811406
0.22377731108055	5.008257082913244
0.23266525315337	5.008506205415555
0.24190631987059	5.008763008631469
0.25151454938871	5.009027744210926
0.26150453853641	5.009300672454996
0.27189146509161	5.009582062649204
0.28269111095004	5.009872193408827
0.2939198862214	5.010171353040682
0.30559485429022	5.01047983992087
0.31773375788069	5.010797962879892
0.33035504616557	5.011126041611997
0.34347790296174	5.011464407102159
0.357122276056	5.011813402066274
0.37130890770692	5.012173381411423
0.38605936637038	5.012544712717122
0.40139607969822	5.012927776738823
0.41734236886156	5.013322967925805
0.43392248425269	5.013730694968394
0.45116164262109	5.014151381367875
0.46908606570217	5.0145854660280476
0.48772302039908	5.015033403874828
0.50710086058087	5.0154956665034565
0.52724907056278	5.01597274285189
0.54819831033706	5.016465139905442
0.56998046262573	5.016973383431316
0.59262868182966	5.017498018748353
0.61617744495127	5.018039611528545
0.64066260457162	5.018598748634379
0.66612144396596	5.0191760389938125
0.69259273444526	5.019772114516594
0.720116795015	5.020387631049206
0.74873555444642	5.021023269372211
0.77849261585927	5.021679736246201
0.80943332391947	5.022357765501555
0.84160483475943	5.023058119179775
0.87505618873327	5.023781588724186
0.90983838612408	5.0245289962284145
0.94600446592539	5.025301195737797
0.98360958782413	5.02609907461172
1.0227111175179	5.026923554947798
1.0633687155052	5.027775595071778
1.105644429493	5.02865619109238
1.1496027905725	5.029566378530304
1.1953109133206	5.030507234017898
1.2428385999911	5.03147987707746
1.292258448967	5.032485471980013
1.3436459676533	5.033525229686368
1.3970796899959	5.034600409876375
1.4526412988237	5.035712323068204
1.510415753215	5.036862332832152
1.5704914211033	5.038051858101945
1.6329602173437	5.039282375586655
1.6979177474715	5.04055542229019
1.7654634573971	5.041872598134626
1.8357007892898	5.0432355687017045
1.9087373439158	5.04464606808513
1.9846850497075	5.046105901863922
2.0636603388546	5.047616950197917
2.1457843307188	5.04918117104804
2.2311830228907	5.050800603525041
2.3199874902196	5.052477371367458
2.4123340921631	5.054213686553121
2.5083646888214	5.0560118530426035
2.6082268660346	5.057874270658421
2.7120741699425	5.059803439097138
2.8200663514238	5.061801962075808
2.9323696208502	5.0638725516089345
3.049156913615	5.066018032412746
3.1706081669131	5.06824134643166
3.2969106082767	5.070545557483053
3.4282590563912	5.072933856003863
3.564856234745	5.075409563895451
3.7069130986897	5.077976139445084
3.8546491765181	5.080637182311586
4.0082929251958	5.083396438544708
4.1680821014121	5.086257805617235
4.334264148651	5.089225337431974
4.5070966010136	5.092303249267094
4.6868475045617	5.095495922584576
4.8737958569888	5.09880790972171
5.0682320664643	5.102243938286878
5.2704584305326	5.105808915232027
5.4807896360043	5.1095079305663225
5.6995532808039	5.113346260481622
5.9270904187982	5.1173293698478926
6.1637561286708	5.12146291389198
6.4099201079598	5.125752738892639
6.6659672934263	5.13020488169439
6.9322985089732	5.134825567803967
7.2093311423894	5.139621207806349
7.4974998522456	5.144598391806335
7.7972573063272	5.149763881544484
8.1090749530417	5.155124599811951
8.4334438272942	5.160687616723455
8.7708753923801	5.16646013236172
9.1219024194932	5.172449455251862
9.4870799065007	5.178662976055708
9.8669860376804	5.185108135810321
10.262223186158	5.191792387968952
10.673418960818	5.198723153414993
11.101227299483	5.205907767548876
11.546329610194	5.213353418449312
12.009435962389	5.221067075023261
12.49128632982	5.229055403956825
12.992651886983	5.237324674177995
13.514336360794	5.245880647420704
14.057177439194	5.254728453380535
14.622048238236	5.263872447812985
15.209858829092	5.273316051818027
15.821557826224	5.283061570420359
16.458134037774	5.293109988448562
17.120618178906	5.303460741597521
17.81008464855	5.314111460484813
18.527653369548	5.325057685448815
19.274491691763	5.3362925498414056
20.051816357095	5.347806429623295
20.86089552472	5.35958655724247
21.703050854063	5.371616598056397
22.579659642128	5.383876188011711
23.492157010777	5.396340431971272
24.442038138391	5.408979362965532
25.430860529034	5.421757363909689
26.460246310781	5.434632554884692
27.531884553294	5.44755615110222
28.647533592965	5.460471799134028
29.809023352105	5.473314901943321
31.018257636701	5.486011946725421
32.277216395215	5.498479853525341
33.587957918872	5.510625366989493
34.952620961863	5.52234451832733
36.373426757975	5.5335221894274556
37.852680908459	5.544031815819211
39.392775114513	5.553735269507938
40.996188726729	5.562482966136207
42.665490083363	5.570114243013117
44.403337609393	5.5764580546517575
46.21248064923	5.581334030029634
48.095760007698	5.584553930181458
50.056108176608	5.5859235354811085
52.096549227969	5.585244978711444
54.220198359674	5.582319522658157
56.430261085292	5.5769507597660315
58.730032066335	5.568948187047916
61.12289359301	5.558131083083254
63.6123137276	5.544332587231665
66.201844133295	5.527403856146481
68.895117619962	5.507218151612707
71.695845446778	5.48367469903264
74.607814429575	5.456702149688729
77.634883907627	5.426261483876598
80.780982630341	5.392348207017845
84.050105628424	5.354993716757288
87.446311136591	5.314265754610711
90.97371763541	5.270267898616817
94.636501078678	5.223138100470212
98.438892369619	5.173046318020117
102.38517514453	5.12019133794874
106.47968391627	5.064796920373846
110.72680262273	5.00710742425931
115.13096361674	4.947383088141206
119.69664712463	4.885895144258074
124.42838119037	4.822920936295525
129.33074211056	4.758739193209083
134.40835535309	4.693625586225027
139.66589693733	4.6278486656914675
145.10809523635	4.561666241504911
150.73973314033	4.495322932637609
156.56565049343	4.429044739042981
162.59074463328	4.363040255867985
168.81998096673	4.2974987200143095
175.25838357071	4.232585292671681
181.91104463069	4.16844230796283
188.78312341426	4.105187458240605
195.87984563862	4.042912634129463
203.20650066318	3.9816826936918828
210.76843560403	3.9215340914616545
218.57104522046	3.86247334124811
226.61975614221	3.804475356470489
234.92000370769	3.747481815449933
243.47719940766	3.6913998417533302
252.2966867411	3.6361014705428825
261.38368329432	3.5814245777083333
270.74320719527	3.527176145385835
280.37998695422	3.473138862717594
290.29835527388	3.419082020883062
300.50212985329	3.3647773441024986
310.99448755187	3.3100197073089817
321.77784231729	3.2546516080084698
332.85374146084	3.1985889172348796
344.22279824066	3.141844162598419
355.88468004763	3.0845428865638245
367.83816955266	3.026928969137826
380.08131025073	2.9693564496754234
392.61163826454	2.912268092219249
405.42649075298	2.8561639597633324
418.52337065555	2.8015655708554674