0.0044812150825386	5.011171543674803
0.0046592354613722	5.00934396175493
0.0048443092681862	5.007800316470805
0.005036718204655	5.006499432331376
0.0052367549880125	5.005405612581422
0.0054447238013498	5.004488005524438
0.0056609407615433	5.003720027226611
0.0058857344054039	5.003078836553847
0.0061194461946695	5.002544862096809
0.0063624310403945	5.002101378308709
0.0066150578475573	5.001734127478295
0.0068777100805418	5.001430984591868
0.0071507863503974	5.0011816617285465
0.0074347010246319	5.000977448794024
0.0077298848605625	5.000810986403124
0.0080367856630777	5.000676069240731
0.0083558689678671	5.000567474474614
0.0086876187512051	5.000480814277386
0.0090325381672334	5.000412408982208
0.009391150314101	5.0003591777388525
0.0097639990299263	5.000318545446489
0.010151649719986	5.0002883631413
0.010554690216278	5.000266840588186
0.010973731670893	5.0002524884434365
0.011409409484506	5.000244069939972
0.011862384271398	5.0002405600482795
0.01233334286261	5.000241110360928
0.012822999348647	5.000245020169723
0.01333209616335	5.000251712107314
0.013861405210685	5.000260711574236
0.014411729036071	5.000271629258004
0.014983902044126	5.0002841469823505
0.015578791764542	5.000298005779862
0.016197300168272	5.000312995589728
0.016840365035759	5.000328947075537
0.017508961379499	5.000345724623391
0.01820410292298	5.00036322064417
0.018926843638331	5.000381350558968
0.019678279344972	5.000400049031164
0.020459549371668	5.000419266571559
0.021271838284647	5.000438966774403
0.022116377684203	5.000459124171255
0.022994448072736	5.000479722225507
0.023907380796881	5.000500751882647
0.024856560066797	5.000522210271062
0.02584342505563	5.0005440996691455
0.02686947208235	5.000566426626215
0.027936256881284	5.000589201290732
0.02904539696178	5.000612436862323
0.030198574061606	5.000636149018696
0.031397536697801	5.000660355650737
0.032644102818793	5.000685076496111
0.033940162561982	5.000710332922733
0.035287681120715	5.000736147715179
0.03668870172532	5.000762544911218
0.038145348742384	5.000789549724109
0.03965983089734	5.000817188374274
0.041234444624918	5.000845488129204
0.04287157755283	5.000874477143275
0.044573712123812	5.0009041844846065
0.046343429361551	5.000934640130251
0.048183412786312	5.000965874911089
0.05009645248609	5.000997920541231
0.052085449349555	5.001030809625953
0.054153419467191	5.001064575676032
0.056303498707334	5.001099253134751
0.058538947474048	5.0011348773965505
0.060863155654091	5.001171484823672
0.063279647760458	5.001209112833117
0.065792088280346	5.00124779989183
0.068404287235728	5.001287585560291
0.07112020596482	5.0013285105685075
0.073943963133464	5.001370616832304
0.076879840985372	5.001413947523074
0.079932291840855	5.001458547113629
0.083105944853884	5.001504461434288
0.086405613037755	5.001551737737093
0.089836300570075	5.001600424753377
0.093403210388169	5.001650572753014
0.09711175208647	5.001702233615316
0.10096755012791	5.001755460896932
0.10497645238184	5.001810309907315
0.10914453900143	5.001866837771556
0.11347813165414	5.001925103515099
0.11798380311922	5.001985168148346
0.122668387267	5.0020470947399955
0.12753898943501	5.002110948510067
0.13260299721691	5.002176796915499
0.13786809168053	5.002244709747276
0.14334225903224	5.002314759225757
0.14903380274532	5.002387020101171
0.15495135617096	5.00246156975987
0.16110389565104	5.002538488332918
0.16750075415263	5.00261785881084
0.17415163544528	5.002699767161842
0.18106662884238	5.002784302454053
0.18825622452945	5.002871556985764
0.19573132950245	5.002961626418747
0.20350328414078	5.003054609917197
0.21158387944	5.003150610295876
0.21998537493083	5.0032497341692865
0.2287205173117	5.003352092110021
0.23780255982341	5.003457798814887
0.24724528239553	5.003566973277313
0.25706301259537	5.003679738966673
0.2672706474116	5.003796224015562
0.27788367590588	5.003916561416252
0.28891820276722	5.004040889223791
0.30039097280514	5.004169350771169
0.31231939641927	5.004302094891584
0.32472157608433	5.004439276149884
0.33761633389129	5.004581055087378
0.35102324018689	5.004727598476308
0.36496264335555	5.00487907958378
0.3794557007895	5.005035678450161
0.39452441109464	5.005197582180317
0.41019164758179	5.005364985244897
0.4264811930949	5.005538089798193
0.44341777622965	5.005717106010272
0.46102710899869	5.005902252414339
0.47933592600111	5.006093756268111
0.49837202515707	5.006291853934006
0.51816431007006	5.006496791276892
0.53874283408266	5.006708824078591
0.56013884609365	5.00692821847328
0.58238483820752	5.007155251403062
0.60551459529021	5.007390211093338
0.6295632465078	5.007633397552845
0.65456731892832	5.007885123094772
0.68056479326971	5.0081457128837
0.70759516188074	5.008415505508826
0.73569948904517	5.008694853582949
0.7649204737029	5.008984124370537
0.79530251468614	5.009283700445548
0.8268917785723	5.009593980380714
0.85973627025975	5.009915379468783
0.89388590637682	5.0102483304794765
0.92939259163917	5.010593284450901
0.96631029827524	5.010950711519848
1.0046951486447	5.011321101792005
1.0446055011795	5.011704966252212
1.0861020397838	5.012102837719874
1.1292478668328	5.012515271849004
1.1741085999183	5.012942848176168
1.2207524724936	5.013386171218998
1.2692504385782	5.013845871626014
1.3196762816873	5.014322607381803
1.3721067281611	5.014817065069728
1.4266215650737	5.015329961193828
1.48330376291	5.015862043562732
1.542239603208	5.016414092740079
1.6035188113702	5.0169869235613715
1.6672346948591	5.0175813867231485
1.7334842869983	5.018198370443711
1.8023684966129	5.018838802202946
1.8739922637516	5.019503650559565
1.9484647217427	5.020193927052124
2.0258993658488	5.02091068818492
2.1064142287967	5.021655037502955
2.1901320634685	5.022428127757352
2.2771805330557	5.023231163165236
2.3676924089895	5.024065401766672
2.461805776975	5.024932157880475
2.5596642514717	5.025832804661089
2.661417198977	5.026768776759548
2.7672199704876	5.027741573088869
2.8772341435277	5.0287527596957755
2.9916277741524	5.029803972738421
3.1105756593535	5.030896921571333
3.2342596103126	5.03203339193566
3.3628687369675	5.033215249252246
3.496599744381	5.034444442015078
3.6356572414206	5.035723005281277
3.7802540622827	5.037053064248538
3.9306116014217	5.038436837915022
4.0869601624647	5.039876642807243
4.2495393217268	5.041374896766079
4.4185983069648	5.042934122768904
4.5943963920395	5.04455695277202
4.7772033081898	5.046246131543484
4.9672996726497	5.048004520456054
5.1649774353808	5.0498351012033735
5.3705403447213	5.05174097939364
5.5843044327976	5.053725387966764
5.8065985215782	5.055791690371416
6.0377647504939	5.0579433834260605
6.2781591265898	5.060184099777997
6.5281520982208	5.062517609852834
6.7881291533454	5.064947823178114
7.0584914435238	5.067478788938053
7.3396564347726	5.0701146955978675
7.6320585864818	5.072859869413917
7.936150059649	5.075718771610097
8.2524014557401	5.078695993979469
8.5813025875387	5.081796252631115
8.9233632833995	5.085024379562674
9.2791142263754	5.088385311704872
9.6491078297384	5.091884077027527
10.033919150468	5.095525777263212
10.434146842325	5.099315566735103
10.850414150183	5.103258626731457
11.283369947307	5.107360134803798
11.733689817344	5.111625228300222
12.202077182765	5.116058961385022
12.689264481554	5.12066625471561
13.196014393935	5.125451836887826
13.723121120901	5.130420176676675
14.271411716303	5.135575405033698
14.841747474197	5.140921225721944
15.435025373085	5.14646081340405
16.052179578565	5.152196697927997
16.694183005803	5.158130633497258
17.362048943033	5.164263451356699
18.056832737102	5.170594894593225
18.779633541801	5.177123433629106
19.531596129397	5.1838460609872765
20.313912765391	5.190758063963392
21.127825146094	5.197852773896752
21.974626398027	5.2051212908962485
22.855663137568	5.212552183063287
23.772337588521	5.220131159562849
24.726109754452	5.227840717276852
25.718499641699	5.235659761313047
26.751089527902	5.243563200307881
27.825526269695	5.251521518320718
28.943523641902	5.259500326161
30.106864699114	5.267459896273262
31.317404148961	5.275354686822157
32.577070724686	5.283132862407299
33.887869542849	5.290735820897519
35.251884430078	5.2980977381936
36.671280200872	5.305145145322568
38.148304866478	5.311796555043713
39.685291752974	5.317962158121692
41.284661504823	5.323543612409973
42.948923948563	5.3284339508381295
44.680679789873	5.3325176370512715
46.48262211631	5.3356707996039825
48.357537677461	5.337761676928028
50.308307914501	5.338651305368492
52.337909712026	5.338194480997401
54.449415847035	5.336241022106325
56.645995112891	5.332637352813357
58.930912100362	5.327228418618774
61.307526623349	5.3198599317398605
63.779292783705	5.310380927713143
66.349757677559	5.298646595378625
69.022559754567	5.284521320936421
71.801426851222	5.267881864607085
74.690173929353	5.248620567465162
77.692700560722	5.226648468410515
80.81298820761	5.201898199341739
84.055097356887	5.17432652241274
87.423164570807	5.143916378371524
90.921399521044	5.110678329968721
94.554082073234	5.07465130893194
98.325559487051	5.0359026074382465
102.24024379193	4.9945270929185925
106.30260939092	4.950645665151265
110.51719093521	4.904403013492401
114.88858150001	4.855964766410669
119.42143107908	4.805514152476726
124.12044540062	4.753248309749037
128.99038505182	4.699374388178572
134.03606488343	4.644105587382534
139.26235364898	4.587657260926796
144.67417381564	4.530243199677913
150.27650146506	4.472072870293549
156.07436618137	4.413345571256606
162.07284878924	4.354251072683331
168.27708865475	4.294967134121411
174.6922711366	4.2356542829306205
181.3236333136	4.176456611861421
188.17645933296	4.117499652464608
195.25607616479	4.058889048934663
202.56784743131	4.0007093290087665
210.1171646789	3.943022705276045
217.90943529423	3.8858678614822746
225.95006606731	3.829258716812694
234.2444411836	3.7731832209370584
242.79789320163	3.7176023178721636
251.61566537723	3.662449329978758
260.70286358848	3.6076301530460113
270.06439618511	3.5530248092673458
279.70490045624	3.498491052307912
289.62865523786	3.4438708117320007
299.83948064308	3.3890002315414813
310.34062814939	3.333723807835715
321.13466738163	3.2779125744035986
332.22337975017	3.2214853838392896
343.60767317864	3.164431166589776
355.28753560554	3.1068288837581046
367.26204651525	3.0488611640891534
379.52946408175	2.990817831390653
392.08739966192	2.933086993410807
404.93308152797	2.876133919734818
418.06369763007	2.820470861611075