0.0045941589044442	5.012173499726448
0.0047766750892885	5.010390816849779
0.0049664237409828	5.008870918837752
0.0051636935397559	5.00757585972512
0.0053687844654073	5.006472784770627
0.0055820082586142	5.00553333028421
0.0058036889002393	5.004733077714082
0.0060341631092193	5.004051060209122
0.0062737808596496	5.003469319565802
0.0065229059177538	5.002972510505784
0.0067819163994773	5.0025475491724025
0.007051205349489	5.0021833025980715
0.0073311813424417	5.001870315703767
0.0076222691073695	5.001600572319147
0.0079249101761728	5.001367286843288
0.0082395635571637	5.001164723519572
0.0085667064347064	5.000988040079151
0.0089068348960286	5.000833152965235
0.0092604646863178	5.000696621651511
0.0096281319932759	5.000575549504469
0.010010394262334	5.00046749913826
0.010407831043798	5.000370420338824
0.010821044873216	5.000282588792992
0.011250662186344	5.000202554161629
0.011697334270094	5.000129096142113
0.012161738250954	5.000061187366145
0.012644578122369	4.999997962118017
0.013146585812678	4.99993869001954
0.013668522295228	4.99988275390918
0.014211178742366	4.999829631272363
0.014775377725082	4.999778878686733
0.0153619744601	4.999730118785949
0.01597185810636	4.999683029363789
0.016605953112826	4.999637334263404
0.017265220619691	4.999592795765756
0.017950659915103	4.999549208241787
0.018663309949619	4.999506392846664
0.019404250910697	4.99946419310809
0.020174605859606	4.999422471236012
0.020975542433233	4.999381105049761
0.021808274613384	4.999339985419775
0.022674064566237	4.9992990141260005
0.023574224554757	4.999258102079776
0.024510118926956	4.999217167832272
0.025483166183006	4.999176136333029
0.026494841124355	4.999134937889417
0.027546677088073	4.99909350729514
0.028640268269835	4.999051783101891
0.029777272139035	4.999009707005256
0.030959411949711	4.998967223326529
0.03218847935105	4.998924278578707
0.033466337101451	4.998880821096114
0.034794921890238	4.998836800720304
0.036176247271291	4.998792168534669
0.037612406713037	4.998746876633733
0.039105576769416	4.998700877925693
0.040658020376608	4.998654125963315
0.042272090280524	4.998606574795689
0.043950232600219	4.998558178838135
0.045694990532641	4.99850889275791
0.047509008204302	4.998458671373092
0.049395034675693	4.998407469563836
0.05135592810451	4.99835524218956
0.053394660073968	4.998301944016393
0.055514320092753	4.998247529650481
0.057718120273418	4.998191953477356
0.060009400196278	4.998135169604509
0.062391631966172	4.998077131809221
0.064868425469723	4.998017793491644
0.06744353384103	4.997957107626253
0.070120859144072	4.997895026720634
0.072904458280387	4.997831502775079
0.075798549130958	4.997766487242072
0.078807516941584	4.997699930990906
0.081935920961372	4.997631784273228
0.085188501344386	4.997561996688353
0.088570186324854	4.99749051715165
0.092086099676794	4.997417293864253
0.095741568469288	4.997342274282771
0.099542131129142	4.9972654050927705
0.10349354582307	4.997186632180126
0.10760179917209	4.997105900606239
0.11187311531123	4.997023154583433
0.11631396530824	4.99693833745121
0.12093107695561	4.996851391654515
0.1257314449504	4.9967622587219775
0.13072234147763	4.996670879247321
0.13591132721278	4.996577192869803
0.14130626276032	4.996481138257387
0.14691532054533	4.996382653091315
0.15274699717616	4.996281674051345
0.15881012629691	4.996178136802984
0.16511389194883	4.996071975986238
0.17166784246108	4.995963125206508
0.17848190489156	4.995851517025597
0.18556640003966	4.995737082957187
0.19293205805354	4.995619753461968
0.20059003465544	4.995499457946255
0.20855192800946	4.99537612476211
0.2168297962572	4.995249681209013
0.22543617574768	4.9951200535414815
0.23438409998902	4.9949871669753865
0.24368711935028	4.994850945699063
0.25335932154329	4.994711312887363
0.26341535291516	4.994568190718351
0.27387044058357	4.9944215003941625
0.28474041544813	4.9942711621652425
0.29604173611242	4.9941170953578515
0.30779151375271	4.993959218407489
0.32000753797076	4.993797448894412
0.33270830366951	4.993631703585757
0.34591303899223	4.993461898481993
0.35964173436694	4.993287948868649
0.37391517269988	4.993109769373844
0.38875496076339	4.992927274032096
0.40418356182539	4.992740376354466
0.4202243295694	4.992548989405499
0.43690154335621	4.992353025887879
0.45424044488002	4.992152398234163
0.47226727627429	4.991947018707924
0.49100931972434	4.991736799513349
0.51049493864642	4.991521652913234
0.53075362049482	4.991301491359073
0.55181602126165	4.991076227629861
0.57371401173577	4.990845774983918
0.59648072559057	4.990610047321673
0.62015060937268	4.9903689593621845
0.64475947446675	4.990122426832893
0.67034455111422	4.989870366674342
0.69694454456731	4.989612697260036
0.72459969346246	4.989349338634153
0.75335183050083	4.989080212765031
0.7832444455271	4.988805243819222
0.81432275110122	4.988524358454722
0.84663375066151	4.988237486135687
0.88022630938167	4.987944559469857
0.91515122782794	4.987645514570649
0.9514613185272	4.9873402914444505
0.98921148556105	4.987028834405646
1.0284588073054	4.986711092521094
1.0692626224399	4.986387020085738
1.1116846193573	4.9860565771311505
1.1557889291056	4.985719729969543
1.2016422220043	4.985376451776233
1.2493138080806	4.98502672321158
1.298875741474	4.984670533085758
1.3504029289706	4.984307879069812
1.4039732428272	4.983938768455149
1.4596676380577	4.983563218964442
1.5175702743577	4.983181259618681
1.5777686428518	4.982792931663097
1.6403536978552	4.9823982895548795
1.7054199938492	4.981997402019777
1.7730658278778	4.98159035317865
1.8433933875808	4.981177243751077
1.9165089050899	4.9807581923390085
1.992522817019	4.980333336799138
2.0715499307945	4.979902835704783
2.1537095975783	4.979466869907863
2.2391258920467	4.979025644204964
2.3279277993015	4.978579389114804
2.4202494091981	4.978128362774344
2.5162301183903	4.97767285296099
2.6160148404015	4.977213179249624
2.7197542240464	4.976749695311526
2.8276048805413	4.976282791366451
2.9397296196539	4.975812896794645
3.0562976952604	4.975340482920358
3.1774850606922	4.974866065976883
3.3034746342712	4.974390210264082
3.4344565754508	4.97391353150905
3.5706285719974	4.973436700440668
3.7121961386652	4.972960446593695
3.8593729278407	4.9724855623491715
4.0123810526497	4.972012907227375
4.1714514230459	4.971543412445364
4.3368240954218	4.971078085748868
4.5087486363079	4.9706180165341545
4.6874845007509	4.970164381267811
4.873301425992	4.969718449219671
5.0664798410919	4.969281588512546
5.2673112931831	4.968855272503519
5.4760988910589	4.968441086497364
5.6931577668462	4.968040734800609
5.9188155565424	4.967656048111288
6.1534129002362	4.9672889912459794
6.3973039628728	4.966941671191324
6.6508569764646	4.966616345466635
6.914454804695	4.966315430775821
7.1884955309111	4.966041511914949
7.4733930705472	4.965797350894391
7.7695778090797	4.965585896221356
8.0774972666628	4.965410292269768
8.397616790658	4.965273888651251
8.7304202773292	4.9651802494760595
9.076410924038	4.9651331623731805
9.4361120133438	4.965136647103777
9.8100677304785	4.9651949635779795
10.198844015741	4.965312619039578
10.60302945343	4.965494374146903
11.023236199001	4.9657452476273996
11.460100946232	4.966070519130903
11.914285936226	4.966475729841809
12.38648001019	4.966966680347549
12.877399707975	4.967549425188867
13.387790414455	4.968230263425992
13.918427555879	4.969015724474805
14.470117848388	4.969912548376394
15.043700600945	4.970927659550649
15.640049074953	4.972068132990577
16.260071902872	4.973341151747951
16.904714568137	4.9747539544438535
17.574960948641	4.97631377144781
18.271834926021	4.978027748257554
18.996402062884	4.979902854536725
19.749771349947	4.981945777194992
20.533097024944	4.984162795851815
21.347580464852	4.986559639008214
22.194472152723	4.989141319287179
23.075073720034	4.991911946173815
23.990740064982	4.994874514821763
24.942881546637	4.998030669696437
25.932966254224	5.001380442103672
26.962522350045	5.004921960996728
28.033140483718	5.008651136895899
29.146476274451	5.012561319246967
30.30425285697	5.016642928109593
31.508263485548	5.020883061640615
32.76037418921	5.0252650814323365
34.062526469782	5.029768178286506
35.416740032807	5.03436692142327
36.825115539619	5.039030794404414
38.289837366907	5.043723721109773
39.81317635798	5.048403585001445
41.3974925475	5.053021744663098
43.045237838735	5.057522548432111
44.758958609286	5.061842851108268
46.54129821768	5.065911536758591
48.394999379229	5.0696490541294
50.322906375099	5.072966975884975
52.327967053806	5.075767600507201
54.413234579569	5.077943626646945
56.581868877621	5.079377943918718
58.837137723383	5.079943600549258
61.182417421166	5.079504024803768
63.621193019875	5.077913590401564
66.157058018925	5.075018621972468
68.793713528049	5.070658930634593
71.534966860158	5.064669948505261
74.384729556443	5.056885493010431
77.347014866315	5.047141138943136
80.425934729587	5.035278113436581
83.625696332023	5.02114756442566
86.950598325274	5.004614996305963
90.405026816129	4.985564626536685
93.99345123612	4.96390340071821
97.720420200372	4.939564414275541
101.5905574545	4.912509525169252
105.60855799165	4.882730999034796
109.77918440033	4.8502520982658295
114.10726347966	4.81512660109519
118.59768313367	4.777437307393002
123.25538953292	4.737293647978835
128.08538450963	4.6948285590655985
133.092723134	4.650194810846694
138.28251140386	4.603560989020545
143.65990396662	4.555107321831084
149.2301017823	4.505022201236403
154.99834962717	4.453495515110365
160.96993138306	4.400718255334933
167.15017447507	4.346879065019098
173.54443505618	4.292158079875554
180.15810088581	4.236726788679934
186.99658428878	4.180745095170617
194.0653157462	4.1243592727196265
201.36973601484	4.067700116884211
208.91528634219	4.010881216882011
216.70739620693	3.953997272876952
224.75146784074	3.8971224046529
233.05285657523	3.8403084313388347
241.61684581234	3.783583155218484
250.44861515153	3.726948761047798
259.55319995113	3.6703805531924814
268.93544040796	3.613826403793742
278.59991820047	3.5572074787064607
288.55087900054	3.5004210314073045
298.79213993088	3.4433462637687655
309.32698260676	3.3858543502668534
320.15803505864	3.3278235512821106
331.28714980945	3.269159708075383
342.71529061296	3.209821175449828
354.44244622315	3.1498454749690055
366.46759463611	3.0893730763114
378.78874335524	3.028662554851809
391.40306802607	2.9680918505134737
404.30716190017	2.908142928115027
417.49739293598	2.8493712909240254