 0.10000397361483E-01
 0.10039509359343E-01
 0.10080447235927E-01
 0.10123237545269E-01
 0.10167908481747E-01
 0.10214490295225E-01
 0.10263015722136E-01
 0.10313520437251E-01
 0.10366043531669E-01
 0.10420628023455E-01
 0.10477321408434E-01
 0.10536176259862E-01
 0.10597250887186E-01
 0.10660610065868E-01
 0.10726325852471E-01
 0.10794478501821E-01
 0.10865157506427E-01
 0.10938462782439E-01
 0.11014506031611E-01
 0.11093412315257E-01
 0.11175321884492E-01
 0.11260392321651E-01
 0.11348801061436E-01
 0.11440748378091E-01
 0.11536460948135E-01
 0.11636196128875E-01
 0.11740247133871E-01
 0.11848949341751E-01
 0.11962688050020E-01
 0.12081908089413E-01
 0.12207125859551E-01
 0.12338944552705E-01
 0.12478073629180E-01
 0.12625354042680E-01
 0.12781791363038E-01
 0.12948599932714E-01
 0.13127262735207E-01
 0.13319614119020E-01
 0.13527956577996E-01
 0.13755229686179E-01
 0.14005261457251E-01
 0.14283154832432E-01
 0.14595905524710E-01
 0.14953437265155E-01
 0.15370440446393E-01
 0.15869889788471E-01
 0.16490472739009E-01
 0.17304591185518E-01
 0.18471965548309E-01
 0.20467049517417E-01
 0.26530286312425E-01
 0.57255902619655E+01
 0.11854370940074E+02
 0.17401532062918E+02
 0.22683556593147E+02
 0.27821192396364E+02
 0.32882312066578E+02
 0.37915002303067E+02
 0.42958282224808E+02
 0.48044267738792E+02
 0.53195696050921E+02
 0.58421367349606E+02
 0.63711823204767E+02
 0.69036310864157E+02
 0.74339516550434E+02
 0.79530724579767E+02
 0.84388128233382E+02
 0.88887865576684E+02
 0.93339809279765E+02
 0.97742091657593E+02
