 0.12649462784970E-01
 0.12884662833316E-01
 0.13138592135580E-01
 0.13414372940080E-01
 0.13716149577608E-01
 0.14049596460094E-01
 0.14422787972743E-01
 0.14847785257169E-01
 0.15343756441489E-01
 0.15943647614553E-01
 0.16709542983888E-01
 0.17770101010692E-01
 0.19451726404231E-01
 0.23340967261650E-01
 0.81825171887090E+01
 0.20784459194735E+02
 0.30946821787620E+02
 0.40070142345708E+02
 0.48692387499222E+02
 0.57158543914812E+02
 0.65783761966737E+02
 0.74929860166966E+02
 0.84980191679335E+02
 0.96183282457975E+02
 0.10850078472162E+03
 0.12158439673367E+03
 0.13482529999574E+03
 0.14739709391707E+03
 0.15825594307520E+03
 0.16586613088906E+03
 0.16842921517910E+03
 0.17078234789683E+03
 0.17320299767252E+03
 0.17567686379223E+03
 0.17819104550207E+03
 0.18073408607574E+03
 0.18329595557507E+03
 0.18586798644259E+03
 0.18844277629170E+03
 0.19101407093289E+03
 0.19357663847454E+03
 0.19612614282017E+03
 0.19865902244518E+03
 0.20117237821197E+03
 0.20366387227556E+03
 0.20613163885753E+03
 0.20857420677999E+03
 0.21099043308544E+03
 0.21337944674773E+03
 0.21574060133509E+03
 0.21807343546122E+03
 0.22037763991130E+03
 0.22265303041975E+03
 0.22489952519288E+03
 0.22711712638315E+03
 0.22930590483781E+03
 0.23146598754847E+03
 0.23359754732131E+03
 0.23570079426921E+03
 0.23777596879623E+03
 0.23982333580353E+03
 0.24184317989487E+03
 0.24383580140064E+03
 0.24580151307250E+03
 0.24774063732879E+03
 0.24965350395221E+03
 0.25154044816096E+03
 0.25340180898817E+03
 0.25523792791714E+03
 0.25704914772939E+03
