   3.61604744581138945778683818621664314      
   3.51190993374387546467909372425717960      
   3.40623023055714676551387935899791654      
   3.29844559245762598536009418761722324      
   3.18783444342951160631510735486773003      
   3.07344046924063393030927131803614828      
   2.95394628912183329836820653358450193      
   2.82745106761377487898326956321607640      
   2.69105403094654525404591821406489877      
   2.54002915663526992144355131719975787      
   2.36617214487154404928926555280907433      
   2.15472435741869885318077297594426737      
   1.87500231404280909196518678873811213      
   1.41049884257376496143803140982013105      
   8.18251719052211915583887924174032438      
   20.7844591952692788011536962990745130      
   30.9468217880264759344155094537493920      
   40.0701423459977184224358902875773077      
   48.6923874994222661232645925777049215      
   57.1585439149573110500481050783503646      
   65.7837619669056302956484254481277393      
   74.9298601671550579184887521436389145      
   84.9801916795216897012930716270331500      
   96.1832824581674186253299126325046053      
   108.500784721855980649256517307021568      
   121.584396733932261684952387813685169      
   134.825299995943676798056560553302102      
   147.397093917239951078752097590279527      
   158.255943075346734760620992081668554      
   165.866130889137508535701589843416671      
   168.429215179114155299863810180294069      
   170.782347896844039682614353322548171      
   173.202997672536853974704723950889345      
   175.676863792241322020354636277581245      
   178.191045502084526600124102380389381      
   180.734086075756385857904656338224745      
   183.295955575083349149503521868736542      
   185.867986442608620824966524784483837      
   188.442776291715864255643596694557959      
   191.014070932903393244903436358946693      
   193.576638474555592585925578487115278      
   196.126142820180952150950253496208317      
   198.659022445196704067767339184617479      
   201.172378211983304316818417836788689      
   203.663872275574842488602368521093242      
   206.131638857542003039454686820607640      
   208.574206780002490911218754371855758      
   210.990433085452845542918502414115758      
   213.379446747746268028115954254268299      
   215.740601335107551014028525298957111      
   218.073435461228765273025003875990501      
   220.377639911311050361439392993059905      
   222.653030419767405877170784358832361      
   224.899525192894663001590284096194621      
   227.117126383159403146121566320420409      
   229.305904837827178328778069012430394      
   231.465987548486840507763583358804410      
   233.597547321319415529560880788340450      
   235.700794269222686669255742027893944      
   237.775968796245258437851192577807472      
   239.823335803538928112523397391649379      
   241.843179894886510000658401449794280      
   243.835801400648985639376886640339245      
   245.801513072514159485121431460636240      
   247.740637328800845054620803315374093      
   249.653503952223670337012634608219756      
   251.540448160969576767746812494856164      
   253.401808988176563220737206912866250      
   255.237927917153621215975328581861778      
   257.049147729401220772137282074676472      
