   1.28817771014701879154349899052339116      
   1.26450222400050249984749961428476173      
   1.24094123694123135271891687231271104      
   1.21754221007398814923552466843684434      
   1.19435657998826985054557767868703551      
   1.17144237484780219405611627216365984      
   1.14886837636184256339882514771650303      
   1.12672114437973746241105873776342870      
   1.10511807322026974417538546539096925      
   1.08423626443181666828543121715852498      
   1.06439746200647753211769945549379508      
   1.04638397447385016572453178984473823      
   1.03243948386575399093146251381205049      
   1.03150879324383931339999323301437040      
  0.905469761804406983937037447775404152      
  0.859960218673064761811082846074002375      
  0.830214678025395961426589569712422950      
  0.801367895943790611242956991340556823      
  0.770325234469161852446260546101307166      
  0.736234229979383755125848016753279080      
  0.699021180835057598426833963457029460      
  0.659022897570474634579698143517814375      
  0.617000359494794220427067174461630537      
  0.574250016008433494035879785182601348      
  0.532558456491899590584370352125193654      
  0.493938180309318978538991332157905626      
  0.460314502323502687013919029933800157      
  0.433361348380687124219635872416281169      
  0.414629409393203770475509865877398450      
  0.406560834213241533176775002390037937      
  0.412265393765027147907726777013329757      
  0.418615497987657329580162335189188512      
  0.424852322137442559628845206918882728      
  0.430978521817504124956283324221335602      
  0.436996677067229390996764986134727464      
  0.442909293493049041486088722055855614      
  0.448718803707607009927001388565090026      
  0.454427569017409644035839024044532918      
  0.460037881304874941334236886067308047      
  0.465551965058212916452866134505088872      
  0.470971979508658636641240767597457086      
  0.476300020838994650988516812776390771      
  0.481538124434405221325260889082127701      
  0.486688267148864550193700323734157870      
  0.491752369565251831941141931923347722      
  0.496732298231434763177034857268199230      
  0.501629867856434566734565062816708562      
  0.506446843454999543168650854551852648      
  0.511184942429829511375030887387677181      
  0.515845836584238079240978062216995521      
  0.520431154060132241176378736028692895      
  0.524942481192026254281175274935032609      
  0.529381364285161402140257081253264628      
  0.533749311303248446985166352628702520      
  0.538047793473463300974314042354006606      
  0.542278246806499960505237254802720257      
  0.546442073532760359073261478823015735      
  0.550540643456548482869822243543086862      
  0.554575295230118828202412054843323811      
  0.558547337550384234153159347003183706      
  0.562458050280806156714094645365905547      
  0.566308685502033144989362603480130360      
  0.570100468494505621073532568503038110      
  0.573834598655687546501119218270031919      
  0.577512250355737389178543713945377395      
  0.581134573736390278040061587453590008      
  0.584702695454533629114275238673820859      
  0.588217719374982683132536343068548821      
  0.591680727215741996823941297381132202      
  0.595092779149105415220719376843014636      
