   84.7290503831216973642201309025508515      
   84.7260941869651993494979471084698427      
   84.7211561688949210725076864418887836      
   84.7142273681850035724988557025970068      
   84.7052985611449378452612123983141531      
   84.6943607651026725409670729500795100      
   84.6814056996581065074802962350430666      
   84.6664261568370458464590765721084885      
   84.6494160532867084030144035371794764      
   84.6303695628189514962061557971185183      
   84.6092782811717052889103694803916970      
   84.5861250711614519153839602067781946      
   84.5608733379012533137298371748441302      
   84.5334513123528964492021127754859792      
   84.5037324431614039228162879100199571      
   84.4715145300887996654177774064920280      
   84.4365009455517615366156982362031120      
   84.3982868670759093220996252756290174      
   84.3563522167616426688365111713996650      
   84.3100615784639690726827324030998064      
   84.2586702277762892315888808376199589      
   84.2013347703293469784200569182280541      
   84.1371267129616424662516557860535585      
   84.0650474428456657761904380847427975      
   83.9840434010016749536062321558917649      
   83.8930205833935623827990668774697230      
   83.7908578135687712439887204395513318      
   83.6764184731355305906570943876484186      
   83.5485605492935509516083719328235780      
   83.4061449718261280678313029628187674      
   83.2480422816185138741222657589720058      
   83.0731377134210972844164925829689645      
   82.8803347968077373927453759453863318      
   82.6685575901523334002302234769686199      
   82.4367516657925089661035353751799577      
   82.1838839638696744537940637646367603      
   81.9089416268239166709115028058956274      
   81.6109299204517247865451999161333428      
   81.2888693341999077662954198272291977      
   80.9417919427859392868859767568486305      
   80.5687370934215856782320104273962929      
   80.1687464650218509303906872853692242      
   79.7408585269533961549433020531793641      
   79.2841024003492197981180194295565413      
   78.7974911023084382995082534512881576      
   78.2800141249694890269984460509735975      
   77.7306292718359182725984019433569992      
   77.1482536379233810034516466632523208      
   76.5317535813517455058657912473218129      
   75.8799334841132666332239331862081388      
   75.1915230421609424950526425512308356      
   74.4651627511341812798867750153727709      
   73.6993871619771296878950875709704566      
   72.8926053603779468049083740204030025      
   72.0430779692052502030239602258918501      
   71.1488897657827155489889721431953018      
   70.2079167282390348875418500896534320      
   69.2177859476254767246463208373149815      
   68.1758263206006371944965168941655954      
   67.0790072063891928492173931120202948      
   65.9238611909152666134932809132980533      
   64.7063855929063619117562419869727421      
   63.4219151196347893225920076029053785      
   62.0649547192311281507462931406648156      
   60.6289564869110581666374709590952207      
   59.1060162468778219209989887098026912      
   57.4864519729957529944246238317943086      
   55.7582034465956260831509976841030364      
   53.9059525245990688607847988773996587      
   51.9097897754840308558245051370504110      
   49.7431105729542532852742289546086286      
   47.3691296188065359546583889427385543      
   44.7347498404248755652607035107821801      
   41.7589326764602078648749015343114900      
   38.3083589394356750084684529895661166      
   34.1389032246346593501705265509870835      
   28.7173895980836740868225311684771723      
