 0.85241612091311E-05
 0.85242358010851E-05
 0.85243607661343E-05
 0.85245367376281E-05
 0.85247644351063E-05
 0.85250446399583E-05
 0.85253781718919E-05
 0.85257658700319E-05
 0.85262085984281E-05
 0.85267073270424E-05
 0.85272633693796E-05
 0.85278788661820E-05
 0.85285575839805E-05
 0.85293060455548E-05
 0.85301349310296E-05
 0.85310606080853E-05
 0.85321066011828E-05
 0.85333048113891E-05
 0.85346963436809E-05
 0.85363318664263E-05
 0.85382714962849E-05
 0.85405842569864E-05
 0.85433471966503E-05
 0.85466442660172E-05
 0.85505650625427E-05
 0.85552035372297E-05
 0.85606567463470E-05
 0.85670237123869E-05
 0.85744044402255E-05
 0.85828991173606E-05
 0.85926075123686E-05
 0.86036285738606E-05
 0.86160602234551E-05
 0.86299993303288E-05
 0.86455418515212E-05
 0.86627831208449E-05
 0.86818182696979E-05
 0.87027427645716E-05
 0.87256530487984E-05
 0.87506472790464E-05
 0.87778261508426E-05
 0.88072938113248E-05
 0.88391588615088E-05
 0.88735354550125E-05
 0.89105445048725E-05
 0.89503150155336E-05
 0.89929855630967E-05
 0.90387059541084E-05
 0.90876391015809E-05
 0.91399631675904E-05
 0.91958740349393E-05
 0.92555881873961E-05
 0.93193461000667E-05
 0.93874162707126E-05
 0.94601000617338E-05
 0.95377375754375E-05
 0.96207148577232E-05
 0.97094728261102E-05
 0.98045184602829E-05
 0.99064389971085E-05
 0.10015920168964E-04
 0.10133769964847E-04
 0.10260950061190E-04
 0.10398618103653E-04
 0.10548185664905E-04
 0.10711399391861E-04
 0.10890457396478E-04
 0.11088180902450E-04
 0.11308275712909E-04
 0.11555746028469E-04
 0.11837580111442E-04
 0.12163951751991E-04
 0.12550477688393E-04
 0.13022856010999E-04
 0.13627605771852E-04
 0.14461565236431E-04
 0.15779251306797E-04
