   84.7290503831216973642201309025508515      
   84.7260941869651993494979471084698427      
   84.7211561688949210725091271081369024      
   84.7142273681850039748366719267633231      
   84.7052985611533842154978068274259471      
   84.6943607652281886981067702864963429      
   84.6814057042441220585221155030099842      
   84.6664262280790825926676734516933751      
   84.6494166633946200734467427759047879      
   84.6303730253961275752969458922434398      
   84.6092929081403496013415013759605281      
   84.5861746858509563768573383254912781      
   84.5610154646403467604376234107713899      
   84.5338071507645258318310029374961824      
   84.5045301949333374484664888713295130      
   84.4731450448362172533724815600469117      
   84.4395819187545645294437876117255474      
   84.4037299548796015834644628387039610      
   84.3654269376227463152027882968209166      
   84.3244506617451045511058409736094826      
   84.2805126726573994652919528416356829      
   84.2332547525436843076015055707911795      
   84.1822481936429843129022249228924485      
   84.1269956576756612042611938198373072      
   84.0669352647548653175430888151099923      
   84.0014464727005440606541919495627256      
   83.9298572786530142232413381257492024      
   83.8514522829143773738008513010357193      
   83.7654811875509485019046646580483285      
   83.6711673507088083154269414166021779      
   83.5677160757603772202189352353272701      
   83.4543223768204521499063103815987719      
   83.3301780243759001842467727998812092      
   83.1944777349885395938213607349899876      
   83.0464244220768754337993175509064573      
   82.8852334719201769693378692102262755      
