 0.85241612091311E-05
 0.85242358010851E-05
 0.85243607661343E-05
 0.85245367376281E-05
 0.85247644351056E-05
 0.85250446399466E-05
 0.85253781714682E-05
 0.85257658635141E-05
 0.85262085432138E-05
 0.85267070179460E-05
 0.85272620858645E-05
 0.85278745985892E-05
 0.85285456159899E-05
 0.85292766955825E-05
 0.85300703468294E-05
 0.85309306535311E-05
 0.85318640328171E-05
 0.85328800684949E-05
 0.85339923389250E-05
 0.85352191578553E-05
 0.85365841588157E-05
 0.85381166742702E-05
 0.85398518849550E-05
 0.85418307381900E-05
 0.85440996538612E-05
 0.85467100515983E-05
 0.85497177419581E-05
 0.85531822283915E-05
 0.85571659662126E-05
 0.85617336207542E-05
 0.85669513605274E-05
 0.85728862136251E-05
 0.85796055077839E-05
 0.85871764070368E-05
 0.85956655514185E-05
 0.86051388007742E-05
