   18.7786855331590000848092430367807878      
   13.2955293881793539121888316345246866      
   10.8593957174084198542789643593308813      
   9.40546479495418595724750503097461862      
   8.41248914885994726652246979861389965      
   7.67903097483627566173090687395256188      
   7.10863432034911384107975733203196826      
   6.64855869563543821018097749424960342      
   6.26721510800482352900351379054063306      
   5.94437716176696338785125994468344394      
   5.66641449691204982986574453639103715      
   5.42376229887267484215372002343942028      
   5.20948427077290758091261683890416093      
   5.01841113732962858202958135156075172      
   4.84660061459389974024383069489199819      
   4.69098598172025754367501103415511041      
   4.54913999778089872735066438897797068      
   4.41911192810087048275917713633536355      
   4.29931237460374299156326403198862470      
   4.18843022661531449171130059690407406      
   4.08537171413574621324222123848923044      
   3.98921498947413744526855318448478164      
   3.89917581786556139958531251701927001      
   3.81458134207860890520852235689460223      
   3.73484979692909012682804636633034426      
   3.65947466203987503522090539176970217      
   3.58801216092548224730308702996022610      
   3.52007130721393044134130803544975320      
   3.45530590623796461966493712391186091      
   3.39340806935140637122938153856668809      
   3.33410290698631839463349612458242276      
   3.27714414657902400389742779402629361      
   3.22231048116017460546716641243249610      
   3.16940249928697987247641840813334404      
   3.11824008091085772888653185488719026      
   3.06866016963128731369964816155742655      
