   73.6605896660554015547286322262154260      
   73.1448275271247812567098760713215164      
   72.6117156438370407846927798639228458      
   72.0613863065594382411444258104926452      
   71.4939631044418135171664980452470392      
   70.9095567699235957151305170290168789      
   70.3082610575704957970317905742088896      
   69.6901486274563337831331840755888993      
   69.0552668969449881926633266204233372      
   68.4036338178752717706732795652797164      
   67.7352335285535686101918397968900373      
   67.0500118213014777297477365677934872      
   66.3478713562066544416308184023759695      
   65.6286665396732021154308239905782969      
   64.8921979717894293613345253460080764      
   64.1382063485904459419307870281843432      
   63.3663656830052263878400104395786535      
   62.5762756802743949721656314053639891      
   61.7674530681397136855185235542555144      
   60.9393216367569806961430825783154865      
   60.0912006848167662381505518766973049      
   59.2222914923694914933144186425201283      
   58.3316613411885445992701417240701369      
   57.4182244715622623502904473664818993      
   56.4807191879777269259673747088460218      
   55.5176800876614549130378535074388336      
   54.5274040597702893602112601468544316      
   53.5079082512214449638370075435506227      
   52.4568775606570287832473689786592433      
   51.3715983173968180558641052871708309      
   50.2488734909720488249172965332871205      
   49.0849128411955790958769682061655021      
   47.8751885032927051649933375231773342      
   46.6142420113258884590952937678073414      
   45.2954216666140900842659446080519772      
   43.9105176155524808835774634103964137      
   42.4492425891690425546586290377586505      
   40.8984722941620776245117137668267582      
   39.2410971352613843995633419665875060      
   37.4542157570270694125459527859551060      
   35.5061473171782983277962026176909255      
   33.3511575875913726912883580346688967      
   30.9192940369273299561988351230955110      
   28.0942371826733129306789029670520579      
   24.6556147395133488363236657167981609      
   20.0780450449203010286694942128962707      
   12.1289814699480631548706481405849563      
   3.02384845711149667320837805449833833E-0004
   1.21583181494697939829726948673199230E-0004
   9.84316884671811531132662368480386716E-0005
   8.55319877863144155237470923048077818E-0005
   7.39342054106637925498107534322972989E-0005
   6.27168895979248453940351707143646933E-0005
   6.10876296347633165547365939353662184E-0005
   7.70495755068198443486828092719704345E-0005
   9.17968367326517439606475916098278938E-0005
   8.16512768091702537184502188088070326E-0005
   6.76746731605887465187608166696114424E-0005
   5.95467956959007024140223487559374074E-0005
   5.43377848745897074162778558178068450E-0005
   4.92791558773634686353623706399530338E-0005
   4.37654779712252995023219096541515847E-0005
   1.55782483396014691866106037242489688E-0005
   1.55668812061841854102545141355472178E-0005
   1.55580338093218424552773221712259211E-0005
   1.55510565919233070053384592909467247E-0005
   1.55454875933359422043577182183754761E-0005
   1.55409931500418913529260911340482358E-0005
   1.55373287944151579912904320826277163E-0005
   1.55343130195619065195651382938526142E-0005
