   4.41456734896802046084688144442619889      
   4.34929218090010858096773976507291457      
   4.28486710312615622246328851280952447      
   4.22123936469863379836827476040623524      
   4.15835909419765228844228713298176100      
   4.09617885211269297933944191590566704      
   4.03465321676439807970628105206754981      
   3.97373839850386203953270342640145945      
   3.91339187716104211466065853226874000      
   3.85357205786002754202422158340038678      
   3.79423794037509505970547288731913952      
   3.73534879716170580421215086405587195      
   3.67686385505068628637421096147167898      
   3.61874197532453310125674179982052539      
   3.56094132648107464860157131841217707      
   3.50341904339891991575344348140495644      
   3.44613086580970421072142557273174316      
   3.38903074789616724173505780748362349      
   3.33207042939529420157391175654489212      
   3.27519895668605072218271746722051271      
   3.21836213983640423730153471209721178      
   3.16150192827433327935745583837559033      
   3.10455568335255696591783877242195833      
   3.04745532020197227215604284500903870      
   2.99012628335140220863552030736065747      
   2.93248630981752324264059083455538572      
   2.87444391854410642165716326730132163      
   2.81589654441872624851828463480763527      
   2.75672820593022537505133779284595234      
   2.69680655370897981279659815869478160      
   2.63597908621313956486490005090552391      
   2.57406822823607709892381858523013662      
   2.51086483054374399583113568502219856      
   2.44611943577950513175880687721538436      
   2.37953031625166512753480890672674520      
   2.31072673218301390587096500674320069      
   2.23924491331341176819530914485928685      
   2.16449259535541479493002316989511679      
   2.08569484337503094562942549187560347      
   2.00180779903319011835450664249182860      
   1.91137409436207644949431865040407361      
   1.81226376689353722794328665273985659      
   1.70116652434466209738981994511254470      
   1.57246453047035407049960756114933991      
   1.41522842765459799484138850088849283      
   1.20239633457724009088050336647390986      
  0.809907666407462822755551846530936964      
   5.66946213014313929158032539392733708      
   12.0397919603867688839529125993121428      
   17.7717551090400074576986344791434708      
   23.2132934193826678823741431214386044      
   28.4957289635536710294286143480292295      
   33.6932082837380292249681060364955879      
   38.8585151799455712774020120718658617      
   44.0342111031377651911635301445913407      
   49.2543978236637138554319215160592694      
   54.5416346616927588476821453748199926      
   59.9020758632079468931416944532396812      
   65.3213324116175831272384754321963321      
   70.7618127970541317557943703082062383      
   76.1593657727438277294712077468792574      
   81.4102245279353713524645034995764521      
   86.2521165278101015153035586445392566      
   90.7212950561029467847906986498403947      
   95.1438028328494725460409708520789006      
   99.5174879594680261122835096766651679      
   103.840837799858932580439435180564789      
   108.112863913649628926855841505048179      
   112.332996395249403502285550580803910      
   116.500991320445206795064948174242837      
