   81.7400432333552244830652925470550763      
   81.7369788120130527234245088055381356      
   81.7318598081827498592373048658405675      
   81.7246767896590476134437676308004192      
   81.7154201756322486632338785309507490      
   81.7040808652748602574105026639643093      
   81.6906508227468760827390334758756812      
   81.6751236027438693971276969999193938      
   81.6574947974235221108619637113191215      
   81.6377623895667711542342271999781175      
   81.6159269941808188761219787793257449      
   81.5919919491087373466824324468447351      
   81.5659631698537342501381843784106360      
   81.5378486139439076761567096579625007      
   81.5076571338241709323436418663804249      
   81.4753964576438931482280068390513893      
   81.4410700573139434013488469791349822      
   81.4046727694530436952513643852514035      
   81.3661852074877993174967516926286299      
   81.3255672218937087698794600615178381      
   81.2827508547652494817754640809904536      
   81.2376333626650823188565593409695977      
   81.1900709137451246538195178239810001      
   81.1398735033116064401839060206233893      
   81.0868015013175565437938451506436265      
   81.0305640773809685571924517378735081      
   80.9708195728344656484775638617834029      
   80.9071777341404691916508286077991350      
   80.8392035983280516299586613401116312      
   80.7664227398054627764506487829919786      
   80.6883275420800681332217719908369469      
   80.6043841488363505778023479483045637      
   80.5140397627842081094404874349641856      
   80.4167299945994333864603408997338531      
   80.3118860067151287437884669542620301      
   80.1989412479613894931463101536110559      
   80.0773376220450148796434519028719740      
   79.9465309799919120308149709336634752      
   79.8059958695987115610959306832253239      
   79.6552295094363475094019094950996167      
   79.4937549855751063789580792436374804      
   79.3211236934921709717639959726722673      
   79.1369170638150270672235106933256418      
   78.9407476252861114481835637545156921      
   78.7322594662175195277923291427851176      
   78.5111281585314229922061128380850468      
   78.2770602133219733935354684005388706      
   78.0297921323857621371324049522657680      
   77.7690891195891293784121772231724830      
   77.4947435111555705540941835182743826      
   77.2065729778050468252169308110546588      
   76.9044185484837867014541314476661578      
   76.5881424953078902680649095409864428      
   76.2576261185768156013043112549354287      
   75.9127674592981294886855539753430795      
   75.5534789658308387065744086806374371      
   75.1796851320816775419395539763663443      
   74.7913201229465236188990427021980543      
   74.3883253946103270843144406831363531      
   73.9706473174440235900166947926354088      
   73.5382348008219709694913819871693158      
   73.0910369187943870753357727726162758      
   72.6290005317098408310706358374052965      
   72.1520678943455102294786319319084211      
   71.6601742394499239443961207988126255      
   71.1532453228325160327037182775842740      
   70.6311949115892950312657210726526000      
   70.0939221951101511196167970298259937      
   69.5413090948270291569090495505346558      
   68.9732174445466107888083385412011849      
   68.3894860077538921759034521857414140      
   67.7899272954697703956414062095857259      
   67.1743241391249398451518167104399139      
   66.5424259673294498341861788634127960      
   65.8939447249531692202500340062877992      
   65.2285503632607888094836091033991034      
   64.5458658144872739308689807187877990      
   63.8454613477745755425436547513655192      
   63.1268481820702032193966847833604460      
   62.3894712047627794351260134487541458      
   61.6327006086148251595221561688029137      
   60.8558222212874603773681245478879903      
   60.0580262378259322869242428179682030      
   59.2383940018801457931801717637238229      
   58.3958823809165324683427250477503941      
   57.5293051588380145851178686850168434      
   56.6373107014832806214151275967066875      
   55.7183549257385104158432981303898362      
   54.7706682980569058861559031810378853      
   53.7922151660669387447418593867855754      
   52.7806431343989799875111511879526878      
   51.7332193597739601035453701969971996      
   50.6467494259913012185537339661825290      
   49.5174726792537471759079922688156712      
   48.3409252329709560641013125371154965      
   47.1117577465046351980726132794125692      
   45.8234886367459455296650668842264726      
   44.4681629316176181999521472021166957      
   43.0358694946812535875499660479609921      
   41.5140389474937793276309389859246423      
   39.8863892411381587185558714315547079      
   38.1312792448030385672773847453561245      
   36.2190110383929870942266729903674407      
   34.1071285438125823448201184999931305      
   31.7315274679783631539055984469864355      
   28.9876482290131032047641997281192047      
   25.6836939790524259643834699183955509      
   21.3899908902057958936134214448790634      
   14.6036854065841720549853457590050175      
   4.21858478709101456635025539818352479E-0005
   4.06238386558997364518075482817015859E-0005
   3.86115428812610316893224455788420033E-0005
   3.61463740726396831952121269638488258E-0005
   3.37234542723772037524689072134252965E-0005
   3.13372457231956607595818473539675704E-0005
