   235.280614361362568539609003427063999      
   235.267398252924457508319123671013411      
   235.245344475392038201665013753449626      
   235.214438641360550796284173733310596      
   235.174671149317033956149468166871448      
   235.126038996807594893429394901646370      
   235.068547281625258899696062658664602      
   235.002210341851010220316821807777264      
   234.927052510442741564592630941587266      
   234.843108493555024621295570824631639      
   234.750423402085379172813479385360329      
   234.649052457789833528224922195722817      
   234.539060344259179801512812033228952      
   234.420520057088038798325642337960507      
   234.293510946089226497122150055352045      
   234.158115486756834413453334981998044      
   234.014414270655547228153529984841898      
   233.862478859284241901455294666402596      
   233.702362493658699606039053098886255      
   233.534089119880964763915371326394432      
   233.357641608064436896142939630209891      
   233.172950299302001162220865805945600      
   232.979883041625863689224531528125842      
   232.778237686641682056189822724167046      
   232.567737685579090493842033645323559      
   232.348031034549410679740459662948900      
   232.118692449575360021527849329693374      
   231.879228361658843149270296871564876      
   231.629084130426117015392444521457869      
   231.367652788539423650522904619964113      
   231.094284625794084223792820044488815      
   230.808296986728236970932933512219939      
   230.508983756779147654530145418881795      
   230.195624133765205940857130909517539      
   229.867490401781413030270619866914826      
   229.523854539619070682162635366819645      
   229.163993588343643441533903267445443      
   228.787193779123263911726537552562818      
   228.392753479894544188454696520593469      
   227.979985055728754027359290657992033      
   227.548215761650551305255077712089088      
   227.096787798013961372676368162398384      
   226.625057657519339825431773599561980      
   226.132394889877784293580292099690474      
   225.618180399578150928949632455266921      
   225.081804377272497531461160313609516      
   224.522663955582638369998438127284734      
   223.940160661248517465344894450252193      
   223.333697724444657498591026840260176      
   222.702677292172135250860833197250169      
   222.046497579197790247798815874583067      
   221.364549982411510389840016204029185      
   220.656216169378798069161573849995669      
   219.920865150315777949510580368199284      
   219.157850328057452377201360309724752      
   218.366506520549784061048747866577866      
   217.546146939694213311042667185786522      
   216.696060109728338301385975207104050      
   215.815506699184718156654932405275442      
   214.903716242190547364906162712821091      
   213.959883714778665425960785285020863      
   212.983165932197929629384022691245517      
   211.972677728393100462973120125822179      
   210.927487872406833408718981078142338      
   209.846614673287845422259544083541975      
   208.729021219638257945822181335068892      
   207.573610191107063262919145334031773      
   206.379218172892042386230691343587422      
   205.144609394504717698544607217111346      
   203.868468802288732884047328212451498      
   202.549394359919921105730908325125453      
   201.185888457763956878394565876966720      
   199.776348287416873164636690008219405      
   198.319055015488363850306637503480092      
   196.812161558136118863550662487990652      
   195.253678722349960931243094821841664      
   193.641459431142543750316876939194222      
   191.973180692893434216180328299332460      
   190.246322902974353587189794372535595      
   188.458145975188791052668142745573168      
   186.605661682583833457284077420605945      
   184.685601448968830391777863342319303      
   182.694378632826475940035216474254759      
   180.628044114653995986811401754417524      
   178.482233673398079890192762896694727      
   176.252105225478443475896746232452663      
   173.932263442958040440310573931691073      
   171.516668520509319224214411664093106      
   168.998524846544098958901309300729863      
   166.370143934002324293195508739749337      
   163.622774006806476608821444119172735      
   160.746385867676741912958115478003262      
   157.729400666050887330086276954335686      
   154.558339309790152769895106079230572      
   151.217364461517815975811725402894980      
   147.687672561637445419147305826923590      
   143.946672133956126878659781487904120      
   139.966850352785339121223328448423309      
   135.714172592840697750022153786236189      
   131.145760272097345447284014572322241      
   126.206411614480802051437379780243742      
   120.823183011474076317511381529154891      
   114.896535618189899912148544908407336      
   108.284956753638320586435458468841729      
   100.775992403677763409660198433088372      
   92.0252481603569222731525743685832049      
   81.4054630903803258337187621762241255      
   67.5234767714712566844947317502929925      
   45.5650700334189816364007968654161269      
   1.40217646622630392801744018385303627E-0004
   1.38608886033727125557404175423338176E-0004
   1.33832051889305518412432843434399652E-0004
   1.26898947911976354852855682167653516E-0004
   1.19743695734675574804135067242919209E-0004
   1.12442688489588051185854476309816401E-0004
