 0.26859175772073E-03
 0.26859428185392E-03
 0.26859851268248E-03
 0.26860447292238E-03
 0.26861218849509E-03
 0.26862168750638E-03
 0.26863299919131E-03
 0.26864615284926E-03
 0.26866117681687E-03
 0.26867809753411E-03
 0.26869693877811E-03
 0.26871772120493E-03
 0.26874046246506E-03
 0.26876517831667E-03
 0.26879188529380E-03
 0.26882060553010E-03
 0.26885137424475E-03
 0.26888425014774E-03
 0.26891932864152E-03
 0.26895675725811E-03
 0.26899675237550E-03
 0.26903961598538E-03
 0.26908575119391E-03
 0.26913567522548E-03
 0.26919002894164E-03
 0.26924958221611E-03
 0.26931523487641E-03
 0.26938801326863E-03
 0.26946906279737E-03
 0.26955963701377E-03
 0.26966108396657E-03
 0.26977483059701E-03
 0.26990236596299E-03
 0.27004522402903E-03
 0.27020496667994E-03
 0.27038316751124E-03
 0.27058139683688E-03
 0.27080120824343E-03
 0.27104412691020E-03
 0.27131163982187E-03
 0.27160518791478E-03
 0.27192616013243E-03
 0.27227588931166E-03
 0.27265564978250E-03
 0.27306665653807E-03
 0.27351006581658E-03
 0.27398697692979E-03
 0.27449843517596E-03
 0.27504543568054E-03
 0.27562892802140E-03
 0.27624982150773E-03
 0.27690899100092E-03
 0.27760728318086E-03
 0.27834552318102E-03
 0.27912452153132E-03
 0.27994508136840E-03
 0.28080800588569E-03
 0.28171410601577E-03
 0.28266420834975E-03
 0.28365916331625E-03
 0.28469985365413E-03
 0.28578720323171E-03
 0.28692218627576E-03
 0.28810583709323E-03
 0.28933926038275E-03
 0.29062364225262E-03
 0.29196026208237E-03
 0.29335050538955E-03
 0.29479587788961E-03
 0.29629802097208E-03
 0.29785872885328E-03
 0.29947996771488E-03
 0.30116389719544E-03
 0.30291289467228E-03
 0.30472958286028E-03
 0.30661686136143E-03
 0.30857794293642E-03
 0.31061639544139E-03
 0.31273619058828E-03
 0.31494176096656E-03
 0.31723806711806E-03
 0.31963067691882E-03
 0.32212586012369E-03
 0.32473070172177E-03
 0.32745323880765E-03
 0.33030262709004E-03
 0.33328934508834E-03
 0.33642544671857E-03
 0.33972487666259E-03
 0.34320386813484E-03
 0.34688145014390E-03
 0.35078010226442E-03
 0.35492661115237E-03
 0.35935320760724E-03
 0.36409910107090E-03
 0.36921258894358E-03
 0.37475401691670E-03
 0.38080003313618E-03
 0.38744987025655E-03
 0.39483492042503E-03
 0.40313388508626E-03
 0.41259784710799E-03
 0.42359412098239E-03
 0.43668849775937E-03
 0.45281430754525E-03
 0.47366652935014E-03
 0.50280642371927E-03
 0.54985349914061E-03
 0.66157456686000E-03
 0.37637369227726E+01
 0.98338381260416E+01
 0.15197471743291E+02
 0.20278274556978E+02
 0.25211022146699E+02
 0.30064664381293E+02
 0.34884932749727E+02
 0.39708229979036E+02
 0.44566133378975E+02
 0.49484868147359E+02
 0.54481650484487E+02
 0.59559904131832E+02
 0.64705197167802E+02
 0.69882234514816E+02
 0.75030059753940E+02
 0.80040290239755E+02
 0.84670789578719E+02
 0.89184980555787E+02
 0.93649285069276E+02
 0.98062571213508E+02
 0.10242420192844E+03
 0.10673392001641E+03
 0.11099175123599E+03
 0.11519792515015E+03
 0.11935281211259E+03
 0.12345687422166E+03
 0.12751062795979E+03
 0.13151461636660E+03
 0.13546938883754E+03
 0.13937548692240E+03
 0.14323343477508E+03
