   25.5609701966351035855553402224603038      
   18.1244481185044916976391594068474116      
   14.8101904357639285160375854462155022      
   12.8299691710230869024449270477042757      
   11.4767693855593912258711144631272810      
   10.4768674328294047738893674524503929      
   9.69906243522676729719617412494235975      
   9.07156997776392415632211022477396321      
   8.55137563151596831809876485870784367      
   8.11092843316572157217840216029950619      
   7.73165760027899990755707063619667928      
   7.40052916298554378459034795498584506      
   7.10808993979404845728493292266938951      
   6.84729472202508340244773897201070818      
   6.61277109902071121953496912527011797      
   6.40034110944600519640080588327075971      
   6.20669994697560805049186011410946444      
   6.02919414689583063980898895926244317      
   5.86566473817018395726805107540504048      
   5.71433397718155949412590753373105922      
   5.57372202946453446208191391337493184      
   5.44258468290318659615450500616732948      
   5.31986612444959863610276413674603830      
   5.20466269928783445065947617965700080      
   5.09619480442794287137457746504034437      
   4.99378489085254989252894196808484088      
   4.89684010696024369587617284426453368      
   4.80483850317274061266392701281800126      
   4.71731799092994787748049694376787802      
   4.63386744597297320864957740315003107      
   4.55411948985220550928401879299483708      
   4.47774459078650461249487503327409583      
   4.40444620580516518894364150034366867      
   4.33395674783719400453421603397788920      
   4.26603420882209556407436845276932302      
   4.20045930674514063608733698651767187      
   4.13703305312759857090011215506125319      
   4.07557465982342446859916709814196737      
   4.01591972149650210753701298022967889      
   3.95791862377155107458298456406026376      
   3.90143513778491200466622704647866063      
   3.84634517017320784536150254899831356      
   3.79253564405994534266551757265465203      
   3.73990349165634199303694148320504072      
   3.68835474302377654928128262213745110      
   3.63780369857133621390996009230114034      
   3.58817217523869815165070412500678119      
   3.53938881808764369558386840316879095      
   3.49138847045718411600722678049366612      
   3.44411159687380334872032618872587762      
   3.39750375377883357438650725168585858      
   3.35151510373207957906318209257181928      
   3.30609996928790687558107308593207843      
   3.26121642311269278243148192801692609      
   3.21682591125045225409840118567557517      
   3.17289290666258641840409202877342595      
   3.12938459043635361150940323546670937      
   3.08627055817590515430247247480191323      
   3.04352254929837188448266871621144342      
   3.00111419704531092689369804707706039      
   2.95902079718773240679912646043360218      
   2.91721909344900195841313279521542021      
   2.87568707782596005613181754541346581      
   2.83440380400975336957073580648642440      
   2.79334921221237222414075320731056903      
   2.75250396374045301750190406388047615      
   2.71184928369904338553125753350748783      
   2.67136681022060843927147472818582429      
   2.63103844863441563642997417705091640      
   2.59084622894025800200881522310504551      
   2.55077216492977394564959078705438033      
   2.51079811320720961153218542495618653      
   2.47090563024101904538274256416357869      
   2.43107582543603670145909032318653577      
   2.39128920798034337913958493479876806      
   2.35152552496711107067617722998861329      
   2.31176358791605888343564207959479368      
   2.27198108435451667142696081179573473      
   2.23215437054521255178946478255994896      
   2.19225824066721924288716563778710969      
   2.15226566680418899163748299908003115      
   2.11214750282997111389897913076143058      
   2.07187214366787965758546352056038295      
   2.03140512929648601091189114713330299      
   1.99070868009887494034339144201794652      
   1.94974114650841530796198177358865140      
   1.90845635100995120535520181278756527      
   1.86680279396981435243978022918828337      
   1.82472268578134052665381940007476402      
   1.78215075537800442198297638818201466      
   1.73901276777624312756233687120017970      
   1.69522365856872256354533456371352425      
   1.65068515752068548978351014399011765      
   1.60528272084183170856611802067248598      
   1.55888151267954832247864387591320898      
   1.51132105513020599781953388798941027      
   1.46240797511131061891262868697491007      
   1.41190596696870470567348025002143559      
   1.35952157148350348786908986264426678      
   1.30488346955137580855886581727710491      
   1.24751134402488185639987155814860478      
   1.18676719321935811085422169472677937      
   1.12177543815881800232870218516653675      
   1.05128346414931775637835370564946014      
  0.973397432839252219990502449984809817      
  0.885022270999588006700033334207437395      
  0.780465692263243875463161476749875381      
  0.646932886218021830380905881510991731      
  0.439469963615679959050691262347178002      
   3.76373692324602966740168527516719515      
   9.83383812649846097309358439071607774      
   15.1974717437135037250434231410131220      
   20.2782745573516317585236688569337146      
   25.2110221470242459057242716239028193      
   30.0646643815707891598916717340653471      
   34.8849327499567923785250058544337130      
   39.7082299793798927023300564374691445      
   44.5661333792542737419741776874711569      
   49.4848681475686612304763907435657863      
   54.4816504846606462720796579231731594      
   59.5599041319785934309466528801811778      
   64.7051971679306767128090006539233796      
   69.8822345149266697617799295335944347      
   75.0300597540331747797412854346416492      
   80.0402902398232032373040538187872788      
   84.6707895787297402824564058271606274      
   89.1849805557980310766104840101432529      
   93.6492850692871589311642019491993516      
   98.0625712135186656908160687172133611      
   102.424201928453626160418641824663181      
   106.733920016421333932565403030265208      
   110.991751236004595412260480494190486      
   115.197925150160906429367410231114707      
   119.352812112600636041360585811009914      
   123.456874221666348053847982549009633      
   127.510627959804237916668903647549906      
   131.514616366608228888705179871362282      
   135.469388837551819531780823644266815      
   139.375486922414979116469437765093803      
   143.233434775095440416453429164690333      
