   277.063994752807950380999828051341283      
   277.054327991376201872858287044696376      
   277.038180672286391907104845582934950      
   277.015523493964962998576091014535942      
   276.986326294971573534895205342799181      
   276.950559702325259610584968468645451      
   276.908196653119553350489967099840214      
   276.859213771960126108688049034505589      
   276.803592568990166308938070191263810      
   276.741320429352848324617900382911372      
   276.672391379374019279271169846681953      
   276.596806623776046833135398344354752      
   276.514574842352605526779503525152306      
   276.425712190438448862581747820650054      
   276.330241845859966394611242496441401      
   276.228192781014867879279751742566450      
   276.119597259563345078917212751382560      
   276.004486451255036602459745760755091      
   275.882883606735062348024251626796388      
   275.754794474659302185609025091076283      
   275.620195029324214859340004697594753      
   275.479017009311642649440897780092427      
   275.331132141504964005570399351731372      
   275.176336154589532174665609227676561      
   275.014333744535948360349347063377758      
   274.844725550105814824793601851802114      
   274.666997973644552717961315515972843      
   274.480516394558392039335751375833213      
   274.284522017994048257731884910799310      
   274.078132323787494678774262231900100      
   273.860344848477968112343608522373037      
   273.630043868571620964920763475323127      
   273.386009441807181769781049657257517      
   273.126928217974599977210465049325249      
   272.851405425030760035606925436325000      
   272.557977471716082633783967328219874      
   272.245124663841902648766339482803272      
   271.911283606328966790668471119755480      
   271.554858940801678344035653501610012      
   271.174234151104766474510311800147100      
   270.767781242999867539827140245131815      
   270.333869174603761009704497286397961      
   269.870870972469008856719860399023485      
   269.377169518924524442932957790566505      
   268.851162033987788820239751809207053      
