   4.36490320569497748704456094631009280      
   4.30784386302457845906578810989508037      
   4.25182758264752550020367890114036124      
   4.19678161179372513413516115303675358      
   4.14263660834297005577533123345329840      
   4.08932620659009756139727885358278224      
   4.03678661206579365173129051730996783      
   3.98495622171391409221764810035384991      
   3.93377526585741369917930726058028756      
   3.88318546845098629462202090042382902      
   3.83312972212650171692143587502931044      
   3.78355177448900253885747550072262225      
   3.73439592201500538411765735212025703      
   3.68560670773379451753652825908693162      
   3.63712861862743609313182566895326216      
   3.58890577835002582711999342005513423      
   3.54088163042165433636119436153371877      
   3.49299860646996704315646240325457667      
   3.44519777333787099078753272485702418      
   3.39741845190060667752863160037045246      
   3.34959779917975867681577741603097819      
   3.30167034372162664647820572211801706      
   3.25356746211306708172063786936820499      
   3.20521678178928883290232890522423129      
   3.15654149173996262884972422587466001      
   3.10745953805869977838697693352532927      
   3.05788267510874987177677749543331960      
   3.00771533483114042765928378996829147      
   2.95685326559099973206449953690767756      
   2.90518187676204928757216570116034423      
   2.85257420424150817308264309756837983      
   2.79888838263120911100732299329980775      
   2.74396446786914850857879790174124411      
   2.68762039329946108001978840072238712      
   2.62964675232900727775208875516542508      
   2.56979996513850419581736956999979865      
   2.50779317687266095420079057928497950      
   2.44328390038948350190352473505763924      
   2.37585686723130724071116291787139306      
   2.30499961419918303470393263718989311      
   2.23006666917236700163295642355540005      
   2.15022509639134238879553015823306045      
   2.06436803321913103591713100751767915      
   1.97096989583811577920360677647057018      
   1.86782714884890940050620277765671199      
   1.75155229048506641624002907556755484      
   1.61646305988333003232008866575203621      
   1.45168524944348646507956315077813111      
   1.23105718790064886315716958913826036      
  0.843708864010806603710232198996052268      
   5.03654580353845636391328559781694569      
   11.1691611368136635638534025452402820      
   16.5178308729800044625492743890536381      
   21.4480722825702189574866053288034409      
   26.0933563421804302823020340763471046      
   30.5226797454408531614446870950734770      
   34.7779795441391106718928167972368741      
   38.8873345395701737591392898257058332      
   42.8707762641524800386199142087608450      
   46.7432140883069784136292378570199215      
   50.5160442826681011319113205208707942      
   54.1980889358643533318695631200892972      
   57.7961613543807536840257908728009786      
   61.3154014923470949925500615953265796      
   64.7594429719763978954730741215454659      
   68.1303994095038041793114262585045108      
   71.4284627081074500188756279925546246      
   74.6487538848875385594416789265680344      
   77.7929685027435907105546533068313279      
   80.8691509850137566680197447311898614      
   83.8803882858572712984483364744649315      
   86.8295301581792448707193811189091646      
   89.7192110035008072298457769300386585      
   92.5518695885370342935078990983780190      
   95.3297669152949571298861326680786445      
   98.0550024441931213236778972402175827      
   100.729528822578061687871353587120631      
   103.355165245536953966315928829567889      
   105.933609561637350378547260905962588      
   108.466449227417362680637917770769271      
   110.955171208044591652887723294551626      
