 0.30232515450037E-02
 0.21748877947323E-01
 0.23422570772291E-01
 0.25215023271359E-01
 0.27136353322255E-01
 0.29197279973384E-01
 0.31409180369295E-01
 0.33784152507121E-01
 0.36335083714829E-01
 0.39075724691570E-01
 0.42020768967888E-01
 0.45185937719028E-01
 0.48588069978904E-01
 0.52245218434728E-01
 0.56176751115946E-01
 0.60403459414643E-01
 0.64947672982450E-01
 0.69833382140230E-01
 0.75086368513477E-01
 0.80734344671842E-01
 0.86807103610040E-01
 0.93336678962663E-01
 0.10035751690121E+00
 0.10790666072001E+00
 0.11602394918082E+00
 0.12475222975550E+00
 0.13413758798265E+00
 0.14422959423921E+00
 0.15508156932207E+00
 0.16675087033776E+00
 0.17929919851238E+00
 0.19279293065804E+00
 0.20730347616850E+00
 0.22290766156510E+00
 0.23968814477613E+00
 0.25773386150946E+00
 0.27714050627024E+00
 0.29801105078505E+00
 0.32045630282171E+00
 0.34459550864237E+00
 0.37055700259779E+00
 0.39847890766577E+00
 0.42850989105807E+00
 0.46080997937104E+00
 0.49555143813800E+00
 0.53291972105995E+00
 0.57311449464851E+00
 0.61635074451509E+00
 0.66285997008845E+00
 0.71289147514246E+00
 0.76671376217408E+00
 0.82461603939368E+00
 0.88690984988251E+00
 0.95393083334411E+00
 0.10260406318351E+01
 0.11036289519167E+01
 0.11871157968326E+01
 0.12769538836018E+01
 0.13736312613323E+01
 0.14776741486301E+01
 0.15896500097089E+01
 0.17101708907251E+01
 0.18398970399937E+01
 0.19795408380958E+01
 0.21298710665167E+01
 0.22917175463638E+01
 0.24659761819649E+01
 0.26536144477603E+01
 0.28556773609408E+01
 0.30732939867912E+01
 0.33076845287398E+01
 0.35601680607602E+01
 0.38321709660993E+01
 0.41252361534043E+01
 0.44410331293041E+01
 0.47813690154657E+01
 0.51482006082446E+01
 0.55436475904154E+01
 0.59700070172652E+01
 0.64297692137425E+01
 0.69256352355611E+01
 0.74605360653535E+01
 0.80376537353558E+01
 0.86604445908609E+01
 0.93326649339613E+01
 0.10058399315033E+02
 0.10842091770035E+02
 0.11688580334970E+02
 0.12603135204638E+02
 0.13591500940779E+02
 0.14659943174520E+02
 0.15815300289003E+02
 0.17065040609605E+02
 0.18417325670191E+02
 0.19881080163081E+02
 0.21466069215130E+02
 0.23182983657149E+02
 0.25043533956262E+02
 0.27060553433513E+02
 0.29248111234047E+02
