   1.24880673527881030363987777515007555E-0002
   1.25305884919820736758130996971964207E-0002
   1.25757055470874185894752312011011028E-0002
   1.26236592423393231327966997100408821E-0002
   1.26747213895184793099653353843552667E-0002
   1.27292005871915351202431196830459800E-0002
   1.27874491511575096115711295416653899E-0002
   1.28498716044993905636763389571490436E-0002
   1.29169351652825943962528222468841969E-0002
   1.29891828217162073601127910923760555E-0002
   1.30672497973519734125190017271373317E-0002
   1.31518845112144366641350341103526533E-0002
   1.32439755735281606853908046940634375E-0002
   1.33445869956517152667472657738043225E-0002
   1.34550047427887768190881159487491347E-0002
   1.35767992001367002211223758264635428E-0002
   1.37119103622991816579362344528678881E-0002
   1.38627661287996601007496511266264448E-0002
   1.40324499891728218105741512220801339E-0002
   1.42249445593142126873538900840152029E-0002
   1.44454959636912811321190244958704761E-0002
   1.47011799998057400310108488635180077E-0002
   1.50018255266078319917922710733687262E-0002
   1.53616153153922828455644510311887827E-0002
   1.58020743502985192929671995408792864E-0002
   1.63581628699705766227560231327489019E-0002
   1.70921801151546303351469480535365230E-0002
   1.81310951330159744801946193493848094E-0002
   1.97975018761207602873931199495803395E-0002
   2.34046128780901652600159427735664871E-0002
   3.75410503859823298691111871221347412      
   13.2421109979954773076771230943097382      
   20.4611999268120326191619982296393472      
   26.6935583243706231011740968833049718      
   32.3053792436957611788077185026467818      
   37.4727278255216944667747071156555875      
   42.2985694493509865220301398362419530      
   46.8499000910657279724503705536751768      
   51.1732849704390862982114139574541492      
   55.3025257175627420048894480033404111      
   59.2628617065888501001152943029155726      
   63.0734183456673159329260760541862363      
   66.7486481630708870717754417566782414      
   70.2990750667538840240224097185899922      
   73.7313181334069233661667258920883143      
   77.0465017059499527930482028001279423      
   80.2253992611540043582318517326339501      
   83.2886552993205533077702713908861576      
   86.2715036382237522469770403025988800      
   89.1789222062154732489628352125838772      
   92.0153578642304632909434784338655300      
   94.7848036381412758760932748623253283      
   97.4908617816473062099933524938385172      
   100.136795845110872047344000646586688      
   102.725574087335913509115968891169568      
   105.259905979411916022281550778654005      
   107.742273130383705047902439955553544      
   110.174955660505396521435698499940727      
   112.560054824000766801747583141449850      
   114.899512515980888573140422284937600      
   117.195128171471339374922453487995452      
   119.448573467186335992403796887917612      
   121.661405161124082993851128572064282      
   123.835076345592892251809163554655395      
   125.970946342093292685319153738961452      
   128.070289428617422472981437576617474      
   130.134302559285456222534033235709493      
   132.164112211255457317062354327521534      
   134.160780473295339543718931224377822      
   136.125310473416781163184795846397078      
   138.058651228948780623946502643010149      
   139.961701990342971908636398415645673      
   141.835316140381400020248244885793805      
   143.680304701733886188855854652592497      
   145.497439499153503555785032047791238      
   147.287456015914773864534407033426763      
   149.051055979468357724139456058664186      
   150.788909706572571459831822074113957      
   152.501658234428254436280750569680531      
   154.189915261044065071659339169155038      
   155.854268915230643482974480990757216      
