   4.22946251061634121184896218283249046      
   4.16555535637692684808705932124785251      
   4.10215903324483880790803607097542586      
   4.03914456058129021203962728903131774      
   3.97638017888373051816595816816890517      
   3.91372981345926077143609537058259623      
   3.85105136961020579308428462499030750      
   3.78819480813781809650295207559177594      
   3.72499993556992809884978560646764405      
   3.66129382419514906648083954624116220      
   3.59688775083811118329271691826516051      
   3.53157350762196813515994835255254556      
   3.46511888880369829580431475390235056      
   3.39726208936176077179713078842688070      
   3.32770465471084947782000603294174766      
   3.25610248324282162189375000259324595      
   3.18205418222869519243505525698462994      
   3.10508577377112201254563396543693933      
   3.02463026467439462282878269851180603      
   2.93999977035049865435119385922799646      
   2.85034635241510255858604308143765603      
   2.75460464826597078809770778963122858      
   2.65140282293607940073661161216319621      
   2.53891416408690074743404665373117894      
   2.41459054975166927247190561126126870      
   2.27464770367468172810220202088569702      
   2.11298372551695133030398249877350733      
   1.91858662152416201393423112683016296      
   1.66768406429598266735948487690476370      
   1.28558327286229136608891925933021741      
   3.75410505834665930087798393743798353      
   13.2421109983555196694167905635648958      
   20.4611999270625689389055455445152642      
   26.6935583246339395819604011059069070      
   32.3053792439570642593063556894029078      
   37.4727278257629332796756820046773037      
   42.2985694495874249149138371371113530      
   46.8499000913017960248373134669754607      
   51.1732849706759060740912159033952967      
   55.3025257177977536325158531326259597      
   59.2628617068184859523533785839927278      
   63.0734183458999790943538305208092851      
   66.7486481633118279438611254364617643      
   70.2990750669990939096067484590627308      
   73.7313181336265296059712147355583318      
   77.0465017060952081160509850056465896      
   80.2253992611563340587717568577481045      
   83.2886552993228468663293182801738504      
   86.2715036382260135166281706566664459      
   89.1789222062177053887330206191967260      
   92.0153578642326689154070908775842064      
   94.7848036381434571661323803288678316      
   97.4908617816494649966450123619886270      
   100.136795845113009876496745141344893      
   102.725574087338031692250130548754534      
   105.259905979414015676819675413971072      
   107.742273130385787129676789091676792      
   110.174955660507461851074316574997066      
   112.560054824002816086299727940979325      
   114.899512515982922423927633750064535      
   117.195128171473358322364017709932075      
   119.448573467188340498393533676820120      
   121.661405161126073462135943951650161      
   123.835076345594869036725196289261894      
   125.970946342095256099169529175434351      
   128.070289428619372792284398255653959      
   130.134302559287393693327205895032762      
   132.164112211257382159415061769797961      
   134.160780473297251955577556202296272      
   136.125310473418681323654638049739798      
   138.058651228950668696096143144693188      
   139.961701990344848041896416368613697      
   141.835316140383264352464524056868720      
   143.680304701735738848048169494492927      
   145.497439499155344661653697071854086      
   147.287456015916603529751212930325081      
   149.051055979470176055453634452414260      
   150.788909706574378559017194611877401      
   152.501658234430050400946363217792253      
   154.189915261045849995942634459123381      
   155.854268915232417458133315378983685      
