   88.6153249999999999999999999999999978      
   88.6159207465762562975414772226436057      
   88.6159768505833450658429237599302796      
   88.6160382381451144109434293266077627      
   88.6161054068365417934745588724313729      
   88.6161789010913717660590436270785074      
   88.6162593166150067995083321373199724      
   88.6163473052129789416465896082695133      
   88.6164435800741393359953562322865653      
   88.6165489215513883290592082902852192      
   88.6166641834868016947581902111655714      
   88.6167903001324210903912125307114579      
   88.6169282937228049964636590417243227      
   88.6170792827607192170944763494131739      
   88.6172444910831263483021670567964320      
   88.6174252577809583105455972746836042      
   88.6176230480530763540354551848414945      
   88.6178394650823949729109174247145088      
   88.6180762630304312822282221599156269      
   88.6183353612556067745991285415555306      
   88.6186188598705474602653372433340550      
   88.6189290567644816042513883186706913      
   88.6192684662287095773591268749749682      
   88.6196398393361139890525636489300845      
   88.6200461862398955893702436820948641      
   88.6204908005722766519318701708630683      
   88.6209772861409347713754698461080755      
   88.6215095861395541911517722722288465      
   88.6220920151092598792479061436520880      
   88.6227292939099967641836767488393826      
   88.6234265879853135607410595214619817      
   88.6241895492307052036164874943824449      
   88.6250243618048764396868067471057973      
   88.6259377922552483547074601453158482      
   88.6269372443639985725233192877377350      
   88.6280308191591880041073693542265311      
   88.6292273805773924725327012097329072      
   88.6305366273100656374253337068642533      
   88.6319691714159816846519630059352864      
   88.6335366243369484966259560235755357      
   88.6352516910139889978197395724861091      
   88.6371282728668464635604999443494599      
   88.6391815804715109775986248868327710      
   88.6414282568490712334925422845774386      
   88.6438865123652056432268097306347501      
   88.6465762723337363931817062057015332      
   88.6495193385206424756670571026725503      
   88.6527395658575974632177164410046921      
   88.6562630557973781237969591635547364      
   88.6601183678783801428649127083277056      
   88.6643367512130705710124982459951487      
   88.6689523977766994668789477739600803      
   88.6740027195492945296566533937628028      
   88.6795286517573045607454144796068578      
   88.6855749846728074879987594754445022      
   88.6921907266596711396097498954127916      
   88.6994295014093261608041180036226784      
   88.7073499825859333070485810444609820      
   88.7160163694039480330283732097384211      
   88.7254989069928615730601509020675139      
   88.7358744557669187782000339771215892      
   88.7472271144148212940990300413156666      
   88.7596489015590397913546063395680610      
   88.7732405016099036561419592888741364      
   88.7881120808599653260622051492787004      
   88.8043841804334668231780439794728058      
   88.8221886933286826827477659150128928      
   88.8416699334725256769332828992556598      
   88.8629858054526042742944414919805966      
   88.8863090844079587375531769857530287      
   88.9118288164525905142990286810077519      
   88.9397518509828743919869522615551899      
   88.9703045172889236088165945142387546      
   89.0037344590596293259435400484868174      
   89.0403126416508981455847060060466640      
   89.0803355483869381016113639629833447      
   89.1241275836966450591386203042338573      
   89.1720437025636369492238584770140513      
   89.2244722876028615162587604162116634      
   89.2818382970838327649884408847169313      
   89.3446067094167007872866694445343660      
   89.4132862920203299474428371499406094      
   89.4884337251208287099810706710013311      
   89.5706581139058521586137619589710947      
   89.6606259256078039223005909353772512      
   89.7590663915333122357205873370766274      
   89.8667774178249624621719536796490318      
   89.9846320528647819289841568230979903      
   90.1135855637408153798862523194877828      
   90.2546831791348713344649225082936892      
   90.4090685613911757708749741977955802      
   90.5779930764360227704849741495322694      
   90.7628259366854682668362293577002508      
   90.9650652991540905414771258732461352      
   91.1863504087201937220126416751045000      
   91.4284748849743136619881642189484614      
   91.6934012603471645616558404614244843      
   91.9832768873553713764522828468515627      
   92.3004513439006747978089821006085138      
   92.6474954777007215378978506356504871      
