   63.7145108084512280701119492842868294      
   63.2521401918895033392134396871224878      
   62.7651591944807936522857896778673828      
   62.2515628144022474473293699525257532      
   61.7091185389031866381745473022998213      
   61.1353270928115822072402348342199353      
   60.5273756233689896646366402826113201      
   59.8820814615633261260925910408913413      
   59.1958240010809189180495432169801831      
   58.4644614287149096961243246550185898      
   57.6832279446465091590554778353253407      
   56.8466056162379590114763672675644469      
   55.9481629597951497586409559233563238      
   54.9803495229443060438674003107170872      
   53.9342318217085632047043478148745838      
   52.7991504393969579011329724833531143      
   51.5622698628532928440483643928929475      
   50.2079791954340668361145352739426111      
   48.7170765461781243477381840693602385      
   47.0656147253434658589202948890479726      
   45.2231562700243409230280182484992550      
   43.1498844030514337503744451698692626      
   40.7913573973687360244565188540949156      
   38.0682895882533869854675872370205576      
   34.8553048961717608950484916146643917      
   30.9313233941558700582560009625744321      
   25.8332318261464394811625558149900273      
   18.1537167828627231990254659568936428      
   4.64606673415044061938317656324603416E-0004
   9.94622213038858650127174775902670227E-0005
   8.30613135246586884168321499514226287E-0005
   9.34728048102301610316240945424195146E-0005
   9.61480554865587024123618049084216862E-0005
   9.60845069590183330733937588713553279E-0005
   9.81441343603171764399253348614644959E-0005
   1.00260534796390191597673156657627233E-0004
   1.01514203284435870931928056221215305E-0004
   1.01876644153032611289076769145869736E-0004
   1.01025409190781894762806575953248725E-0004
   1.02666161626684299036501336092462058E-0004
   1.03792713893018527030145670162609312E-0004
   1.04105193711364396275341344857553845E-0004
   1.03067128800174736289859682624660972E-0004
   8.49460559173245794602032446266913229E-0005
   1.02349920884806208361621213729287738E-0005
   1.02199650921118364929476546474177625E-0005
   1.02076946711921286641322194971588746E-0005
   1.01975623221785824550420987736294560E-0005
   1.01891107095724053425852955146865102E-0005
   1.01819964364542447471682648235150542E-0005
   1.01759580431934806728956118648455857E-0005
   1.01707939165347133510397678521178677E-0005
   1.01663467787244224581092403328464124E-0005
   1.01624926262039911761207103762164952E-0005
   1.01591327281009467280019770613996806E-0005
   1.01561877615488308318345925770590567E-0005
   1.01535934606747219512298158286686279E-0005
   1.01512973520483305489074615757727869E-0005
   1.01492562795534009450969500550886404E-0005
   1.01474345094171015077165119676103815E-0005
   1.01458022661553633450727432603394806E-0005
   1.01443345917752498788702891410356780E-0005
   1.01430104497373485595982383338852971E-0005
   1.01418120158669851808919620141317034E-0005
   1.01407241132345654670222799479432700E-0005
   1.01397337587670761267051350373139164E-0005
   1.01388297972067400167849395106968071E-0005
   1.01380026038270400079899708672641206E-0005
   1.01372438416273589123984444937942011E-0005
   1.01365462619608166333591099477599431E-0005
   1.01359035399934369143880637884614226E-0005
   1.01353101382528636063693199619115684E-0005
   1.01347611929504933975670126030114567E-0005
   1.01342524188607931821032899993032728E-0005
   1.01337800293953737501245288800679007E-0005
   1.01333406691761797550614780465235165E-0005
   1.01329313569358103274928031456813038E-0005
   1.01325494369864956496266045156204021E-0005
   1.01321925378274265423349213948240900E-0005
   1.01318585367219923157989192445753419E-0005
   1.01315455292862841055093176618287354E-0005
