   2.63832749831767334627303024877432574      
   2.63841925767092640733995819541989510      
   2.63857210103611414717227677521753813      
   2.63878583738208172650001730974803280      
   2.63906019958987119842957648761144537      
   2.63939484330818445262539305716884193      
   2.63978934763341143697792708647850101      
   2.64024321803151422700832152767907901      
   2.64075589138859966484885141160110557      
   2.64132674227840178076060227768372029      
   2.64195508789188366191002829333193592      
   2.64264018652185525115292487724565322      
   2.64338122178470559730320783461687763      
   2.64417726321458595716891030293342343      
   2.64502719373688680876889183211409786      
   2.64592959582072133025012832716220870      
   2.64688259116747998195648861634527795      
   2.64788363435685612192698122097519579      
   2.64892926853674237023058789211786802      
   2.65001485958757681190353144295077023      
   2.65113433183521672351465268061172517      
   2.65227993144448877889994164781013925      
   2.65344204227837009257466243782063409      
   2.65460907380353282494635768528030822      
   2.65576743283809526533871798716788151      
   2.65690158234840190436276161570597001      
   2.65799418246381101039423186972352724      
   2.65902630254529811838168156168013516      
   2.65997768890442632937214519917090653      
   2.66082707076223838210954308964565472      
   2.66155248688144560859755407965480373      
   2.66213161668883246812533745093966638      
   2.66254210198775903547191026273383110      
   2.66276184819631414326086039894183891      
   2.66276929701382729394358790624758790      
   2.66254366522835882392843884967771943      
   2.66206514688059315644356557373715564      
   2.66131507809399716439836971164819623      
   2.66027606551662571438603182732369567      
