   72.4479686713211523636435429302469931      
   72.4427898225568931458862404086995895      
   72.4341425365726908511978128918526536      
   72.4220180478535625181900893175556470      
   72.4064090225703508945986888197391057      
   72.3873103430779085289159394566719098      
   72.3647193793799229223990534318696440      
   72.3386346220829510595969397487930984      
   72.3090512106772119206745881373652736      
   72.2759530418173528800526853106267008      
   72.2393027533136595756156916263143686      
   72.1990314283973475385831609292710360      
   72.1550296277021765679126606795981957      
   72.1071413703869315874702478411795890      
   72.0551629493956372415002832769923774      
   71.9988481549954199691496527434635168      
   71.9379202090601445208128826673075851      
   71.8720889696244532734761687118334630      
   71.8010705821197469900010265476813075      
   71.7246062662111151129812085595530393      
   71.6424773645106350588181239527232194      
   71.5545148179677642637940393130707480      
   71.4606024515366518812193517217517646      
   71.3606745173045987250996113479043935      
   71.2547086694827187948530674496916121      
   71.1427158971683092133809370382157443      
   71.0247289710568036449013470731136771      
   70.9007907667192533604750723523325808      
   70.7709435118802413882228346734415108      
   70.6352196533358866119743944742070424      
   70.4936347099974913999916909801179131      
   70.3461822059014296607015330277231731      
   70.1928305742592069924786560547717378      
   70.0335217899664314636350802001153215      
   69.8681714144236660853262214384769596      
   69.6966697103819807204413792173308643      
   69.5188834926329414346433666174680548      
   69.3346584108306834430340483155756466      
   69.1438214038385894780098994273103286      
   68.9461831133433651743837525440551200      
   68.7415400928740820979561157297851812      
   68.5296766933953583819525624774125696      
   68.3103665463520210337239245740776610      
   68.0833735984886012521014150096318135      
   67.8484526797448750792173688755453567      
   67.6053496063018151407357130278774244      
   67.3538008359615876136838236687875701      
   67.0935327031784135949634462341331267      
   66.8242602669471084142462728843499277      
   66.5456858071303314781499470444985778      
   66.2574970043290959997602854655350835      
   65.9593648356797689803794453158805807      
   65.6509412144920638996661160709738245      
   65.3318563958581414611464866349779324      
   65.0017161635784186526526569704325028      
   64.6600988062058597112298238798537578      
   64.3065518818560391178894291919800251      
   63.9405887627298163203922248893793050      
   63.5616849410290922423222980447964581      
   63.1692740680185907276783691841831237      
   62.7627436872096732716374403240892032      
   62.3414306107388830102649042249144517      
   61.9046158746058523866562042311901243      
   61.4515191930114502199789777397698309      
   60.9812928139454221804776603188497509      
   60.4930146565558666516920312256322535      
   59.9856805845848641466867128351989663      
   59.4581956378325062974720974914290393      
   58.9093640033053630623515917029916381      
   58.3378774568921982657696844494244843      
   57.7423019416824329419180662599226961      
   57.1210618657824907660448805353897072      
   56.4724215943423786871280305075318173      
   55.7944634686343436465756553089110576      
   55.0850614969732301259733973272663899      
   54.3418496102134947345539733145426527      
   53.5621830326642682967884125714338480      
   52.7430908494184041786836681217224832      
   51.8812171960849696765618418153302083      
   50.9727475691791158827324496850037370      
   50.0133154179521192173667421140681233      
   48.9978822116918220901788210598803071      
   47.9205812192263962131725032648668325      
   46.7745106766387631667173659010283194      
   45.5514547816316747027614285317531564      
   44.2414990862231366433263042709436274      
   42.8324866662305036120196713305760503      
   41.3092255931591856224166157011199954      
   39.6522913927713182043971503877150910      
   37.8361362701098600031104077733912148      
   35.8259383134606501742182633554773804      
   33.5719841131052741036871554327373823      
   30.9987401992536414764319507773914351      
   27.9809028871470381989815948820679266      
   24.2807432774117614313326768276501738      
   19.3257080256300942679309175878102979      
   10.4810196009960864739489278036961330      
   1.18557631616105250088766790599957180E-0004
   1.07933148334051884557057005317074816E-0004
   9.75889987901514520057459492176195059E-0005
   8.76519305251132604006330273566908066E-0005
   7.87764509658002424407122261467473889E-0005
   7.25757873611225508726755378179822651E-0005
