   50.3891465023859231985032210724695544      
   48.5249953800929170109935720716214413      
   46.5291866140353006736700341999520188      
   44.3657299869714852960271716174954910      
   41.9770971647446163902551510614762984      
   39.2630319555250952645024471170760809      
   36.0303416908766064525701291680969549      
   31.9070830417556122739075285935435456      
   26.2386484892719556225409378732471311      
   15.9187004180505496324731771031359676      
   1.38371843739014738741621300803415986E-0004
   1.16590500771336187798749317082705272E-0004
   1.17087798445782890073282768737511126E-0004
   1.08459556008856968206023587065838586E-0004
   9.50280465820653114535983877724770384E-0005
   8.35257848441263914551299057228988866E-0005
   8.53736442850498472998404145803803121E-0005
   9.17651851915421678290233730925490226E-0005
   8.90418300483271245388832494640750454E-0005
   8.76709954925994120660147457142991907E-0005
   8.92737493297425519802094730063325174E-0005
   9.60523142573298599558526715189844430E-0005
   7.63220784164763180801793948366535040E-0005
   6.42466386487355522581669086477550827E-0005
   5.44546451770233478510202008416519570E-0005
   3.55240349539452214390072255304586966E-0005
   1.55194396394819287908081023730971459E-0005
   1.55192605834132176171334365434677407E-0005
   1.55190747758306204758709223730570927E-0005
   1.55188857303496268249782088523623951E-0005
   1.55186963721203111795788627910292107E-0005
   1.55185090579452171925141777133256736E-0005
   1.55183256223650169258734510115193459E-0005
   1.55181474388442579568505288812104600E-0005
   1.55179754872190766331639344665848088E-0005
   1.55178104209325647082436107577773827E-0005
   1.55176526298138436188468864461346380E-0005
   1.55175022960050538604784487981459821E-0005
   1.55173594420255548318363777118852687E-0005
   1.55172239709086366247764186710295922E-0005
   1.55170956989280853806975548351369799E-0005
   1.55169743817400314790606860413647288E-0005
   1.55168597348837816549366845728494613E-0005
   1.55167514495827450309154333814508757E-0005
   1.55166492047147452838472817629823524E-0005
   1.55165526757157756279701933618099656E-0005
   1.55164615410657531861557723091779331E-0005
   1.55163754868927396636768169978011986E-0005
   1.55162942101306875774415862303281761E-0005
   1.55162174205780372066424325120681971E-0005
   1.55161448421309467786023060955852068E-0005
   1.55160762134046893735517445008654666E-0005
   1.55160112879082300261814159796968252E-0005
   1.55159498338984543928159679849007448E-0005
   1.55158916340102278726445085314179390E-0005
   1.55158364847348423143077590511308142E-0005
   1.55157841958011678005297116503774345E-0005
   1.55157345894997396960911181288265945E-0005
   1.55156874999793169251709547896872557E-0005
   1.55156427725372418426601276272895172E-0005
   1.55156002629187632594928837202885028E-0005
   1.55155598366358284166061418788908718E-0005
   1.55155213683123520534430787588998629E-0005
   1.55154847410604053896109810577267872E-0005
   1.55154498458898363835229871496010968E-0005
   1.55154165811524562400659615031838491E-0005
   1.55153848520209206726707633058879193E-0005
   1.55153545700017312967126295576700465E-0005
   1.55153256524812967237598696023707830E-0005
   1.55152980223036715828843913355351479E-0005
