   179.641092722693047018282402101161877      
   174.888775677514083189708149780098430      
   169.553618981157268820486019508035377      
   163.476447489663642224151409778204330      
   156.409340616991196697481794007966586      
   147.930275469953579896107135137173667      
   137.240378310485985982722714869175464      
   122.795027203998499657598703151538275      
   101.801289561576018768487540749227367      
   61.6572998734550981459594447353903719      
   5.76611936808339222044621593408689989E-0004
   4.94902187706743047488941246346991098E-0004
   5.04999484314489745428028940579003862E-0004
   4.76489433197633398029201955265586377E-0004
   4.26940571617789736850607708000413763E-0004
   3.85573647361663927588770529546715844E-0004
   4.07074025157087054626072779543896599E-0004
   4.54590297163318054717692783538397752E-0004
   4.61108040487056726674214014088174769E-0004
   4.77375067345440309451680674021362293E-0004
   5.13364996863482949179558287077839671E-0004
   5.84297934119559853181418177109084918E-0004
   4.90051549240717080234675872394398669E-0004
   4.32374210435396453683756420389290863E-0004
   3.79305281984094010071123238847176425E-0004
   2.50997573189727434609731817640876528E-0004
   1.08308199592185043278257629631736729E-0004
   1.06911364682159500656949876251107539E-0004
   1.05587909527821727385672900622671289E-0004
   1.04332144422258213007212963388187188E-0004
   1.03138970944797763884425887560174123E-0004
   1.02003805072110106236609451071985935E-0004
   1.00922512284470046006809484951794149E-0004
   9.98913524982562936887213650644316160E-0005
   9.89069330901811498124053982269927404E-0005
   9.79661686219262008761151218734231086E-0005
   9.70662461451320514838427534608598333E-0005
   9.62045951807391366274158795406230802E-0005
   9.53788616361185922711463950262777164E-0005
   9.45868850574213599601867120690970243E-0005
   9.38266787211293600320787522055178674E-0005
   9.30964121539843229237315762686856228E-0005
   9.23943957388504510409820403318609710E-0005
   9.17190671194820603576032483959964788E-0005
   9.10689791621997113643508701414309018E-0005
   9.04427892696472674266375592707200348E-0005
   8.98392498721963142928714189443192833E-0005
   8.92571999481743260206022485176900605E-0005
   8.86955574451612632068720210159015861E-0005
   8.81533124925430050223167233845435899E-0005
   8.76295213105838661319403261503143752E-0005
   8.71233007339092894268995567931176281E-0005
   8.66338232782919972955171967628985488E-0005
   8.61603126888110957296196978214658265E-0005
   8.57020399152856678519987300144928344E-0005
   8.52583194681030293481959512654051972E-0005
   8.48285061124691132258745940625895672E-0005
   8.44119918655899147989232208204956487E-0005
   8.40082032642067218360145539238033513E-0005
   8.36165988746611378310111735910359449E-0005
   8.32366670205637446085451325098532319E-0005
   8.28679237059522718622574064891638952E-0005
   8.25099107148295373290113296023580907E-0005
   8.21621938692483115034586919954904504E-0005
   8.18243614309602971181143259492132710E-0005
   8.14960226327304906919698728007320206E-0005
   8.11768063271436217598407132831877651E-0005
   8.08663597419379604366087991909492959E-0005
   8.05643473320732967366740437618878901E-0005
   8.02704497197942428001669798980623977E-0005
