 0.13460318076216E-01
 0.13791291781448E-01
 0.14161770503653E-01
 0.14583757858784E-01
 0.15076773862828E-01
 0.15675961218805E-01
 0.16453642370386E-01
 0.17574896175728E-01
 0.19459185546057E-01
 0.24961697868688E-01
 0.13662158447439E+02
 0.26846439758509E+02
 0.37703866721985E+02
 0.47531988128691E+02
 0.56920488653609E+02
 0.66297314712421E+02
 0.76092696287538E+02
 0.86833277638412E+02
 0.99140028977760E+02
 0.11353093381877E+03
 0.13011752979406E+03
 0.14846346866217E+03
 0.16758387206571E+03
 0.18594247382224E+03
 0.20143161213492E+03
 0.21097838202728E+03
 0.21166419441024E+03
 0.21217346120270E+03
 0.21288486597778E+03
 0.21377041731729E+03
 0.21480490288584E+03
 0.21596582544556E+03
 0.21723328804518E+03
 0.21858983614302E+03
 0.22002026835253E+03
 0.22151142846152E+03
 0.22305199039188E+03
 0.22463224573237E+03
 0.22624390106012E+03
 0.22787988990627E+03
 0.22953420216427E+03
 0.23120173209617E+03
 0.23287814487707E+03
 0.23455976079086E+03
 0.23624345568418E+03
 0.23792657602717E+03
 0.23960686684775E+03
 0.24128241084459E+03
 0.24295157709478E+03
 0.24461297792293E+03
 0.24626543266438E+03
 0.24790793722178E+03
 0.24953963847156E+03
 0.25115981271997E+03
 0.25276784753485E+03
 0.25436322639032E+03
 0.25594551565350E+03
 0.25751435352580E+03
 0.25906944061423E+03
 0.26061053186679E+03
 0.26213742965092E+03
 0.26364997779229E+03
 0.26514805642405E+03
 0.26663157751993E+03
 0.26810048100880E+03
 0.26955473138378E+03
 0.27099431473427E+03
 0.27241923614082E+03
 0.27382951738252E+03
 0.27522519491459E+03
