   1.19978852717555512126092487270856477      
   1.17394893710999326580479112525473101      
   1.14836215051032310042038545508853813      
   1.12312205825757764537605504307420082      
   1.09835191433471286768925869578714049      
   1.07422588089531626411667522644229825      
   1.05102978790977606033305759571714624      
   1.02956725697637794484546355981161394      
   1.01302098153085119862416793894882949      
   1.01645531639735713283171732880321198      
  0.878153172045804034797677323660110790      
  0.846310374141418212298077722810821277      
  0.819753892591040570541377294859605489      
  0.790080190468871908159419268138763383      
  0.755458871898927518333748329304811598      
  0.715597013356661634603394857822254084      
  0.670722590316400639873654164224664786      
  0.621380533342875094908564109668155760      
  0.568623547751176535668946458831495386      
  0.514321272201910275811856817160433365      
  0.461144590831986214089639382256858756      
  0.412087120369111446819572146874653350      
  0.369878357746793574055102865812208111      
  0.336684663132016245448577022785030601      
  0.314292603530097708963676568037816955      
  0.305455260544922871123964111776122176      
  0.313091642868766343575411904913604782      
  0.321318980908786023065857401094726152      
  0.329416496975705442114356901507568541      
  0.337385861674675757965173361189768267      
  0.345228753910714169389705093331325296      
  0.352946857298530020047566715556498469      
  0.360541857138437430782716364576109681      
  0.368015437883809365702947244037952558      
  0.375369281032883209417539141202277948      
  0.382605063385328837155283505679390000      
  0.389724455609886889410907937681613012      
  0.396729121076576059990036693584324787      
  0.403620714911276391725857130877571689      
  0.410400883236185227259812239233569055      
  0.417071262564327248334573485455602424      
  0.423633479320011155095568839579159215      
  0.430089149461203035571528344886894308      
  0.436439878182786081167751180171525651      
  0.442687259683450231962223788220285453      
  0.448832876980286090539224561543862780      
  0.454878301759277826438127001025110894      
  0.460825094250162305311422134238989987      
  0.466674803117617961472626216422385569      
  0.472428965361427930667680710684762329      
  0.478089106219458867855049286722572208      
  0.483656739069864481976673634913315899      
  0.489133365328403593568796551286981462      
  0.494520474338485403152365248874538701      
  0.499819543253389550656478102753928302      
  0.505032036906108922435040512382765032      
  0.510159407673342033933433981807239356      
  0.515203095324571299395222173113174245      
  0.520164526864009136885697823213932959      
  0.525045116362387269014176947841211477      
  0.529846264780361577923536021008445914      
  0.534569359786233485569258574945601760      
  0.539215775564396309513804275922406023      
  0.543786872622462761908520038041950694      
  0.548283997593324051337348893774030746      
  0.552708483035853095075605584008790145      
  0.557061647234836300412258819916669910      
  0.561344794001873335010365921585252103      
  0.565559212478640234818706569991298483      
  0.569706176943287727986084592680991031      
