   5.70908280341245945230850429493688144      
   6.05095389280790779355959513509453329      
   6.05883459751330617511049484659260649      
   6.06672722403709300143489999463994958      
   6.07463192695225462603758875621890337      
   6.08254886374477456423702562777614384      
   6.09047819527567759027244670770880286      
   6.09842008691516322122206552777613905      
   6.10637470991074170311212166507362101      
   6.11434224206243263309076464413079593      
   6.12232286910979701771547699825297005      
   6.13031678522172765048201393110267835      
   6.13832419454873689069196167396421607      
   6.14634531130932990139954543847466194      
   6.15438036200298266367782824784875454      
   6.16242958493567625305590476641835771      
   6.17049323258450999373708180273629707      
   6.17857157173461994402672609128926780      
   6.18666488535136418730543351039436785      
   6.19477347329569600823979417281272158      
   6.20289765371358197665105558486572324      
   6.21103776446674520687096930325522514      
   6.21919416466033451006557787781968843      
   6.22736723599402496321551854994099866      
   6.23555738445796296104331177674616094      
   6.24376504231265778225121489664587893      
   6.25199066973718793875142053956624464      
   6.26023475717815227946520280966422272      
   6.26849782724908457967080279947442879      
   6.27678043735944531827846317054397394      
   6.28508318220632794759912216577764792      
   6.29340669657608179849295185431080194      
   6.30175165833241804714370122737876435      
   6.31011879166581009468253585658653725      
   6.31850887066686414477338999204567773      
   6.32692272305046018594582690297181295      
   6.33536123430843704189612606555331045      
   6.34382535224132887102476926276578489      
   6.35231609164115618580977871010948205      
   6.36083453968387208616396810714084024      
   6.36938186160550875595818951038931425      
   6.37795930677955511053700074716026415      
   6.38656821554075201917484022195170835      
   6.39521002644630653678174319207624913      
   6.40388628421317610287243510703248801      
   6.41259864833140736428221957917058595      
   6.42134890251099233586982590485944519      
   6.43013896487323058959234375861950547      
   6.43897089910966815787294673939313396      
   6.44784692668947483817965349525820125      
   6.45676944007663374563870140611691374      
   6.46574101723527869510540011842192610      
   6.47476443746640579227897336580072246      
   6.48384269867243141406186492272105546      
   6.49297903626843457778009023736133072      
   6.50217694388510285945453506425751985      
   6.51144019600780371558505495873732883      
   6.52077287278068910475652509146476936      
   6.53017938721938603065141700272001266      
   6.53966451506079134456796914880101822      
   6.54923342749170112711481752899772751      
   6.55889172715635302540976712240912282      
   6.56864548769012913092303866896267143      
   6.57850129722681930893852324860392623      
   6.58846630629744025424888694367975949      
   6.59854828058405860470512053092668524      
   6.60875565907489227762826503327896415      
   6.61909761823032243029697982513083124      
   6.62958414283224774650693746369699829      
   6.64022610426159077363317161557167067      
   6.65103534705340983242783958837493338      
   6.66202478468116828177900803882668091      
   6.67320850564028716065143352610361251      
   6.68460189098890201647344496628325284      
   6.69622174471892766782399451864535269      
   6.70808643840272305263243484714165230      
   6.72021607179903310828928387389858806      
   6.73263265123874573087387804723311450      
   6.74536028784260464836590173470111612      
   6.75842541780905466221933298113761195      
   6.77185704722321838811772634048684460      
   6.78568702406657325874592908349281869      
   6.79995034027985960162764697902883665      
   6.81468546690045764720049160144139883      
   6.82993472540856320374251303882950444      
   6.84574469840684127781582227657391393      
   6.86216668264534619582911406563109490      
   6.87925718702693656263628112828376791      
   6.89707847759811109557657905687538462      
   6.91569917041781894479661880360675737      
   6.93519487148085849420176752553034210      
   6.95564886036300187392399868500373253      
   6.97715281053651683552449312150069658      
   6.99980753414147303762064801899026760      
   7.02372373178280922859583363920192987      
   7.04902271816189246913657537593335633      
   7.07583708123076445139470893036678600      
   7.10431121524879995947293541670236493      
   7.13460164519151229871205624674078071      
   7.16687702889158260023460655523161165      
