   1.87141188728816821767606528149808072      
   1.66592091396546893755007770038894532      
   1.66159001752241096283463222734826971      
   1.65726947423695227008288976705816674      
   1.65295918858536650350162822094792450      
   1.64865906466862313481846017266243588      
   1.64436900598281230501760156770107840      
   1.64008891483369879968372610268055898      
   1.63581869163992751319111329236244864      
   1.63155823462282387025238033793800498      
   1.62730743912569889784499658295421908      
   1.62306619742495285381813082341654092      
   1.61883439798611039519544724047755357      
   1.61461192550846713886174517500130311      
   1.61039865985695377861587481426145369      
   1.60619447642120975741838249093411914      
   1.60199924499354578151953439799737812      
   1.59781282982690699500234804776046286      
   1.59363508879925682878762623863412400      
   1.58946587319304651071307734304729452      
   1.58530502713739313720409633599695926      
   1.58115238704452284557747484503008437      
   1.57700778101271447967967380513386545      
   1.57287102833510886726803967989262752      
   1.56874193884942563643712369888043989      
   1.56462031216377817647452139406574667      
   1.56050593706969045123379380326458782      
   1.55639859062421277026219679136366389      
   1.55229803748035294347534540473562359      
   1.54820402887780503644402708977948586      
   1.54411630172977427274636849445459524      
   1.54003457758498144355124089393581840      
   1.53595856152908975794219523194948024      
   1.53188794099161056112517311834089171      
   1.52782238443137265036490223097801460      
   1.52376153998821957456451434103120644      
   1.51970503396957618792509149317588798      
   1.51565246920119229248631967887653532      
   1.51160342335556605349284531550000640      
   1.50755744699522495162824653087624326      
   1.50351406154142430590420879212188209      
   1.49947275711679504613253211439018014      
   1.49543299010570827661615267470063512      
   1.49139418058654397083944366190767798      
   1.48735570953103584747748372806028143      
   1.48331691577999302263608120018533305      
   1.47927709273225674841996441744315612      
   1.47523548479936761469671210971701250      
   1.47119128353463970602425310101509600      
   1.46714362341363829293706842652875733      
   1.46309157729869020003304027452218759      
   1.45903415147674584696694799228790705      
   1.45497028027016083808266668311374671      
   1.45089882019725673850334642450614563      
   1.44681854360700986294168537823154991      
   1.44272813174896115622809712487338151      
   1.43862616724271883475146130044787449      
   1.43451112587742710921916698384426287      
   1.43038136766981389364331470113488953      
   1.42623512712111235373321098684511708      
   1.42207050261260350166566874321367263      
   1.41788544481680265831632695558437302      
   1.41367774407567949300115706750587993      
   1.40944501661828513785150737749393388      
   1.40518468951313404862415017797131528      
   1.40089398424210466438680823316536089      
   1.39656989875991304892021484448832674      
   1.39220918789120369062819871374557687      
   1.38780834190791972575735776932500582      
   1.38336356311888979725584233596688884      
   1.37887074028259914336401840171333283      
   1.37432542063829640978498501631382723      
   1.36972277933253637934523465184001674      
   1.36505758601817415498125927829298659      
   1.36032416835646756337792998136186441      
   1.35551637217308114790223097808945780      
   1.35062751797907418169599733733912439      
   1.34565035358014087427920189899770832      
   1.34057700248262947279936173349023227      
   1.33539890782238015850341626667288229      
   1.33010677156468773843723212442302622      
   1.32469048875788211380311747372411393      
   1.31913907669980933083124079858645453      
   1.31344059897772827141108211650209768      
   1.30758208449065301822114330278923727      
   1.30154944178667301348811684021389391      
   1.29532736933939112507411774439707272      
   1.28889926280818185166092393151778841      
   1.28224712086839957430382853013452258      
   1.27535145193837886008918044844552820      
   1.26819118509923582029812532958665120      
   1.26074358974603165628332761988346895      
   1.25298421013651882959841678763546168      
   1.24488682303758834144143235963763549      
   1.23642342923509154283443246741755147      
   1.22756429280711375616306967830314472      
   1.21827804585576653227029691568786334      
   1.20853188086265504270730301276699741      
   1.19829185809592840378031195830498321      
   1.18752336188155818548946125298829979      
