   6.42344477288688995221260413412187829      
   6.46340053070983310907486542814250348      
   6.50418520040928367156209317446543100      
   6.54575417553118668375622637620621668      
   6.58806065892681667870800980169397662      
   6.63105528050827711527615541508887592      
   6.67468560895051206643886349669770681      
   6.71889552268620604708350235764776290      
   6.76362439072566005850992423063392286      
   6.80880599179023146034253170904377263      
   6.85436706657304041752664226726404728      
   6.90022534499370876571291397454544566      
   6.94628680429242032809212744505128319      
   6.99244176870826726787841324009567489      
   7.03855920573495855535094436490923257      
   7.08447809933504182311569070208946926      
   7.12999384515537513403329341413184499      
   7.17483563833449936019419985928959655      
   7.21862633186331682665825142375785251      
   7.26080522802648875650082021953462399      
   7.30046550034434807878815773922507732      
   7.33597896063721184442339041254975200      
   7.36403359648233580211090528249256552      
   7.37648470624104543377114426407639327      
   7.34051697405984270001105287436454578      
   7.81704055245430642644085296604724623      
   8.05031150547117442419804636305120793      
   8.19878937330645268412962584862840800      
   8.32936761398694383786418032439476915      
   8.45645996196394031976734400692754669      
   8.58610337492422827757425755557169753      
   8.72129522476372535485320539069846639      
   8.86332812147688440335279836965517415      
   9.01202190549905026382094772327151701      
   9.16555828627589882080021518735566443      
   9.32032086399173576132491852842234280      
   9.47093694329658678502123452370028251      
   9.61047320982144822549042082654386579      
   9.73052545749412403628047191400233942      
   9.82045462351545580453280926777623946      
   9.85823862455475146290687031163632531      
   9.84481157862094782275607710742626332      
   9.83173099801565231508562296876865378      
   9.81897173651934633045575420103985818      
   9.80651042101983616504345375303167458      
   9.79432533417034658096080988097492579      
   9.78239630466101879464867678934548290      
   9.77070460459612585810460076493576891      
   9.75923285348427545864857343953194447      
   9.74796492841478707698921113208126946      
   9.73688588001839562580153945941787215      
   9.72598185380064341930393734992283988      
   9.71524001654018886560451350313612988      
   9.70464848741112396200536866496916542      
   9.69419627352835968511015063148982047      
   9.68387320963806639344168889323091692      
   9.67366990169311594114357359968589646      
   9.66357767406701950251259861287807665      
   9.65358852018632960476258455078509052      
   9.64369505636067307607123242315298671      
   9.63389047861267537441311325202333196      
   9.62416852232348773941579156275651224      
   9.61452342453441660706090098298338311      
   9.60494988869620499447311219540284110      
   9.59544305175136473415803825500183510      
   9.58599845340626488090088826362219339      
   9.57661200742651160510215986957731992      
   9.56727997485253222167019969837427431      
   9.55799893900434700609591955974051117      
   9.54876578216510380338963625686780794      
