 0.11376831694572E-01
 0.11504820665340E-01
 0.11639047371064E-01
 0.11779914972913E-01
 0.11927892606627E-01
 0.12083529436664E-01
 0.12247472602916E-01
 0.12420490428429E-01
 0.12603502849333E-01
 0.12797621932521E-01
 0.13004206757728E-01
 0.13224939198422E-01
 0.13461930850558E-01
 0.13717877661738E-01
 0.13996289886169E-01
 0.14301845210175E-01
 0.14640951461520E-01
 0.15022682652401E-01
 0.15460416620402E-01
 0.15974880074207E-01
 0.16600275426275E-01
 0.17398137960872E-01
 0.18495407308470E-01
 0.20228172045601E-01
 0.24150626942219E-01
 0.53721981833229E+01
 0.14759930194581E+02
 0.22650560411350E+02
 0.29891209063641E+02
 0.36781756269508E+02
 0.43507812125353E+02
 0.50220787198480E+02
 0.57055099234563E+02
 0.64113138847336E+02
 0.71436649326887E+02
 0.78988397805752E+02
 0.86653547834510E+02
 0.94251009133708E+02
 0.10153938418839E+03
 0.10819395636491E+03
 0.11353526950889E+03
 0.11744963742378E+03
 0.12134741423037E+03
 0.12522213946051E+03
 0.12906824380184E+03
 0.13288103671763E+03
 0.13665665571715E+03
 0.14039199174398E+03
 0.14408460243634E+03
 0.14773262206783E+03
 0.15133467424389E+03
 0.15488979114071E+03
 0.15839734130936E+03
 0.16185696680278E+03
 0.16526852953929E+03
 0.16863206630271E+03
 0.17194775150605E+03
 0.17521586673626E+03
 0.17843677609495E+03
 0.18161090640908E+03
 0.18473873147795E+03
 0.18782075962762E+03
 0.19085752395015E+03
 0.19384957470270E+03
 0.19679747343283E+03
 0.19970178847331E+03
 0.20256309151555E+03
 0.20538195502817E+03
 0.20815895033269E+03
 0.21089464618699E+03
