   3.98867017405176547169941022716956880      
   3.90490832717539292810058939413046588      
   3.82156270160404102877349878285872249      
   3.73852318630649355164054915232433070      
   3.65567196729298386616861938779383154      
   3.57288117965397936934214886661711479      
   3.49001006764742571751653910099043168      
   3.40690147483924499883926102991051760      
   3.32337741537288183503743220122966721      
   3.23923337120798509271383217291010759      
   3.15423079793654855822667058035080369      
   3.06808706853117056527763821147788282      
   2.98046167951575029632525860125731492      
   2.89093687941836094182651396931720227      
   2.79898975662750755607223440099908079      
   2.70395086736572933444724001816013961      
   2.60494095907744996509348414720762400      
   2.50077075325066796214187100253200113      
   2.38977587337599477370402217739884103      
   2.26953213974631767336537132764875483      
   2.13633285979129264696371716650478018      
   1.98411871711920318970623419438391949      
   1.80178863255209709043291391600966342      
   1.56404779302010774247525841131020788      
   1.18025760056902003487169927710238007      
   5.37219818898989685148804577738200353      
   14.7599301951021055140674992597408406      
   22.6505604116808715476271471021139437      
   29.8912090638658474435151365914291508      
   36.7817562696632798828407785880283271      
   43.5078121254967248601169624631886581      
   50.2207871986969844898759096095348027      
   57.0550992348010113210537377608592067      
   64.1131388475953344174867779692063215      
   71.4366493272011887235405887459475161      
   78.9883978061299343666091916438581096      
   86.6535478347671157213135434906407225      
   94.2510091339093192313930469278416654      
   101.539384188557873053298152583180442      
   108.193956365041796811007193321172573      
   113.535269508901358597637301112345838      
   117.449637423790649900946551328938882      
   121.347414230388951083500225604788655      
   125.222139460528812759147525079671100      
   129.068243801850093381733409934535536      
   132.881036717645984119753151099635852      
   136.656655717163882343087019594759167      
   140.391991743993869212558507293095415      
   144.084602436358318550556489474143034      
   147.732622067840102318197546526853375      
   151.334674243905322044988937201352707      
   154.889791140725103697351595452816994      
   158.397341309369602338618379693260311      
   161.856966802793869474919110314091494      
   165.268529539298882562720162033694739      
   168.632066302722892124403112203595616      
   171.947751506068476161870295778780210      
   175.215866736275915562707754826606980      
   178.436776094959554359560149229445352      
   181.610906409093761409421661494414507      
   184.738731477963654991803375774285405      
   187.820759627635191521608080538303568      
   190.857523950159084083972834176088311      
   193.849574702709108853583738185957006      
   196.797473432845023570848305317842110      
   199.701788473327152414937387856622532      
   202.563091515566085724080750947781846      
   205.381955028179765197478978117393493      
   208.158950332706603701577872845337926      
   210.894646187004567262834267963919467      
