   5.74867813499768891588677887460061805      
   5.75332478445886583488108024642852264      
   5.75838080864208508882540939614487712      
   5.76384719542679590864157810169453365      
   5.76972373256892231449665296304290253      
   5.77600907898876308613772234611591615      
   5.78270083617181318884446505365996546      
   5.78979561853928716168003438589962679      
   5.79728912184643586066486297827870395      
   5.80517618884664116369119654439217961      
   5.81345087161699353300015398553716616      
   5.82210649007575881752176918589486395      
   5.83113568633535216334019054891617368      
   5.84053047462607686010027319622977000      
   5.85028228659819696250274262816618412      
   5.86038201186355622184696741013833824      
   5.87082003367381963069786099739459568      
   5.88158625965270970845142823594963918      
   5.89267014750375460028487802411139473      
   5.90406072560455518803781951719225412      
   5.91574660837319266816173115990146391      
   5.92771600625138665757448558022419784      
   5.93995673009212818842949988724189140      
   5.95245618966407368306137998190877701      
   5.96520138588973595463754405589174663      
   5.97817889631371057669885996829010355      
   5.99137485314834354424843958773847403      
   6.00477491305728779206328023001639448      
   6.01836421760542190360066721689527234      
   6.03212734301213031984581889085487595      
   6.04604823747652572078534773907990721      
   6.06011014387510614627965068031635909      
   6.07429550503062327799227129118246615      
   6.08858584797163693646415665258194941      
   6.10296164258144779588027210973983343      
   6.11740212868549000128641368442202898      
   6.13188510381974437297257373189175337      
   6.14638666147689897804061582280437279      
   6.16088086627240639509711930299536277      
   6.17533934780772324358135000707316136      
   6.18973078842289704268152232089844989      
   6.20402027058339448065852313582068013      
   6.21816843584824799466306778912422985      
   6.23213038681670446507411493474019385      
   6.24585423217473190399904411027951111      
   6.25927912620392972540165488993265932      
   6.27233257603201585087216718155292653      
   6.28492666102898085271706006668618878      
   6.29695258867391017744461161525905052      
   6.30827262050496004693777681143063549      
   6.31870767644278565768465870546517550      
   6.32801750727359135238846641553253310      
   6.33586737349749360301663625785743922      
   6.34176854224334113624534639699653567      
   6.34496351964054216511620199298986484      
   6.34418070846532080405590573132875956      
   6.33702609199859280516554025750401271      
   6.31806917293589090117271269022976529      
   6.26929756348400415327265661199795612      
   6.49149568521242424058821573436486138      
   6.77352259178070572963702009004527377      
   6.89301313790051482838222929699944878      
   6.98646321617083315376714125749387027      
   7.06880036614024520166976529153774110      
   7.14494890566357085474699875337919437      
   7.21707494676649945118785138909556545      
   7.28626376050880222565332361508555409      
   7.35308250008369263920837616361590457      
   7.41780172462456958331815539717671956      
   7.48048166187876006212003364120845962      
