   222.133254038716991344876344943290937      
   221.458395105617447446360304807042484      
   220.757475827653117151816975050383042      
   220.029868781371049820513754830507688      
   219.274931215728569133567375492882633      
   218.492002166332313774423137680640844      
   217.680399531280040448789813524525305      
   216.839417089738546653159309941552845      
   215.968321440131857152660102491265428      
   215.066348830909371989813779545525735      
   214.132701853144350524309226616783011      
   213.166545960527129228340187305411224      
   212.167005778465859232196562049771342      
   211.133161159845695642989857726906164      
   210.064042940310552563466332392011660      
   208.958628340528259122128980880572857      
   207.815835956587241996218002774745087      
   206.634520272134272333007482616630248      
   205.413465616884954487084113111436875      
   204.151379485302970097899439485809690      
   202.846885116169439565605417879326351      
   201.498513217920226030452627723679786      
   200.104692705365544479232061098009373      
   198.663740289928188298697767584889621      
   197.173848736787788992454410390076595      
   195.633073567046486304794186337622946      
   194.039317939458102972923890756080248      
   192.390315392307794488239523707593989      
   190.683610058732786116198946764446082      
   188.916533884428813364770959150707436      
   187.086180270280474762026285663476704      
   185.189373427254609977703870958371997      
   183.222632557896227407406520832486585      
   181.182129755574855578182277086791535      
   179.063640222267065887598501160059231      
   176.862483024368363820559153621077841      
   174.573450100436910043791308253569402      
   172.190720557164717157934595466929637      
   169.707756371277182427462519180386040      
   167.117174354272985538439941669699662      
   164.410587483066564112055063570459961      
   161.578406223912325662941256892237273      
   158.609586926104254306861454172372688      
   155.491309178645444944859541364248466      
   152.208556308684400961711230341080766      
   148.743561468395552332644858817214917      
   145.075063477517392649145123807269278      
   141.177287315911744385007524378034771      
   137.018515786390385806654213909243156      
   132.559035955872950815636682933997273      
   127.748095613000910855675746977273916      
   122.519225359964450308548834107724696      
   116.782720505828216648041430065682706      
   110.412857140247225764517367555517913      
   103.224489495341469507773735145771511      
   94.9256925128319673250465397403805468      
   85.0072761148656221938904992530269077      
   72.4222579593982109622806622744823864      
   54.1930691709552728235005665783150825      
   1.52890890887525289124006780059712155E-0002
   6.15083663665498273825386595674129134E-0004
   4.30472190396974262390446321727131120E-0004
   3.85485454618473255406109647773825891E-0004
   3.54746762317866488751047971212525104E-0004
   3.26565464101277489722126732335892488E-0004
   2.97842253900961808485550702572472762E-0004
   3.12701076111345602922990651519157877E-0004
   3.59637712571037658063063903624270490E-0004
   2.80040909304998890299613309129641244E-0004
   2.53214870190813736320013356564105216E-0004
