   56.0659920013330500270485053464377944      
   54.6339107732407069448214738512902739      
   53.1431384220554256443707635673572662      
   51.5868431971270997942139663073183911      
   49.9560945405885663266579371205943861      
   48.2390155087415103766418231253429228      
   46.4194505902542486548659380566373207      
   44.4747764168897921341768890090502010      
   42.3721180745729414234204712982650520      
   40.0614552916871669373611759203758718      
   37.4625276520040582999134544140597424      
   34.4401842812158866666752813846892932      
   30.7607759078778651165849615083497316      
   25.9581604328429890488083354536768355      
   18.4308921364061022936599297152551847      
   2.47264830256352833375425531887254798E-0004
   1.14994352323516112325220502610070723E-0004
   1.01967995997265147277261985824530202E-0004
   8.93079263476045325777551913514467182E-0005
   7.72509817737349774292470525534022114E-0005
   6.88159012598420372683015414991203166E-0005
   7.79212070891504295879265334408467362E-0005
   8.39419754992321292096528937263057645E-0005
   8.37134726256946605062354082410422862E-0005
   8.33223384728223817392441961541682440E-0005
   8.80918281338557702268342912908283541E-0005
   8.57672524896213716307574133984137759E-0005
   7.13007599027481390586237846689676600E-0005
   6.16400935194370825880882213954540370E-0005
   5.30655812367661447314231884014554187E-0005
   3.72350265863281200615304764538139615E-0005
   1.55254413915299960103468090826951916E-0005
   1.55246021229553309137174962539574782E-0005
   1.55238285030682402347866034826840644E-0005
   1.55231179191337791316851689231730697E-0005
   1.55224670008377323304729004062580085E-0005
   1.55218719104792245177136866779111892E-0005
   1.55213285772405386551576442890870049E-0005
   1.55208328772268023084286094624573594E-0005
   1.55203807649248741922682610996350605E-0005
   1.55199683636704522198438717218779031E-0005
   1.55195920231844996604121676490965226E-0005
   1.55192483517769904963610483730378411E-0005
   1.55189342298509358190248173041704020E-0005
   1.55186468101833115832895961383087505E-0005
   1.55183835093096862352180050606044439E-0005
   1.55181419933052945383468920221683065E-0005
   1.55179201603842917255782717260900286E-0005
   1.55177161220393658940763567244739579E-0005
   1.55175281839026222410443727479561993E-0005
   1.55173548271027221644616149461985454E-0005
   1.55171946905972917663226973898466659E-0005
   1.55170465547493558576611020358096127E-0005
   1.55169093262715876060145798073284451E-0005
   1.55167820245651096155527102744590734E-0005
   1.55166637694173739365846898953236554E-0005
   1.55165537699860086629451926594605152E-0005
   1.55164513149748640484810344973826041E-0005
   1.55163557638993311634681504217086561E-0005
   1.55162665393363486904407173376279149E-0005
   1.55161831200575896057247894880359723E-0005
   1.55161050349501827894052064136529672E-0005
   1.55160318576366749464403447910047417E-0005
   1.55159632017139001437253947555669516E-0005
   1.55158987165384334584025033793945063E-0005
   1.55158380834940424573498210795711346E-0005
   1.55157810126837660882758598972832348E-0005
   1.55157272399959069016171888458674172E-0005
   1.55156765244992304125156945928737212E-0005
   1.55156286461280593463424857399091956E-0005
