 0.12486264201534E-01
 0.12705357164300E-01
 0.12940681384301E-01
 0.13194653437883E-01
 0.13470400770851E-01
 0.13772073404590E-01
 0.14105348414254E-01
 0.14478288886236E-01
 0.14902897612212E-01
 0.15398133936689E-01
 0.15996246708730E-01
 0.16757061931203E-01
 0.17802924095332E-01
 0.19441507721637E-01
 0.23079452614195E-01
 0.69633080715488E+01
 0.19426891936569E+02
 0.29411827136587E+02
 0.38360852372617E+02
 0.46799809258144E+02
 0.55058967821327E+02
 0.63433215293698E+02
 0.72251521462063E+02
 0.81851631822356E+02
 0.92444216989417E+02
 0.10398655041776E+03
 0.11616767757639E+03
 0.12845557912436E+03
 0.14013776611831E+03
 0.15032008713482E+03
 0.15768470858559E+03
 0.16055640353100E+03
 0.16318746995172E+03
 0.16586862829587E+03
 0.16858720133811E+03
 0.17133178802783E+03
 0.17409230521175E+03
 0.17685997040950E+03
 0.17962724004681E+03
 0.18238771732222E+03
 0.18513604228565E+03
 0.18786777438538E+03
 0.19057927521511E+03
 0.19326759681800E+03
 0.19593037888303E+03
 0.19856575657677E+03
 0.20117227958656E+03
 0.20374884215652E+03
 0.20629462340171E+03
 0.20880903691578E+03
 0.21129168857680E+03
 0.21374234144796E+03
 0.21616088673280E+03
 0.21854731983545E+03
 0.22090172068782E+03
 0.22322423761803E+03
 0.22551507414091E+03
 0.22777447814974E+03
 0.23000273307401E+03
 0.23220015064361E+03
 0.23436706496297E+03
 0.23650382765244E+03
 0.23861080385890E+03
 0.24068836897432E+03
 0.24273690593150E+03
 0.24475680297047E+03
 0.24674845178997E+03
 0.24871224601408E+03
 0.25064857991786E+03
 0.25255784736614E+03
