   142.094147699776482582092285156250      
   142.104147699552965164184570312500      
   142.114147699329447746276855468750      
   142.124147699105930328369140625000      
   142.134147697019767761230468750000      
   142.144147698658895492553710937500      
   142.154147700298023223876953125000      
   142.164147698211860656738281250000      
   142.174147696125698089599609375000      
   142.184147694039535522460937500000      
   142.194147699403953552246093750000      
   142.204147697317790985107421875000      
   142.214147695231628417968750000000      
   142.224147700596046447753906250000      
   142.234147691059303283691406250000      
   142.244147696423721313476562500000      
   142.254147701788139343261718750000      
   142.264147692251396179199218750000      
   142.274147697615814208984375000000      
   142.284147688079071044921875000000      
   142.294147693443489074707031250000      
   142.304147698807907104492187500000      
   142.314147689271163940429687500000      
   142.324147694635581970214843750000      
   142.334147700000000000000000000000      
   142.344147690463256835937500000000      
   142.354147680926513671875000000000      
   142.364147701192092895507812500000      
   142.374147691655349731445312500000      
   142.384147682118606567382812500000      
   142.394147702384185791015625000000      
   142.404147692847442626953125000000      
   142.414147683310699462890625000000      
   142.424147703576278686523437500000      
   142.434147694039535522460937500000      
   142.444147684502792358398437500000      
   142.454147704768371582031250000000      
   142.464147695231628417968750000000      
   142.474147685694885253906250000000      
   142.484147676158142089843750000000      
   142.494147696423721313476562500000      
   142.504147686886978149414062500000      
   142.514147677350234985351562500000      
   142.524147697615814208984375000000      
   142.534147688079071044921875000000      
   142.544147678542327880859375000000      
   142.554147698807907104492187500000      
   142.564147689271163940429687500000      
   142.574147679734420776367187500000      
   142.584147700000000000000000000000      
   142.594147690463256835937500000000      
   142.604147680926513671875000000000      
   142.614147671389770507812500000000      
   142.624147661853027343750000000000      
   142.634147711920928955078125000000      
   142.644147702384185791015625000000      
   142.654147692847442626953125000000      
   142.664147683310699462890625000000      
