   4.02554902011813461081256430461849612      
   3.94571624267342990964244787937164305      
   3.86403199877831120138892594542010792      
   3.77986842549449251209261837963036500      
   3.69244462414314641630064264602085325      
   3.60076258130691795687895832016693931      
   3.50351236312712830970679019252797361      
   3.39893676925934309620598974033608052      
   3.28466531039874590018515922511000326      
   3.15760352251479621472275882000486770      
   3.01398592144640185487975863079162753      
   2.84880209480851267187754569301822073      
   2.65261615308151518247582910324693286      
   2.40523901252967688123312766939031908      
   2.05832366761703136921927549990218848      
   1.42200316489547129202678895417418904      
   10.9852715465483600346150989208096254      
   21.5061410803531741519996258369604375      
   29.4323849118379045423462898608000153      
   36.1047336896537485106608237549580638      
   41.9886627749686105317447521539689482      
   47.3175002424988963908802563410293173      
   52.2288871419022355026559488138178335      
   56.8120058680858129471829123197564750      
   61.1283489560852050153300667952922387      
   65.2223181709193895964030170461802442      
   69.1271420295939538004153963994802346      
   72.8683334347551909814527466226701126      
   76.4657130634229472460731544450015333      
   79.9344751805175870968718504374102725      
   83.2854114962840371470015578879950883      
   86.5239381973496505809704584353484952      
   89.6461002466054033437752035418320841      
   92.6173845820375056585675559086494458      
   95.3599540559072833555631111495433780      
   98.0316500492186700913304420206570925      
   100.640614404118315876730421255860152      
   103.189781513862873368649246688024915      
   105.681882145451028849977751229523387      
   108.119460284634427744120661513723752      
   110.504888450179487028696758130507876      
   112.840381660657302149692851541863406      
   115.128010198241010763824384472328026      
   117.369711286007186847081718949101362      
   119.567299775338041111248529618374604      
   121.722477926409647595119724176434861      
   123.836844355056819654179350462969332      
   125.911902212449502440924301944302517      
   127.949066658791360004398265929642375      
   129.949671688008163365909090817551157      
   131.914976356718152399965551936705924      
   133.846170467373991997695835115604936      
   135.744379752230384452501471376435191      
   137.610670601629490794271592228833499      
   139.446054377020114325930107367518555      
   141.251491346118166078913987910466027      
   143.027894274705844510056005292841708      
   144.776131706768342321494085349490318      
   146.497030961999805077415535314009751      
   148.191380877189233824199256303040913      
