   7.33639573940194803599610507935236608      
   7.42556202352096487456987785571951724      
   7.51617222318458373935918941770533041      
   7.60743105651015582704662389554359982      
   7.69792606733949427053130947612281266      
   7.77465595431278145910886662929133489      
   7.78409320634253724184585023690786099      
   8.31626712805251400334547029702325339      
   8.44886894107298167013764968801293334      
   8.56994019361264074649407387236429856      
   8.72314093579804427931037060396106062      
   8.92373311622854615421359059681576995      
   9.18253882030851177636973585589250828      
   9.51178000759658847703766865298169671      
   9.92786197132539889016048589772865808      
   10.4517060977857703101907279618223415      
   11.1044283669947519644825373137748565      
   11.8980600025026277621344918501737227      
   12.8239271706305875408949532311199894      
   13.8398035779065830515522531407881998      
   14.8557116495310120153549318216056088      
   15.7220274038602060659071194840039141      
   16.2214711490652747252044533296011115      
   16.0392579976046702660472381558166761      
   15.7259985223934417177597486361257039      
   15.4344518112156728448427208200657411      
   15.1623625042096796552182436806519354      
   14.9077883889812013207392344457938772      
   14.6690466785462638075819054186170167      
   14.4446711339825229708641942580367734      
   14.2333775363072698965196029196101181      
   14.0340356521148367819656886650366192      
   13.8456462975842650366914523130138181      
   13.6673224404234282383724180201961673      
   13.4982735259119839498223582999871598      
   13.3377923968162130573733371572093521      
   13.1852443149277914479388819670351932      
   13.0400576967264610329043278298684711      
   12.9017162558140920908185810410678951      
   12.7697523066575988152249348548649612      
   12.6437410322929972570830048630488392      
   12.5232955563498367713683398575891525      
   12.4080626894859684389814466153108013      
   12.2977192439543999560837459428322391      
   12.1919688288690580612360145557129753      
   12.0905390538972269083946527723428126      
   11.9931790813616398257562303685948776      
   11.8996574766719824522371853623467470      
   11.8097603151234993607702474574986744      
   11.7232895097644431588261654602501772      
   11.6400613305210974108435192519761755      
   11.5599050892980554263330153281594155      
   11.4826619695574392718527070404769893      
   11.4081839820209715310019538600298946      
   11.3363330307643600873755699341490849      
   11.2669800762125668355584698408608658      
   11.2000043833838702690405747294137418      
   11.1352928453325924633142029509975959      
   11.0727393730698653773394109857757688      
   11.0122443443826949978327012771405099      
   10.9537141049820643675653539150830192      
   10.8970605161784531266851854888582645      
   10.8422005440631013805299480056142059      
   10.7890558857718067994401720497616861      
   10.7375526289363321105215539408804102      
   10.6876209408901236937014093539622278      
   10.6391947846077110559608060130140514      
   10.5922116586971936944021749620115072      
   10.5466123590668070456520731418627420      
   10.5023407601646411191725453391133877      
