 0.14257721156418E-01
 0.14723558872678E-01
 0.15283624427785E-01
 0.16002463369955E-01
 0.17053768989143E-01
 0.18843880154779E-01
 0.23692035203040E-01
 0.14207473391163E+02
 0.28590806871388E+02
 0.40213780836677E+02
 0.50631101566443E+02
 0.60525571017031E+02
 0.70423116063174E+02
 0.80893810386626E+02
 0.92603080949822E+02
 0.10631664338533E+03
 0.12292102911273E+03
 0.14304144262222E+03
 0.16664143644633E+03
 0.19283645362019E+03
 0.21964454820782E+03
 0.24371272208573E+03
 0.26001376623446E+03
 0.26075068274321E+03
 0.25838005980663E+03
 0.25648564063810E+03
 0.25500502314400E+03
 0.25388351938023E+03
 0.25307326851595E+03
 0.25253248019937E+03
 0.25222476246175E+03
 0.25211850994153E+03
 0.25218634153266E+03
 0.25240458373207E+03
 0.25275279907213E+03
 0.25321335976199E+03
 0.25377106620793E+03
 0.25441280918290E+03
 0.25512727348806E+03
 0.25590468019989E+03
 0.25673656410004E+03
 0.25761558263962E+03
 0.25853535275796E+03
 0.25949031200606E+03
 0.26047560066364E+03
 0.26148696184173E+03
 0.26252065689355E+03
 0.26357339378978E+03
 0.26464226643168E+03
 0.26572470316890E+03
 0.26681842305050E+03
 0.26792139856823E+03
 0.26903182385003E+03
 0.27014808743207E+03
 0.27126874888125E+03
 0.27239251866172E+03
 0.27351824073967E+03
 0.27464487750542E+03
 0.27577149666155E+03
 0.27689725978389E+03
 0.27802141231116E+03
 0.27914327475686E+03
 0.28026223497208E+03
 0.28137774131393E+03
 0.28248929659748E+03
 0.28359645272728E+03
 0.28469880592103E+03
 0.28579599245022E+03
 0.28688768483379E+03
 0.28797358843008E+03
