   51.8191625241333401433665968978095901      
   50.0807215687593240651805209206506851      
   48.2378315574419776527518423482002432      
   46.2676920757109658394266089595610834      
   44.1365312052995701560860363971638468      
   41.7913562653281765417904501347028723      
   39.1425135370776632076659185086424619      
   36.0251370901890106764451231758214828      
   32.1321566009977848079623549738340312      
   26.9130701700608724838440405489371520      
   18.2748989348453649063001030493068170      
   1.62080773660308448122911226788019628E-0004
   1.15744823026739287343924194369602135E-0004
   1.13707668303149311137010726366653468E-0004
   1.04763031121886875168191412502172280E-0004
   9.18968862957452508342025104592179913E-0005
   8.03920429943669696800976841136707234E-0005
   8.29402073473535472964119515245625643E-0005
   9.02782078603824981191763945337528337E-0005
   8.88631484865805518200675227857099135E-0005
   8.72631632256697784026169632423709929E-0005
   8.81212203790382272018299311684118040E-0005
   9.54194869863219765947780124641778524E-0005
   7.66288724131307339028112969943245138E-0005
   6.47278089897124360260667625968076004E-0005
   5.51325969315655653043012150531974649E-0005
   4.09539075480747001972664943240501587E-0005
   1.55205743330563022626150975510725023E-0005
   1.55202928109725053547066843675033759E-0005
   1.55200122071071929052048566747341517E-0005
   1.55197360892098549140336596398274755E-0005
   1.55194672195660472123207184170483359E-0005
   1.55192076361430636308498003489690790E-0005
   1.55189587513372783275826196433279373E-0005
   1.55187214560993230626240467739494748E-0005
   1.55184962206439711000436174778439178E-0005
   1.55182831861861387146616769258605115E-0005
   1.55180822448063855786569779535438336E-0005
   1.55178931065152778849530242430446897E-0005
   1.55177153538934542711852056870830591E-0005
   1.55175484854503629409942552692337650E-0005
   1.55173919492092699241623053642153733E-0005
   1.55172451681192477729522841086016574E-0005
   1.55171075588217345384843335685681493E-0005
   1.55169785451374686854282485042740797E-0005
   1.55168575674416620092794263827831747E-0005
   1.55167440888939014556765065095136254E-0005
   1.55166375993027351243504015989284442E-0005
   1.55165376172418566822432152706635332E-0005
   1.55164436908977606765769453880885451E-0005
   1.55163553980168429407003006440210240E-0005
   1.55162723452304858360207981941013488E-0005
   1.55161941669664120066349347742177754E-0005
   1.55161205241001545826644077261124167E-0005
   1.55160511024587730802467703320103409E-0005
   1.55159856112573712783370778287710090E-0005
   1.55159237815251410320717412907793145E-0005
   1.55158653645600253686558811745364069E-0005
   1.55158101304379834605134180236811616E-0005
   1.55157578665932938180104410952701342E-0005
   1.55157083764794171738007455220657744E-0005
   1.55156614783149974838336591504107274E-0005
   1.55156170039161177150163687942517527E-0005
   1.55155747976135226600776502643299557E-0005
   1.55155347152519678829673478555645125E-0005
   1.55154966232678085517668628722828920E-0005
   1.55154603978403777665693837325968536E-0005
   1.55154259241124002963797906615667975E-0005
   1.55153930954746069999057341226346359E-0005
   1.55153618129097751181223682589842288E-0005
