   7.05530011009554179717415489423899452      
   7.12914329125642455323435862382911260      
   7.20474722524725408272310511012720249      
   7.28195283103628056760434147529689559      
   7.36052042950532759641295192443159554      
   7.44008035565087852855596980934771565      
   7.52003801729162048529095641830829146      
   7.59932024070186354151858453432245436      
   7.67513119219518582762778859246096051      
   7.73760080020205922303439590871963223      
   7.74796913364313108855296820960379489      
   8.28019429626972122780473426957184565      
   8.46428467574803343835423195557581111      
   8.60413459823510307128943880954162326      
   8.75955102557069702721503843944446589      
   8.94742475649689706163437169998143276      
   9.17691966082870255692289078243217199      
   9.45597055814365343080177050225003380      
   9.79298136691320933483994227194616234      
   10.1957148123378815672351810627552851      
   10.6673987851161490003402513457123355      
   11.2014907207725224823667415070489202      
   11.7773357410275218627264926214058458      
   12.3577779504284925418542782126089688      
   12.8888954541877835035752769495021627      
   13.3012064283840069920339265710192298      
   13.5022993679989329503840340263653503      
   13.3793150694411874100324564618044137      
   13.2302963410644021465544291501906753      
   13.0884735260947096993154084699986653      
   12.9533337406036152611823706077699210      
   12.8244130846163099804470578143709003      
   12.7012908266272233347850952430182768      
   12.5835844053535945729773234557864771      
   12.4709451166731497645642261233811113      
   12.3630543777304716085051125504266175      
   12.2596204793912360694490936816271297      
   12.1603757536113872080018626507470143      
   12.0650740947456281040867184723635366      
   11.9734887839364272340635762484279159      
   11.8854105739468098885684512821800294      
   11.8006459985833369803847326188461061      
   11.7190158764162834750543477718221259      
   11.6403539831208520628073879169285298      
   11.5645058705838356557304631785476262      
   11.4913278141236074074818523792065820      
   11.4206858718373313799356259860825042      
   11.3524550423514276648553208521932457      
   11.2865185091314842721434458980742190      
   11.2227669611298281826829366930560357      
   11.1610979808962350831683472869708923      
   11.1014154924501619537105836450063402      
   11.0436292622007770356160667008597909      
   10.9876544470272245735892806009401751      
   10.9334111844769739986262438393739286      
   10.8808242203925537058980792411817695      
   10.8298225702209659667662237257326642      
   10.7803392103651317758124926551988153      
   10.7323107965488628010895384664479240      
   10.6856774064647859769803171893940964      
   10.6403823042816986845331177262751714      
   10.5963717248706128073168592055411039      
   10.5535946758191810378002729206747025      
   10.5120027555863020419506376368818712      
   10.4715499861974310034349008970070332      
   10.4321926591944058321293911287774893      
   10.3938891935872884688879683387107278      
   10.3566000047278064989300769142111035      
   10.3202873831254789165955238646578194      
   10.2849153823253890444258423000860520      
