   72.7281369006750263152154247115511258      
   72.1624385067776281674760697993940063      
   71.5787178361927030969785403259690372      
   70.9771290915556220949824876202700760      
   70.3578100821432166218882557783554982      
   69.7208775393092731975074126197426037      
   69.0664224066875860816755024514413964      
   68.3945050596985302633531293254898311      
   67.7051504001120474804865751081432859      
   66.9983427613579029355427201231501106      
   66.2740205485487906577655527414562796      
   65.5320705232033997899055567131245386      
   64.7723216257352382478379398055311401      
   63.9945382079630410351441805621218708      
   63.1984125220182157525230477571631623      
   62.3835562794532700811871708186755706      
   61.5494910529766379596905479696557998      
   60.6956372401649279201766571430591892      
   59.8213012398200809833470166402468318      
   58.9256604019043492115442454039416821      
   58.0077451936794497534334895348280996      
   57.0664178670844543191884728310428492      
   56.1003467002563313145959417287693418      
   55.1079745972791846322694167065652728      
   54.0874804321260107267841071499319486      
   53.0367309666118413214218197589657827      
   51.9532203839335362643272610930544169      
   50.8339933442571526239751995570584498      
   49.6755458054314026965286446969418475      
   48.4736953672099076473130784220243688      
   47.2234091054509718283747727088434179      
   45.9185709357588540275560755368731587      
   44.5516610266063711096495969429523778      
   43.1133040079352881212723556102009957      
   41.5916156090855133062353504898012728      
   39.9712286755163465750639849707131147      
   38.2317872760404615304204800406227927      
   36.3455107234259378166733309904331590      
   34.2730170284115399898272302473047179      
   31.9555821858725625283518551271814730      
   29.2991600583413906056009762517927809      
   26.1359099045918172594106091971174377      
   22.1071109269721966432568489819137658      
   16.1040168207902268707104258062182022      
   1.19640147830123987364151345404599237E-0003
   1.41347442515796955650592619348138205E-0004
   1.01885162644080527024464148870950068E-0004
   8.69624046265163384748773206199802085E-0005
   7.48183120387500953001536979367328567E-0005
   6.32463748137165485791301781552146073E-0005
   5.77990859794314357074659449551416233E-0005
   7.15067279080804436019809576553616105E-0005
   8.10050136695222553450776584251605616E-0005
   9.61972789409286923252140985943893660E-0005
   7.34529311114253328031627774602400722E-0005
   6.28419515136452783400463209750428761E-0005
   5.65708379338945028653483654126631400E-0005
   5.14217025740308140524349607241999206E-0005
   4.61199592732549837462030183922639592E-0005
   3.39029158152734140233545666414034900E-0005
   1.55686583344794293346076937761682599E-0005
   1.55594835153993494455312617865625461E-0005
   1.55522494127484088610882004765773184E-0005
   1.55464772929681602778017555269306739E-0005
   1.55418209737646778870434118922740547E-0005
   1.55380266016729459091948042172630674E-0005
   1.55349055949571896697070614689177305E-0005
   1.55323161552890899999934021638330291E-0005
   1.55301504496510250066807510337237932E-0005
   1.55283256023299081808542185100138957E-0005
