   1.71728370443701639558878805282664663      
   1.70770465429923399249437736848836228      
   1.69791750644895771708282232620515865      
   1.68794055917748751814242961354596707      
   1.67779200188856535572144298734047250      
   1.66748985180498674879727041579341642      
   1.65705190084192020286303149442890287      
   1.64649567202514264794235551420415582      
   1.63583838489557110992325608879051608      
   1.62509692941689155271855815733185072      
   1.61428784799112894464728580978801186      
   1.60342732528716709850808288355547789      
   1.59253118570165158698710452798185774      
   1.58161489840287566360351120594658603      
   1.57069359006150361110381885444365365      
   1.55978206555348884197689309448686831      
   1.54889483714033716583533818383068077      
   1.53804616290294351914683608571467482      
   1.52725009554660719832454393851296485      
   1.51652054313182255978626296419789403      
   1.50587134385617599481418552499333341      
   1.49531635776913207778934543118722249      
   1.48486957932155263474399861846748863      
   1.47454527604944145440609434255244437      
   1.46435816063744125579094833726000583      
   1.45432360636399087591369131557613229      
   1.44445791990453861205194799470804646      
   1.43477869130994866505720051694505579      
   1.42530524974242958792109071091329454      
   1.41605926700713091581530006885029928      
   1.40706557210204551745516661587025388      
   1.39835327431035973843998966371189309      
   1.38995734966974084520902963218101475      
   1.38192094485010516574203997501708836      
   1.37429883117407000097225752569426959      
   1.36716277846971111396128140719240308      
   1.36061028815666390723383063128892621      
   1.35477954131496830095677684022509713      
   1.34987664912240058240541832256371166      
   1.34622942776863220952800259693264125      
   1.34440539092394352323091055524479529      
   1.34551449410889128491389196396351182      
   1.35221733368692082034796947930382897      
   1.37442387745896473233541522117004970      
   1.24329025315011448104202261368895300      
   1.16410142991955297263510973208526547      
   1.12519613950569926481499183593072493      
   1.09523323486177554149418207221520901      
   1.06944632467800938172134106552790161      
   1.04615503738628845099091011642596379      
   1.02458397770155265039427117403825359      
   1.00432872709167326995265872949699376      
  0.985174980413706656515158573519052373      
  0.967029166104189134036021024677021652      
  0.949891098031823313017085730000028417      
  0.933842269148595166931088782034414279      
  0.919041042660383348642576836749175541      
  0.905729397674851077903025300062782488      
  0.894279891182550030922444822307671107      
  0.885482027875083607013273034850213670      
  0.880539930699682163118623779021437213      
  0.875918267896798730014117721120585654      
  0.871420693678103215320560320443507179      
  0.867045870000416367564850566931077113      
  0.862792395577642904054666858794489190      
  0.858658812096898703011029123290483368      
  0.854643610067269080636210380201703028      
  0.850745234318464847187776582163441268      
  0.846962089166902465099876331525013504      
  0.843292543264467850690214737231113184      
