   76.5526275634765625000000000000000000      
   76.5531422144782302661003191661451460      
   76.5531906813676704969940942002513283      
   76.5532437125917071812560920787491476      
   76.5533017379932815307926423395209448      
   76.5533652278954858518821985690282471      
   76.5534346969137527787665203597848309      
   76.5535107081270546976640196774975451      
   76.5535938776419228887311501433307926      
   76.5536848795862799015348789379536055      
   76.5537844515735625174291678500522203      
   76.5538934006814245779904515134083480      
   76.5540126099934798698073419799731776      
   76.5541430457571089596290601677873996      
   76.5542857652153473611142295588839561      
   76.5544419251763361597425506416989529      
   76.5546127913897945120746995743943657      
   76.5547997488065147263116313622400443      
   76.5550043128040379432426848480619080      
   76.5552281414694997835539750147007208      
   76.5554730490392041858337139870736619      
   76.5557410206038594840749679657487318      
   76.5560342281986695594932535220830440      
   76.5563550484086978013180991106200313      
   76.5567060816322036079616770186395123      
   76.5570901731580898049574243194626396      
   76.5575104362283035758172690286948864      
   76.5579702772721224810747121229600661      
   76.5584734235168612879836960280152634      
   76.5590239531987973384989235971409582      
   76.5596263286191881738572922778569542      
   76.5602854323133159411010940352845899      
   76.5610066066257256488874829010019921      
   76.5617956970124331385018376462092795      
   76.5626590994210874733953582479829537      
   76.5636038121331261835939134790849192      
   76.5646374924881283459834063312100257      
   76.5657685189501429845724564982174960      
   76.5670060590190694900621756568833953      
   76.5683601435375436458609743925163959      
   76.5698417479956214199640186010033257      
   76.5714628814922731148115600735612956      
   76.5732366840747625060554370422149268      
   76.5751775332448922880288058161384300      
   76.5773011604953988941743074593508100      
   76.5796247788210788252736435148190255      
   76.5821672222381839640827617124798304      
   76.5849490984429560067068923979304836      
   76.5879929558466690255375214195924628      
   76.5913234663410775192232769548376723      
   76.5949676252756696188086597999596024      
   76.5989549702676348718963700836732037      
   76.6033178206181040104432755416965836      
   76.6080915392752416060834637211130391      
   76.6133148194675253334679950804019571      
   76.6190299983305089943052029706440012      
   76.6252834000691612999737424212633461      
   76.6321257114372721035929514029981005      
   76.6396123925773627600561364111835328      
   76.6478041265511507617328247884433576      
   76.6567673112042238849086727018692405      
   76.6665745973517177038630513363840439      
   76.6773054776472437852382264160064824      
   76.6890469309081273913682074360097466      
   76.7018941271195129175079894520381765      
   76.7159511988317259678464577185981883      
   76.7313320852034294571166088924605818      
   76.7481614555319393543599661379512947      
   76.7665757197563463919067642178274870      
   76.7867241341240454431783462683643062      
   76.8087700109826183214700262770216434      
   76.8328920425030005736871275268891239      
   76.8592857490633293308738095321529878      
   76.8881650640333025602618301010376090      
   76.9197640678044701771017609865702710      
   76.9543388851215857450883032456942704      
   76.9921697610937791746117090035011447      
   77.0335633327125945738807882625075523      
   77.0788551142886122381403340107327920      
   77.1284122169522842094207817338574617      
   77.1826363242618130608483542521688339      
   77.2419669480367712530480231840490583      
   77.3068849908075194567782326453042700      
   77.3779166437557470821430399231824865      
   77.4556376517407711376432936071438064      
   77.5406779799816317681633970361128540      
   77.6337269202206314201780251302541473      
   77.7355386777561677895040191394009637      
   77.8469384846303818493990161120220524      
   77.9688292885218737872458796577837165      
   78.1021990715600992455734863535667991      
   78.2481288583838689004572594758117222      
   78.4078014783530211071371756387079663      
   78.5825111529351024904699897239214078      
   78.7736739859773217848617068238783149      
   78.9828394418923507999332302502054369      
   79.2117029047940514274437959917044729      
   79.4621194203808136956077582651505509      
   79.7361187319509139452417400770955624      
   80.0359217324238491426924011141081871      
