   68.2301323488078118114524437135090313      
   67.4391745755375136710220275436794881      
   66.6263983275824827683693330101430364      
   65.7918241088943012330433222882672638      
   64.9354016340148145863293892715694879      
   64.0569990158148028626796810705297885      
   63.1563907371053640942555478439551709      
   62.2332440856418195700424538095091179      
   61.2871036484033225647135951741674805      
   60.3173733512802338178474045755019403      
   59.3232953847937955829476388730863543      
   58.3039251614655044643694680532218414      
   57.2581011859419023934091372299714932      
   56.1844083557504422071325469539393343      
   55.0811327049487384935948184389502753      
   53.9462048890130666465794969566814612      
   52.7771286854921382087259730538359363      
   51.5708892920479339288999089666561412      
   50.3238339865309583780245841775001519      
   49.0315143560321665655316897253216034      
   47.6884741043102844108276647311174879      
   46.2879582061380002119910034512314992      
   44.8215057552537310811534792256062864      
   43.2783663121417765842759568281696763      
   41.6446403192249671481826382107519506      
   39.9019727614161386881820298951429788      
   38.0254916798413854667338285251149507      
   35.9803961897188587409781491219286428      
   33.7159298878356010630573278983346120      
   31.1536719583511368680520319049913338      
   28.1613108910775293297465044425834566      
   24.4805495770944079627913287675355353      
   19.4539450346752512100935276531903252      
   9.43639208632178982252221082533257582      
   1.76705694950645865580691030365017686E-0004
   1.00704114194986936252741675261095915E-0004
   8.25671604261603643026491785360565295E-0005
   6.89128486579166357777686401901116762E-0005
   5.79016472152611269842256267949297209E-0005
   5.77497428269960578507865172789080083E-0005
   6.97468250851391096504607095937394666E-0005
   7.37719080380663994221702038388668565E-0005
   8.02007361641221850500225363487284729E-0005
   9.14505165898546833660366587594119791E-0005
   7.10242718535964028526926911448200876E-0005
   6.07642558027427171799996048725781206E-0005
   5.49294471750663834739032136285064182E-0005
   4.95885822684361275156593689341247609E-0005
   4.18604940942718169485967989868049793E-0005
   1.55588010825916025456647206493311521E-0005
   1.55519726367862281649290721513383481E-0005
   1.55464533504537978887703890477193806E-0005
   1.55419523690316293364191564855078735E-0005
   1.55382508739196773391382536525470912E-0005
   1.55351826487173530618515400654627728E-0005
   1.55326202754538628326168467156566844E-0005
   1.55304652244115276293192482118271924E-0005
   1.55286406684471692807495153374640374E-0005
   1.55270862242247202163787178083602702E-0005
   1.55257540697423999321107083254852727E-0005
   1.55246060539335735312216540759947271E-0005
   1.55236115275828996015390175809848077E-0005
   1.55227457030100200238313833796522930E-0005
   1.55219884044185460511207242625123888E-0005
   1.55213231090559074761436374069594609E-0005
   1.55207362064272729810203869536138339E-0005
   1.55202164221580141238704576369586227E-0005
   1.55197543670244797749653438252869963E-0005
   1.55193421817655250539492616237011223E-0005
   1.55189732556540736174459602307520960E-0005
