   1.59656374367638115876983597927865891      
   1.58226452688478157679200598880139955      
   1.56784400266421336006389436681696520      
   1.55332872443878436035938055564151551      
   1.53874451183438618189115008789341012      
   1.52411643448123290262723140213216096      
   1.50946881052237014515812066328884612      
   1.49482521972506629947113635459624203      
   1.48020853151834373070712259550002962      
   1.46564094879156413595919342928708557      
   1.45114406892357316200531791441432595      
   1.43673896432501604138270489491982579      
   1.42244628584773140713907297904010488      
   1.40828639386596660881076160266430569      
   1.39427952384602377098259635730467067      
   1.38044599607630755056309729769282298      
   1.36680648337425095591236635711205271      
   1.35338235674244505451861763969313569      
   1.34019613831418897633199360332461993      
   1.32727210556404551645051889190173169      
   1.31463711429405135235016545806684282      
   1.30232174699189784141391204725744359      
   1.29036196045267438295955588455285306      
   1.27880152721475241795556539183570684      
   1.26769579176459219784684589514502761      
   1.25711770942804945853847398711337781      
   1.24716806957675265886585948931785973      
   1.23799388297493429102410243002597134      
   1.22982389735323307690766652258589947      
   1.22304342820613666696996544158608793      
   1.21837202137368808345470408270544452      
   1.21737845885231729416362658943074366      
   1.22468156500224147124524655495362802      
   1.27695474692770958835198923796100692      
   1.06186796490656726267028998902638093      
   1.01806474070937582263906214327511819      
  0.986905286395801386917436007303186398      
  0.960479495031929568574590895547790180      
  0.936481653836623178936835596314133148      
  0.913931238009915331769507086972339289      
  0.892357448051255235371147743706378227      
  0.871553908229477511210415669111829939      
  0.851493613219640745360559761583868438      
  0.832296348761586171593192674503025020      
  0.814207610226991571672307491270713872      
  0.797577755652844888015968427079822522      
  0.782850954126052879070755427678664557      
  0.770596950404174689492648896532458241      
  0.761728872160119894327810041183320439      
  0.758685262957042773263919502261461347      
  0.757232138953580385861919572311697314      
  0.755816201260921803532261673562151357      
  0.754438597202433002510477472459957719      
  0.753100330193198959108001577425223506      
  0.751802268973774985923246865394167451      
  0.750545156384064921074238199090707331      
  0.749329617691414161276138025340100080      
  0.748156168489209629347911134392142383      
  0.747025222181071986962019529627084420      
  0.745937097066114984093913326165964020      
  0.744892023042637151318333571800592995      
  0.743890147943633708381665166371573525      
  0.742931543521417548417478417296525048      
  0.742016211095982267781461204235549955      
  0.741144086879894149752166416613358683      
  0.740315047002685971019132501836409905      
  0.739528912234724836462813487191828716      
  0.738785452437902796051207478875589201      
  0.738084390750121890950529666277192835      
  0.737425407517670769583727447280351507      
