   5.83880234562847773387229604749724558      
   5.84892174844730918843777830717784718      
   5.85949974005769036949724047547648515      
   5.87052605909118673405622913382229988      
   5.88198970660614117283934588656570053      
   5.89387901822330748948418594065235281      
   5.90618172874461590250938575531535421      
   5.91888502943953664634187236136913794      
   5.93197561820736248465273377378527700      
   5.94543974282661882622487209625967549      
   5.95926323748770668188931290421170342      
   5.97343155277314542348786469411830421      
   5.98792977920472340525777072528940641      
   6.00274266441614004673130506365348075      
   6.01785462393631681329337963406238773      
   6.03324974547844843787812334301709422      
   6.04891178652372913056857886590861277      
   6.06482416486099915232201753043723108      
   6.08096994159164409028534320237301179      
   6.09733179592575702502897210772257595      
   6.11389199087281448605151539379295947      
   6.13063232865633431488156559596911719      
   6.14753409434272822140803569531538306      
   6.16457798574763627717021979357101051      
   6.18174402714237541288231702535239561      
   6.19901146358879786911269344217302293      
   6.21635863182950075422764647037131337      
   6.23376280247868234479322711613415399      
   6.25119998668901081483714196514032267      
   6.26864469836083578912476634645880752      
   6.28606966009040156795416706361764676      
   6.30344543709438593502258478122612564      
   6.32073997780837113120497645301963390      
   6.33791803198041116840064569242200115      
   6.35494040569361389362736549427505594      
   6.37176299597178574126197429442931417      
   6.38833552239062636151733545549844009      
   6.40459983429146786261772516146675475      
   6.42048761092476018167804312358873953      
   6.43591717236977693779170377226654728      
   6.45078895231934793464669926370226651      
   6.46497889399354244329768598326450766      
   6.47832850554190872048674918837382006      
   6.49062931439447452544577074443950594      
   6.50159745846356152725242202731832572      
   6.51082985621039332874659282133851917      
   6.51772337880203130241685481703364041      
   6.52131239234697451377110452447912299      
   6.51990117816960711270625570126974218      
   6.51006915382712096737279592811658189      
   6.48300673949010922181017518934002830      
   6.39700431619157880473762724059822482      
   6.86477069896276053684837294912322537      
   7.02960825535873231753565502648841579      
   7.13790878727201767775993194340392522      
   7.22857715464988437736423223475083306      
   7.31061608881296997359232355810028592      
   7.38751758440805749015622117821192528      
   7.46093629713259611829597686460871949      
   7.53172219545033494705265141226672517      
   7.60029281181650508334999924085627382      
   7.66677441150262751025093152025108865      
   7.73104637147130279030736780981674762      
   7.79274431292241711956605694549187195      
   7.85124107172054538996354250771260925      
   7.90558609224747793563063093961870211      
   7.95428721327182372473285900081108319      
   7.99388262608624544539228389289519448      
   8.02189405550874477398710060411936038      
   8.04940020346594114560881163297946032      
