   219.837974261507304814986307996340775      
   218.982632722315250048102190732775897      
   218.092976770712329061498996351099842      
   217.168224701852601321706402204724309      
   216.207567245304417768926464423757529      
   215.210162177885044288352001485451037      
   214.175128708752208506459779485962036      
   213.101541605029641857997903225415058      
   211.988425015705475887298598671072180      
   210.834745940425802710517319716939756      
   209.639407277868590931768549611278226      
   208.401240375322446320454597209835070      
   207.118996986457878283423969331617602      
   205.791340527647076848037498783755685      
   204.416836503843339143447040041764331      
   202.993941952295234927097737206451235      
   201.520993725196038588975363742362978      
   199.996195399607603646068530154903886      
   198.417602563060157489444901410025479      
   196.783106174161019134296860729382814      
   195.090413636784478481479572497776108      
   193.337027150621168857495301918638133      
   191.520218805629819621926879574562310      
   189.637001767452764372440293975047498      
   187.684096747207890586308841924271110      
   185.657892751687593526678819604702689      
   183.554400854278164183389236317736045      
   181.369199392676444105524263668186164      
   179.097368558547398570936850161873587      
   176.733411756604447274126266155907424      
   174.271160318805538833004856849496111      
   171.703657079947807581009110460067872      
   169.023012830482346831890284088897713      
   166.220227575676303181302254563044949      
   163.284965564256798307938784500066154      
   160.205268763646919440912505023131332      
   156.967187151323452153798940563293203      
   153.554294720293387958284123773901781      
   149.947045550182448714312183582017384      
   146.121901382170770254961789451277302      
   142.050124987740681887032797683996487      
   137.696071358616574699061144330398980      
   133.014700244832484002659656652897704      
   127.947835490317634374785338975902513      
   122.418313954609679873579441781050234      
   116.320373854013042234270384832661931      
   109.502837808773957706224216621723831      
   101.737103825256813823341647018314403      
   92.6486713340035971521428963275574334      
   81.5435234295549968849064795239957498      
   66.8285706018839116661062833024451492      
   42.4321573251624726424875032277723658      
   1.37345385945200234664128346040020353E-0003
   4.67702680799714510049840890391459128E-0004
   3.80616963807433506008573832296183552E-0004
   3.39711417052458913915929375465575066E-0004
   3.04008623039725118384829416291838770E-0004
   2.67340019533058312677725022242963746E-0004
   2.43209634274249849911681290552526085E-0004
   3.04157490449628583539666504413643145E-0004
   3.97981650010250270027657010089503538E-0004
   2.99418643187252585732733208998302167E-0004
   2.58534173645632023624813108572738563E-0004
   2.32254811627267539640666727102470778E-0004
   2.14696985495545475483373395422384294E-0004
   1.96883472459250036723894430772344229E-0004
   1.78088025289362714793560329389244303E-0004
   7.71657356641045630824688901530496072E-0005
   6.24560777490164297770667578228049044E-0005
   6.26302280226204022268879389513696478E-0005
