   4.48247832891250251105548639314185640      
   4.42050064983931683792789132147648691      
   4.35939206008713655450107742969726056      
   4.29909854162961241050676827858896996      
   4.23956955221078698062444993860046953      
   4.18075759289139073248815089826107944      
   4.12261781190633791241267409492512751      
   4.06510764039226419348293867502026569      
   4.00818645585322991352738008881504852      
   3.95181526948639734131002613171958245      
   3.89595643369099910841554919781046302      
   3.84057336623537130212208186273637510      
   3.78563028765579202183079201072910641      
   3.73109196850777422483409430556940209      
   3.67692348307747356532535560636752128      
   3.62308996608404961000506849617789702      
   3.56955636875116368375889899485815574      
   3.51628721038588835350930982560090580      
   3.46324632125741581656523908850933840      
   3.41039657209337761751318203774425069      
   3.35769958487734160708748046592871269      
   3.30511541879573820593143342898736521      
   3.25260222409103228881127042817139185      
   3.20011585515766789628429786585552881      
   3.14760943236550667416039996879977371      
   3.09503283967841626001147129350029852      
   3.04233214196260494564439978290938057      
   2.98944890168807943699553522552485012      
   2.93631936914832269418710247282093889      
   2.88287351282987561817665431186228566      
   2.82903384639481780515518237859890019      
   2.77471399478222978509920431093049251      
   2.71981692253473132617980699370238980      
   2.66423272011381681894224094215417384      
   2.60783580483948805965920952387603016      
   2.55048133614625768362370766165983080      
   2.49200056042510418232657946675959993      
   2.43219467294736788902445508707505892      
   2.37082658648071999066720907671444582      
   2.30760968167508022399919481316921608      
   2.24219209936108960622352268587255235      
   2.17413426266907527937884229717002942      
   2.10287577940596499023542904897789447      
   2.02768503342003790100444753614641667      
   1.94757921077174977564504615764282807      
   1.86119081636819975476377560616133390      
   1.76652988710750223411253671975440985      
   1.66052206085421232119980997575401399      
   1.53799692821092358352668049125583088      
   1.38904915614446588931003186955106448      
   1.18988189103413701821768079865311431      
  0.842041696881450302079762122485195398      
   4.79412397700901685243315205252358472      
   11.0053109787859197130680062050478080      
   16.5582429338636079327779625277163485      
   21.8269338912708823808516968696305093      
   26.9427001961250789559933899129804431      
   31.9763668339369704350406618449667049      
   36.9767357769624627551095532465681776      
   41.9829855756748958553221641709516441      
   47.0277910622518606253017153426179385      
   52.1354778887763395893455835810708431      
   57.3176835338525109014419083019540978      
   62.5688593297942599578859731507693619      
   67.8629794905476705669845365285753062      
   73.1505389217072011152755007614530417      
   78.3502264644099155186587392643810082      
   83.2923093124938086591164072374569027      
   87.8069008431162182607887534704382203      
   92.2730254933863877695645178123252748      
