   1.84165056794920488599259559979113014      
   1.83841669900677722994650956003310574      
   1.83492792623185616019741776417402794      
   1.83118644070511913790799519529691736      
   1.82719531845959591233752192283801453      
   1.82295845887593265017498784412658034      
   1.81848052221339254610147760789385380      
   1.81376686718798488576831029809852780      
   1.80882348937572045064653840958958105      
   1.80365696109515137442761123190599564      
   1.79827437331136320323315630671788649      
   1.79268328000278497106654727550437023      
   1.78689164534428461363393884005876430      
   1.78090779398384974994493480444696295      
   1.77474036462621051242374298496961797      
   1.76839826708411297809549413366006876      
   1.76189064291643094101527445561070813      
   1.75522682974115609539102311554591331      
   1.74841632929036614163241326145421181      
   1.74146877926294976168679559234303189      
   1.73439392902926925188876574258035554      
   1.72720161924993108413228440572970559      
   1.71990176548895243474720853918286966      
   1.71250434593058102027906553188109508      
   1.70501939334972131161290935647859595      
   1.69745699154097137589539886597212843      
   1.68982727648219784760452526518620790      
   1.68214044259990976724409427860852601      
   1.67440675462005070753690261602857256      
   1.66663656563603340290337173002300672      
   1.65884034221547141525925441494340278      
   1.65102869761122440916264327321417080      
   1.64321243445856413976969658759564915      
   1.63540259875437395536603889618489464      
   1.62761054746084801212343233053254016      
   1.61984803280661162522594542348167057      
   1.61212730734474928749018817421117018      
   1.60446125517712571458063426243962753      
   1.59686355662663525471219902523400750      
   1.58934889627336932688759101360751984      
   1.58193322803713976586977147877626628      
   1.57463411646780137530447255231767113      
   1.56747118152706598860800846385419891      
   1.56046668644175885346644494757520989      
   1.55364632725899575663936015367180120      
   1.54704031302143523957904439494848607      
   1.54068487504677179783081168184063672      
   1.53462442759986059644268907772303498      
   1.52891474928496647745580914444734007      
   1.52362782366270082083560702021981171      
   1.51885949524244447309152387745713109      
   1.51474215206833182931534241641975761      
   1.51146695337642406134866741570255454      
   1.50932563235734677018612938683027735      
   1.50879669290366289158567013387006854      
   1.51074746571682263605008967127242631      
   1.51701045314869629651637188297058021      
   1.53270650319840177773757078387242942      
   1.58938343608007786367960634298365446      
   1.35049088806613570024106434727826245      
   1.29445364154050573600515023040717581      
   1.25714569611205386777867793875174811      
   1.22662931059916981277546256233617174      
   1.19978859967188232537231522359980011      
   1.17535725192811498240505773833059848      
   1.15270837845940529396667529078974025      
   1.13149572507111568200963649196485503      
   1.11151830079526600313673742151196414      
   1.09266394250023395497210296208600564      
   1.07488571810234919402417796553098274      
