   4.42719721537029696224614132375422079      
   4.37354193078817919185626589078074322      
   4.32108591198279930284178302533906424      
   4.26976579097914845897083843034332942      
   4.21952189403012006548290685044908013      
   4.17029787863192761330343067204955520      
   4.12204040877726317212541653882222419      
   4.07469886395178159349319875469942878      
   4.02822507786069397164410605906755687      
   3.98257310329834904940070692979867730      
   3.93769899995297208804034630845352443      
   3.89356064227571203238320581133906545      
   3.85011754484261900576356226555678761      
   3.80733070290376515656372971554993601      
   3.76516244604844264764846706152510705      
   3.72357630312164065366892194875178131      
   3.68253687670738986511057238384156599      
   3.64200972565011829912037492828483512      
   3.60196125421834509600566244962747663      
   3.56235860662631257739280238945434007      
   3.52316956571978875181307673343650063      
   3.48436245470306796761501040672666458      
   3.44590604083521952621275799707558258      
   3.40776944005514944044186230555885192      
   3.36992202150656016408717667553601400      
   3.33233331092476073549930816621627669      
   3.29497289181602828647939331775494954      
   3.25781030330501031033295641993234769      
   3.22081493344378089733301661757552376      
   3.18395590666386695686565225580031712      
   3.14720196390537994216804720510436020      
   3.11052133376841691079501703504033806      
   3.07388159279359412401054794208159645      
   3.03724951268035306863139453023234315      
   3.00059089187907950035788879745807121      
   2.96387036852959699975989813411308017      
   2.92705121114003147906423524844772050      
   2.89009508267676343463128615265377211      
   2.85296177282777028752150601366539767      
   2.81560889205650359734980526540684587      
   2.77799151960882096401175931516523579      
   2.74006179577885635498502946510808167      
   2.70176844634960015463734619592528702      
   2.66305622402520076722862395998900229      
   2.62386524761682111412865239202716088      
   2.58413021438953778678292596155532609      
   2.54377945383357000741796524199054331      
   2.50273378148648052699500701671812168      
   2.46090509827680771044346198178223891      
   2.41819466266294195368184229866447389      
   2.37449093731157495677289591649040301      
   2.32966687567697336689155813716000752      
   2.28357646109018786025302566702774696      
   2.23605023300065217703390074427419852      
   2.18688941729128562037257431985141937      
   2.13585809552048955408003734362094191      
   2.08267255859512796839347528304213071      
   2.02698651604483188337667996233625498      
   1.96837002623477397922103172616049463      
   1.90627858596088647863374741791109196      
   1.84000616563414487280019434689937590      
   1.76861075460931103709715692672528337      
   1.69078996456034673549298419110754216      
   1.60465893252815118055658851230619895      
   1.50731800304955995871549714063412218      
   1.39390624276996715476706975764793601      
   1.25514089968573719260811035101360741      
   1.06880078055183192115295428089791303      
  0.742573610562952166475951590966719523      
   3.67418112756501521701119989319388696      
   8.47672201308201732037238070864259718      
   12.7952171880988738620588644731138335      
   16.8798974141425198430163693202052003      
   20.8168304194474434771906297563696092      
   24.6481902439122514909416678834231377      
   28.3982865456619548032949932872182712      
   32.0826064444066570096054104245137807      
   35.7117390970050836524257645056166227      
   39.2933037381155794032444032026834543      
   42.8329577858573912861148604529925332      
   46.3349298626448770025415513913151300      
