   67.4433454886279347919689547002277953      
   66.6142513047126899847566421862349382      
   65.7624571960455413397692684695040118      
   64.8879113074886144868774444513206324      
   63.9904757132815427345270744651312478      
   63.0699132218795625440847438054308976      
   62.1258724185498590405173795293105782      
   61.1578704807892098871796710217146998      
   60.1652731712984315690044383068438095      
   59.1472712391411594704729881636811136      
   58.1028522245699889680456310537069064      
   57.0307663415037105747423771390362518      
   55.9294846663272688115357423975979923      
   54.7971472361764754358878413425882628      
   53.6314977678354303182195932516774382      
   52.4298004154909140121904177075186254      
   51.1887320782861842796759154521060192      
   49.9042409007534107545685387270163536      
   48.5713572061680709090887536784430454      
   47.1839361864456095003252806478705448      
   45.7343005302856573591588002403833259      
   44.2127327078839917047927203962094042      
   42.6067350293859803794797970666053829      
   40.8999193847836936661663954429062219      
   39.0702835961492925764233474838775948      
   37.0874217170023092140664785600784164      
   34.9077544987379772039186061077121208      
   32.4657015037098217898537862495861029      
   29.6552211641070241613446843170781324      
   26.2835218150411322509013695887402261      
   21.9204129407713879522571138955129194      
   15.0816519810051936364284382053158625      
   4.15008008042632748439145093355461782E-0004
   1.13038089733415424959557075321247710E-0004
   8.81379719799299098877622064507838019E-0005
   7.34398167728589546984105819095854688E-0005
   6.09561999963656348219765904200909173E-0005
   5.57735116610992545316904220837990419E-0005
   6.78338080181714557901246400518178902E-0005
   7.23317345536248123490535839084744445E-0005
   7.66176235197941531182753238576052905E-0005
   8.81646893563933904298062492926493138E-0005
   7.86378173562676732225839854661446362E-0005
   6.51267863053488408881564008236345581E-0005
   5.73453152946584573229790716007999519E-0005
   5.21554061601788211852248432567623378E-0005
   4.60377094381368668142881266206767626E-0005
   1.55591188058821257016226215997844392E-0005
   1.55522947031014539496407977037955972E-0005
   1.55467636302428399328685785122745753E-0005
   1.55422428070712262471218204966849290E-0005
   1.55385181418875812137791355225567820E-0005
   1.55354261123321087263237470905339415E-0005
   1.55328407685723196775259350130631315E-0005
   1.55306643180005562162625373136367442E-0005
   1.55288202421957268673653516251862094E-0005
   1.55272482223263304584646754732506422E-0005
   1.55259003678839003897995590694850441E-0005
   1.55247383926369843597684086405842930E-0005
   1.55237314844218888123009154510785884E-0005
   1.55228546869582749261264417243799267E-0005
   1.55220876622134798588451582282666743E-0005
   1.55214137375415323945709040763958814E-0005
   1.55208191673432064706199558740294797E-0005
   1.55202925573685222574514468715109919E-0005
   1.55198244131041343115195137161446889E-0005
   1.55194067834085979346270186567003571E-0005
   1.55190329776964642119141862704176802E-0005
   1.55186973402456693832510748348204816E-0005
   1.55183950691221170449340373643152704E-0005
