   4.15463487069985228914451518097331811      
   4.07809439506232583003587584685515790      
   4.00224385482673619786483333026692716      
   3.92701329474740519738391823991286860      
   3.85233207893598034847180795041142635      
   3.77812804981753739896937608227584344      
   3.70432663107911805839478657055513368      
   3.63084984854216982629290471828889471      
   3.55761523696679213926898697406786730      
   3.48453459263989757597079499359204891      
   3.41151252034971633087616858276176378      
   3.33844470773737556006881662386405322      
   3.26521583814233328888352560706135887      
   3.19169702205751611062321298589556285      
   3.11774258274962207835308811576908761      
   3.04318596656325148511560408556638721      
   2.96783445180467602250424702169032231      
   2.89146218377554864383549496251418224      
   2.81380083714387947988226212920436315      
   2.73452684816179813392667605374961764      
   2.65324357581534242368093925174043768      
   2.56945577331769426571687941427244023      
   2.48253205617795269375802005246456243      
   2.39164799255016470613465616118615977      
   2.29569663042268909476723859567650372      
   2.19314147817426129511650765443959355      
   2.08176064222783650609649715540872760      
   1.95816389338886364072022202620941129      
   1.81676304800772961280150854434367900      
   1.64714070508400707170265608033491333      
   1.42525380355938533768517654559864445      
   1.06306109497245975823090726442817393      
   4.90746766506027758491070618841941367      
   12.9666848446726397179832088174876640      
   19.8971069838528473974330977181106843      
   26.3390904698166743834137439263449974      
   32.5136765204002976017462228697000000      
   38.5499267901604752075964027432462904      
   44.5452286097380686150999016814935301      
   50.5799563882857524949586480341240027      
   56.7141025325797355839149394196261076      
   62.9764543294280367123477694451255137      
   69.3555195970460021846709103695388780      
   75.7969808721261639831128079264915558      
   82.2055812148338651392253750520299280      
   88.4443679485631336828027870110695713      
   94.3149089918817543915947661697940608      
   99.3517586199909334866336154705023872      
   103.579533878480096599155869959429390      
   107.773612767894041130263305163034437      
   111.929582940569557708249446541784625      
   116.043845445837122328775550642965507      
   120.113545013796606724305913734567237      
   124.136483637748513069612152430381235      
   128.111028522973112173948476258966360      
   132.036021977366441120180649972305048      
   135.910697931879774504561877193224206      
   139.734607582664807984849113937464926      
   143.507555095272304850249525169755506      
   147.229543295731162015296451866097664      
   150.900728667267659618304629188007092      
   154.521384658207849601169649975232210      
   158.091872189309541947676338853928008      
   161.612616254669050691814159050389061      
   165.084087586274111037747610682347825      
   168.506788464009627049726919907911398      
   171.881241876220424304830296213476205      
   175.207983357348126478607378516654691      
   178.487554942746337417376399480579293      
   181.720500780823701094830880678679745      
