   44.8246840944602115701514052352335197      
   42.2461871644585896991664304338018384      
   39.2194813105052342876576851816687573      
   35.3098650638852572172610515093638168      
   29.6718148285837878081543667535311775      
   20.6815265875414961058062991263164988      
   1.61864896898425141337777201279644172E-0004
   1.24187021723873781053933299163296282E-0004
   1.30416816801196759815714746821933301E-0004
   1.28019415832358546358774478447870695E-0004
   1.17582048793757491227100567714249109E-0004
   1.01158682537703289835800937248792935E-0004
   9.26084894886250382437913243227563739E-0005
   8.94445727495989209780192317944456025E-0005
   9.38337458316901723310381147969023496E-0005
   9.16928492984102657442822481152151012E-0005
   9.04926921991153648009238806636925540E-0005
   9.20448863489241412760994545359795251E-0005
   9.36941280836830948662304556157566222E-0005
   7.29774880625538329742359748446841158E-0005
   6.11343204309582731803283879585129483E-0005
   5.06104419370940560447760183334917142E-0005
   1.55167615114291520337764730307013092E-0005
   1.55167843879594860820054355437780417E-0005
   1.55167923758891439138645382134970778E-0005
   1.55167871446585562684159865367981214E-0005
   1.55167704468594807074725397054503088E-0005
   1.55167440288601860587526931658665259E-0005
   1.55167095620091829420848121048799276E-0005
   1.55166685948043013702645225725722033E-0005
   1.55166225240207809136203878770147303E-0005
   1.55165725814791083625571230018183877E-0005
   1.55165198326935512396820258147092772E-0005
   1.55164651838143338912981184468754886E-0005
   1.55164093937935322102627459832113526E-0005
   1.55163530893555886765538696241184839E-0005
   1.55162967809983448649652738757432241E-0005
   1.55162408788137781651404354184026879E-0005
   1.55161857073692425330203963817683162E-0005
   1.55161315192285007333079013296156481E-0005
   1.55160785069306291675954745456703029E-0005
   1.55160268134031502013929889297529896E-0005
   1.55159765408831395804919591025985717E-0005
   1.55159277584738311847498871932008432E-0005
   1.55158805084883732226895728419519423E-0005
   1.55158348117374544060670008860974423E-0005
   1.55157906719111423944475362276331813E-0005
   1.55157480791926900484238815821113883E-0005
   1.55157070132267286309262436793942729E-0005
   1.55156674455483162784595037773381347E-0005
   1.55156293415640118473101577996385076E-0005
   1.55155926621621601127332905392231323E-0005
   1.55155573650171791400834169044807040E-0005
   1.55155234056419054568628722757161512E-0005
   1.55154907382328818391967316816903777E-0005
   1.55154593163457382459805843460026649E-0005
   1.55154290934313367912373204724013944E-0005
   1.55154000232579661628084547301176973E-0005
   1.55153720602404012802115056237542676E-0005
   1.55153451596929612156982027055620236E-0005
   1.55153192780206412722826414610171972E-0005
   1.55152943728599197847291601768432122E-0005
   1.55152704031787485744809283389008618E-0005
   1.55152473293435592059614273248914720E-0005
   1.55152251131597206893497185618300733E-0005
   1.55152037178907337959832998525385646E-0005
   1.55151831082605038104295731531309450E-0005
   1.55151632504422562253469999408024096E-0005
   1.55151441120370196701619425246550851E-0005
   1.55151256620440689054550788089848744E-0005
