   84.7290503831216973642201309025508515      
   84.7260941869651982712652099540866720      
   84.7211561686925248568960001515461927      
   84.7142272759167229421085692654519227      
   84.7052947961207444286026873894440907      
   84.6943149112572786287991374143930809      
   84.6811261247728143371906977086880983      
   84.6653191215056279293680441500465008      
   84.6461189605584808684616716557566990      
   84.6222895216078487971615856932611249      
   84.5920248416831252965439735778209019      
   84.5528243726766640060859200171575470      
   84.5014077423888266997435394961646776      
   84.4337315442348687879191751536183602      
   84.3451239983833456282196510348698948      
   84.2305001500525720915689246565414905      
   84.0845945320415220354913333507065422      
   83.9021531465749774591655587680848660      
   83.6780490760001201173890632539897156      
   83.4073115909568519284836040261052642      
   83.0850780013375999393567451167582385      
   82.7064872286176303847950570809307268      
   82.2665350029531800107063247130925195      
   81.7599057149380963957159020886969252      
   81.1807885579928852871931647837634080      
   80.5226780621623307997380701959929571      
   79.7781525253604618741727027691865491      
   78.9386181931542422929482526891288496      
   77.9940015418654255421437530087545420      
   76.9323653539938987312284388599473482      
   75.7394143865523842999660102597959112      
   74.3978397521305123522799838354826619      
   72.8864204515748677329276807813083756      
   71.1787397228595288140956386539871406      
   69.2412444585165745794647035002229849      
   67.0300798562909797931522400285816755      
   64.4853996624204275236884279302023786      
   61.5198573340647393592750208933469072      
   57.9916696691180314975307682950639777      
   53.6268772622757789854318771640946902      
   47.6828625787883554941104946092987607      
   33.3010266910897704838241428003637226      
   3.62207553193725924951201220525715356E-0005
