   235.280614361362542005710568883792407      
   235.267398027464494987423745351772827      
   235.245285575441073198590511955501544      
   235.213363815943775585261100654469699      
   235.168066526369176649733434905828657      
   235.102752848453072469623805524046793      
   235.009125501182426928727137975954878      
   234.878654900536398037157846553616222      
   234.703005135313688883495003130245933      
   234.473460131812656436986866377657325      
   234.179981394349032555807460323372265      
   233.810740727513462457394153071213748      
   233.352580682896988582608636960749810      
   232.792222390321475439278401079250980      
   232.117659446164963268840792292989019      
   231.319188212591619649948476413103893      
   230.389776155953676826163430831049433      
   229.324753775128115144940038089238714      
   228.121003670062695626908114179244248      
   226.775880179216272763921588288164299      
   225.286055343538113355804599964702510      
   223.646402433640830436434143415606157      
   221.848937577999349527272784408665859      
   219.881761969922877339517972158532552      
   217.727879910663894277745505868605213      
   215.363693716758561646663926563195710      
   212.756860251578584638836881559350474      
   209.862966146575651100923403292270982      
   206.619975888370712458800454416011138      
   202.938165647766739313184450854008142      
   198.679680318285223559891817595572537      
   193.608691623230560918490688460430462      
   187.215520820808419435069371297016125      
