 0.85241612091311E-05
 0.85242358010851E-05
 0.85243607661538E-05
 0.85245367464060E-05
 0.85247647894675E-05
 0.85250489135150E-05
 0.85254039894927E-05
 0.85258671484471E-05
 0.85265069837197E-05
 0.85274286213585E-05
 0.85287774476491E-05
 0.85307437973132E-05
 0.85335675995384E-05
 0.85375403627318E-05
 0.85430029168100E-05
 0.85503393421526E-05
 0.85599689534047E-05
 0.85723386244607E-05
 0.85879173813845E-05
 0.86071944788823E-05
 0.86306814738377E-05
 0.86589183335329E-05
 0.86924834384001E-05
 0.87320074276103E-05
 0.87781911164578E-05
 0.88318281226766E-05
 0.88938333514362E-05
 0.89652791317124E-05
 0.90474416534753E-05
 0.91418615817966E-05
 0.92504246049635E-05
 0.93754707591065E-05
 0.95199468208700E-05
 0.96876265140340E-05
 0.98834452100521E-05
 0.10114046231947E-04
 0.10388763312731E-04
 0.10721622973719E-04
 0.11136128858147E-04
 0.11679547211564E-04
 0.12487431738801E-04
 0.15068929910744E-04
 0.20174698492024E+02
