   77.2701880101283331226159137799719969      
   76.9723923422918262195059005139048348      
   76.6605579146278376721233432316221318      
   76.3345584803789425676555582100688500      
   75.9942849398256137689906631459379504      
   75.6396430527074785117422131820662370      
   75.2705511170763263625966239970848616      
   74.8869376296020571949559818597121895      
   74.4887389377563787131285783837599106      
   74.0758968900958272429573170009532173      
   73.6483564869949160161756850399773512      
   73.2060635306261181319188899391955106      
   72.7489622696802816423811018429121685      
   72.2769930312135553773265144094380015      
   71.7900898290148391075033659018785432      
   71.2881779349374024283496267223677359      
   70.7711713966362343738732276076885132      
   70.2389704820020822386009369914423651      
   69.6914590271695578138132737115627298      
   69.1285016611723631353579880864500797      
   68.5499408759781113363246439625091198      
   67.9555939055763023091098756668272619      
   67.3452493718089850527017025172093492      
   66.7186636474563675029338291479914905      
   66.0755568783998875947374043291194510      
   65.4156085960718718970173045595239765      
   64.7384528383326595620249153450708936      
   64.0436726807335267472724717129488091      
   63.3307940599321347124754409914214362      
   62.5992787456785208785076266170280657      
   61.8485162857545529014737982381448912      
   61.0778147074683839302971521696878910      
   60.2863897070063671298258898362592539      
   59.4733519903380627968739852215712401      
   58.6376923412327377957364648731774908      
   57.7782638759759012761806828180074177      
   56.8937607902896280816795741381271493      
   55.9826926970398295885572103229163716      
   55.0433533722563107857758205653935530      
   54.0737823404527941960687732521309706      
   53.0717171914542582217339723448912463      
   52.0345337588317765293458163714216024      
   50.9591701946183299779239015057840128      
   49.8420293724441077273967866188052851      
   48.6788516605696492000863490561216342      
   47.4645464616584260476806316668450897      
   46.1929652224781255604548903099516803      
   44.8565894725388873281734501261660518      
   43.4460922909648071189869223259022070      
   41.9497055221140317250862875421107682      
   40.3522781924070444101447028198627787      
   38.6338228000344025378909535341385482      
   36.7671667782182252092513808412096365      
   34.7139337903786127893134255814175102      
   32.4171286364480365543087100151308044      
   29.7859778663756538178167814614328931      
   26.6600768043222476204394248143715080      
   22.7033091447094778931584194566426228      
   16.9250973978351135644319513982583089      
   2.73847706286888295113991176496614586E-0003
   1.74853623092849847863084486620151829E-0004
   1.23837772968555266290370115972343357E-0004
   1.09618473256441256000835086762080393E-0004
   9.98335344056983203800820849863617925E-0005
   9.10126058074622737847410326597112285E-0005
   8.17880849285730805536661093319119065E-0005
   8.65636164924985549616006850184537123E-0005
   9.41335972721785817624552262265758302E-0005
   7.51220208639967185577268842060414320E-0005
   6.73921542438369761520188492710384872E-0005
