   222.120357176056108345231877064431431      
   221.444427132373721434655909469699127      
   220.742387335983021087220702008675905      
   220.013609846270571739744782327126435      
   219.257451354069393608012169420036928      
   218.473250281905663196599459483239656      
   217.660323845213057633114111727849176      
   216.817965055656247147474616335490818      
   215.945439643397748505897053456920536      
   215.041982871218845295509885250535797      
   214.106796209651755200522702322438136      
   213.139043838551234130047906813916339      
   212.137848936650576526356755820221738      
   211.102289716433860429332673961207874      
   210.031395156923182544295400283669917      
   208.924140381528680311642654773938188      
   207.779441621715726009984480672012030      
   206.596150699653941126248927113838360      
   205.373048953931458397853641175869010      
   204.108840521486485297785629806952998      
   202.802144875711006747871573941504024      
   201.451488504682903277385513153797823      
   200.055295594038715383253210781802890      
   198.611877555284094542312523389887238      
   197.119421211318443557656555994027957      
   195.575975415301097232903789969930103      
   193.979435834981259055631198856694768      
   192.327527580065115245200298231453022      
   190.617785282173584853425983251631471      
   188.847530151646025361668728836292602      
   187.013843427796095828871382441548981      
   185.113535502427869057145275541940363      
   183.143109821269913114058488908155782      
   181.098720441959787905244042475162578      
   178.976121833009564843998595673514779      
   176.770609111691872644192466382744301      
   174.476946406027943021268308320107049      
   172.089280338478003694335846775256616      
   169.601034696293835502247401580993648      
   167.004781072603208208770554626299349      
   164.292078479281960736787666795936108      
   161.453272413945821920247197608673379      
   158.477240247823041055164021398191533      
   155.351064518860781749375587735203711      
   152.059607844624706884501615176272847      
   148.584951187931741296075607688565889      
   144.905638516570901426063982712000857      
   140.995640923115351714451042583687449      
   136.822903654484997983941608336162392      
   132.347254296569046742768796030465906      
   127.517297538023418499149575322513004      
   122.265633129011856632478324445311090      
   116.501151761195860040739962341412215      
   110.095893956974210994496621146480941      
   102.860893436843195479518448894796256      
   94.4970115569771479509733366926335121      
   84.4792637668569630219490949806788568      
   71.7166112694835149764701204884781023      
   53.0285140778169174784495116215919702      
   8.94059725341830988701708746311768717E-0003
   5.92899127982845925159114376959796870E-0004
   4.27186197125004218762141218053554230E-0004
   3.83218015329818896409210757295358616E-0004
   3.53102353950546220655398311764157211E-0004
   3.25358744618312083038230339774106011E-0004
   2.95325631573598089372284842993808548E-0004
   3.15559139438038061005967372522463987E-0004
   3.46295247001113416181225235885596083E-0004
   2.78783778597227256644385265096040726E-0004
   2.52206656787305439748383750817544145E-0004
