 0.97604916335352E-02
 0.97833338472857E-02
 0.98075464313000E-02
 0.98331588781292E-02
 0.98602001067214E-02
 0.98886987130221E-02
 0.99186832293839E-02
 0.99501823923113E-02
 0.99832254186187E-02
 0.10017842290608E-01
 0.10054064051395E-01
 0.10091923112024E-01
 0.10131453572539E-01
 0.10172691559724E-01
 0.10215675584795E-01
 0.10260446924973E-01
 0.10307050033568E-01
 0.10355532984023E-01
 0.10405947954300E-01
 0.10458351759101E-01
 0.10512806438765E-01
 0.10569379915240E-01
 0.10628146727511E-01
 0.10689188861215E-01
 0.10752596690106E-01
 0.10818470050684E-01
 0.10886919475788E-01
 0.10958067618704E-01
 0.11032050906482E-01
 0.11109021470335E-01
 0.11189149412754E-01
 0.11272625486115E-01
 0.11359664277363E-01
 0.11450508019328E-01
 0.11545431183725E-01
 0.11644746057113E-01
 0.11748809563704E-01
 0.11858031684771E-01
 0.11972885943557E-01
 0.12093922592310E-01
 0.12221785377616E-01
 0.12357233107959E-01
 0.12501167761397E-01
 0.12654671645672E-01
 0.12819057315794E-01
 0.12995935835542E-01
 0.13187312018673E-01
 0.13395720381057E-01
 0.13624424351401E-01
 0.13877717169997E-01
 0.14161392893665E-01
 0.14483515816191E-01
 0.14855744629723E-01
 0.15295765302489E-01
 0.15832156808035E-01
 0.16515307169642E-01
 0.17446292314146E-01
 0.18876009974244E-01
 0.21772737332260E-01
 0.17482110475966E+01
 0.82917379289241E+01
 0.13768821312695E+02
 0.18900485432134E+02
 0.23858096946480E+02
 0.28721637076560E+02
 0.33540967717149E+02
 0.38354179086680E+02
 0.43193964441728E+02
 0.48088263899757E+02
 0.53057288926670E+02
