   4.56355660075992722307062222986197830      
   4.50603855551454818331784034772272466      
   4.44941994729476859537725592968257415      
   4.39364150588579101910580874446231569      
   4.33864817959311050899092898541009572      
   4.28438871751174310436070686868890811      
   4.23081528606777715553707539484092047      
   4.17788311643349667182607894461132654      
   4.12555017969288466093065076324249738      
   4.07377688687210313639890138200313163      
   4.02252581115388191442738757646114653      
   3.97176142977047409673664556317757029      
   3.92144988321987314198322504184733879      
   3.87155874957549454474785681846359508      
   3.82205683176159381761890789530247489      
   3.77291395574506306570585332449190998      
   3.72410077764810335637497836038134742      
   3.67558859781433327732817925791347698      
   3.62734917986030027675452194898027466      
   3.57935457271240817556012100265793223      
   3.53157693356132140771293168129460405      
   3.48398834955640966461326960123690013      
   3.43656065590441826532983029833517136      
   3.38926524781981213282222816886314697      
   3.34207288348661437409117446132554388      
   3.29495347481771254883118400068268345      
   3.24787586231548832286342908311348549      
   3.20080756972139598970624727488730967      
   3.15371453335448922763114682624006263      
   3.10656080003273742677617703575117732      
   3.05930818618204667973155651859976381      
   3.01191588908083490170463619233148582      
   2.96434003904433903152027668216403803      
   2.91653317856377959006953579962304843      
   2.86844365075750530646069982554994764      
   2.82001487465291778993192226187146515      
   2.77118447835789042854242082088236800      
   2.72188325246424027557331606906825005      
   2.67203387413082533547873731624414218      
   2.62154933585735039442953407036811625      
   2.57033098993649540367575571433162783      
   2.51826608683845408482075334320007562      
   2.46522463847555500166821457619146717      
   2.41105536768769806552892201740390734      
   2.35558040080532994702171985841880073      
   2.29858819979022177970661685329464694      
   2.23982397813424661906663734203523122      
   2.17897643629301296315234053160035839      
   2.11565896961900063610841171917852825      
   2.04938231644924562890212003447598083      
   1.97951346303448898037196015860201986      
   1.90521150558887249930461619560290002      
   1.82532276381874702080336291081182866      
   1.73819883475767779473746613441091542      
   1.64135568233075292527236991123786527      
   1.53076442029522393920898022793919411      
   1.39913878970777147115177082701216183      
   1.23072650821241257093133117643889694      
  0.976723972098380902797673494992578328      
   1.74821127131623659792293310917325601      
   8.29173792989417990724999653298562850      
   13.7688213132013380019006090323046630      
   18.9004854325443834666190629193629714      
   23.8580969468301149589318556784221851      
   28.7216370768581766107525233663744774      
   33.5409677173960403333165082113436429      
   38.3541790869625902527361985216259188      
   43.1939644420680038350070107039088336      
   48.0882638999786028270234829299488296      
   53.0572889268516384528091573909805816      
