   5.75680180865447879185656121885208266      
   5.75669789413268902042308435609293930      
   5.75671086533279965716938336412915028      
   5.75777312743373053776862102835510603      
   5.76123608358465650965890887806973694      
   5.76802500647401370809448993585148417      
   5.77845524545859303138010564356680011      
   5.79244066106204968680251392250288186      
   5.80972622333495247037780573510411911      
   5.83004894666088879994040696748030596      
   5.85323653917042032259277650216639287      
   5.87925882036020200478122616759192954      
   5.90823732106447341761643549155225891      
   5.94042002864589490308341954106514071      
   5.97613503850113845870500752295672803      
   6.01573962985217211228191324647470808      
   6.05957796349720726299313189508993859      
   6.10795400218676221875660020433963848      
   6.16111980865305933435756877572898016      
   6.21927509430001566106788078133896802      
   6.28257209375528640819124442649775644      
   6.35111970325898191445585622214117948      
   6.42498106489909580663354517153040418      
   6.50415801542759572829177500713608879      
   6.58855222672548124174306486560844487      
   6.67788252047819219081838733127492901      
   6.77150876922549911727358291415690439      
   6.86803491073409893722793745699158407      
