   1.84051563688831174523163235279367231      
   1.84058208401892759683535494244582296      
   1.84057378951458547703864127800224415      
   1.83989471050932095571498175073933500      
   1.83768353230602646484364500726468271      
   1.83336019814379238656763460226761118      
   1.82674766035060976882447519921707111      
   1.81793721754515639238125590477317795      
   1.80713556594340628439631980055537844      
   1.79455868853173686692197525253018022      
   1.78036856538511939407395761408311560      
   1.76464320832118018914608603281946620      
   1.74737534822551957365752165972302778      
   1.72849353851259318360698961040876834      
   1.70789537723607087261257963989795057      
   1.68548156041734011350194266402230306      
   1.66118236743762972179781529440274739      
   1.63497287589441975091078468996685107      
   1.60687746234316380081378601600080142      
   1.57696673898154757176350181281152459      
   1.54535088764082872255100140623764835      
   1.51217297177942842114929472998883013      
   1.47760503927657658013376375775104432      
   1.44184939775646445574237231378280058      
   1.40514804010105451522491407439657674      
   1.36780604477504913564109880931076919      
   1.33024359744853997909184330760826625      
   1.29311479203386796324462317949052369      
