   3.30049978283838392139215725179294437E-0002
  0.939247489607645757419820625203192609      
  0.977626996080303509150333088401220196      
   1.01757902467032471465835583719660024      
   1.05916894411498675649484756957399653      
   1.10246474820741517813108405946963726      
   1.14753716829730514225586176605599675      
   1.19445979019199357806623943468215463      
   1.24330917565361429365965969818953287      
   1.29416498869580855300021355187164340      
   1.34711012689137112275539514967086519      
   1.40223085791032567244973882508550986      
   1.45961696151627870512950578144381995      
   1.51936187725750394232939978534687941      
   1.58156285809807669749236179904141862      
   1.64632113024350791438763680097655187      
   1.71374205942471684071928172538030121      
   1.78393532391381733437141510927729917      
   1.85701509455505811963994710330264539      
   1.93310022210432500080867149963870815      
   2.01231443218085084731086574323548245      
   2.09478652814514111501637431292819095      
   2.18065060222755837770199125666021974      
   2.27004625524244747521790416467000548      
   2.36311882523304607406121005423547611      
   2.46001962540261230480002249083685452      
   2.56090619169709384984320781431186715      
   2.66594254041411846311717500404420647      
   2.77529943622193398009559994625546334      
   2.88915467097996337907351684598569833      
   3.00769335375962616663176348387787883      
   3.13110821246972537517770291101926309      
   3.25959990749467156180636090193858382      
   3.39337735775571198272582040752206676      
   3.53265807960468364444824119345618806      
   3.67766853895605500015629104779939075      
   3.82864451705554316935390002759159162      
   3.98583149027149413043484169601186362      
   4.14948502427789904071069503230302268      
   4.31987118297387536217984359833527892      
   4.49726695245288995207879221500881831      
   4.68196068029418597536666719818570316      
   4.87425253039723034102041409096750179      
   5.07445495351550247840111511428703590      
   5.28289317356627484658034008260279646      
   5.49990568969546606469040675978628379      
   5.72584479395798946475784839597952356      
   5.96107710433053818097686995730531634      
   6.20598411260107093937248790310934441      
   6.46096274647227120396917589736684424      
   6.72642594496895579293971026570251564      
   7.00280324594480171050393943338859632      
   7.29054138413365977698597337024856265      
   7.59010489777559379945100244188466163      
   7.90197674135655381704463506333792907      
   8.22665890142044122262104174014116136      
   8.56467301172855889215300232438607100      
   8.91656096323728799735973792751339728      
   9.28288550342143219612771950411976008      
   9.66423081836711157985260819267088907      
   10.0612030897715898383902369245338310      
   10.4744310174938976009586199891188423      
   10.9045662965748873730259812211693711      
   11.3522840356643953384374820405474970      
   11.8182831015347173378525331368163273      
   12.3032863718061890781506702194349108      
   12.8080408751514300597701789558304236      
   13.3333177950779552347643269879856974      
   13.8799123099229027190508288548555749      
   14.4486432379476797068714135196680876      
   15.0403524524203930109232914882971830      
   15.6559040273439553376532499624965656      
   16.2961830700325265308851567047278415      
   16.9620941920146458918185051081254577      
   17.6545595646121546462591171810005315      
   18.3745164997207848704628123551992757      
   19.1229144892821338192844951319111035      
   19.9007116278514527836585166620308645      
   20.7088703302937734586623344407750701      
   21.5483522392882264968943959113563975      
   22.4201121928472062110187716412282210      
   23.3250910880113443298423488514289145      
   24.2642074308257286613869909590351182      
   25.2383473028259643619111591363958575      
   26.2483524003817484712335910541034438      
   27.2950057183196609077051374419772685      
   28.3790143614979269024358524255609888      
   29.5009888936315175461976330487245093      
   30.6614185987845307254108899434291277      
   31.8606420776514716733199749219908351      
   33.0988127797924184461785904795310829      
   34.3758594389046779760712165726595992      
   35.6914419668914952859828992867465766      
   37.0449041552531513019012525082775048      
   38.4352254144378147905728023617198960      
   39.8609745229795367977661790198807102      
   41.3202686579574863266671103546137684      
   42.8107406028681245126287671695837127      
   44.3295160006983330385854080245578096      
   45.8732012273300403332855866010610904      
