  0.107266242942247477445245110683270686      
   3.05255434122484871161441703191037593      
   3.17728773726098640473858253730396588      
   3.30713183017855532263965647088895054      
   3.44229906837370695860825460111548907      
   3.58301043167409932892602319327632094      
   3.72949579696624171233155073968198925      
   3.88199431812397912871527816271700245      
   4.04075482087424645439389401911598121      
   4.20603621326137779725069404358284104      
   4.37810791239695614895503423643031188      
   4.55725028820855843546165118152790740      
   4.74375512492790579167089378969241473      
   4.93792610108688781257054930237735838      
   5.14007928881874926685017584688460994      
   5.35054367329140072175981960317379354      
   5.56966169313032973233766560748597836      
   5.79778980271990633670709910515122284      
   6.03529905730393888882982808573359693      
   6.28257572183905625262818237382580220      
   6.54002190458776525376031366551531923      
   6.80805621647170862380321651701662021      
   7.08711445723956472753147158414571424      
   7.37765032953795429445818853517751876      
   7.68013618200739974069893267626529725      
   7.99506378255848999060007309521977757      
   8.32294512301555501199042539651356832      
   8.66431325634588500513081876314367073      
   9.01972316772128543531069982533025518      
   9.38975268068488098198892974945351871      
   9.77500339971878504155323132260310637      
   10.1761016905266074693275344608126051      
   10.5936996993576825758706729313003977      
   11.0284764127060639438589163244467174      
   11.4811387587152218444567838787326113      
   11.9524227516071787505079459053480197      
   12.4430946804305153004001750896726712      
   12.9539523433823559239132355120385575      
   13.4858263289031718823097588549848251      
   14.0395813446650949270844916945896571      
   14.6161175954718923442560746987786570      
   15.2163722109561044199416683941035361      
   15.8413207237909986083163457956443824      
   16.4919785989253830548036241214328671      
   17.1694028140903932513861052684590889      
   17.8746934915102647102438219693054208      
   18.6089955803634657604630072869334516      
   19.3735005890742490881748273612422793      
   20.1694483659534805529605856851053720      
   20.9981289260348814128998216664422430      
   21.8608843211491063270540583635331766      
   22.7591105493206055591378031585129394      
   23.6942594984343942752044134533078280      
   24.6678409177706798482157579361251538      
   25.6814244094087999053950639558482689      
   26.7366414296164339735183856554587775      
   27.8351872881178163994972575542547319      
   28.9788231305211859914191482644185396      
   30.1693778861196546374150883883892187      
   31.4087501596931126345209766261803914      
   32.6989100417576669747682700047349527      
   34.0419008068551672031155149646362420      
   35.4398404638683839623344389688004554      
   36.8949231159092848499218166317793667      
   38.4094200799878313480207326946530603      
   39.9856807083701145039896782131634620      
   41.6261328442421476942530816064488780      
   43.3332828340033545129840627109535185      
   45.1097150072494338369151937782806191      
   46.9580905233299590473320939389212828      
   48.8811454703662772855006973369658392      
   50.8816880888678548473730623781138432      
   52.9625949776057112253767592903654824      
   55.1268061240475991484101416014077430      
   57.3773185849895026003421308382517335      
   59.7171786240925508290041401543976484      
   62.1494720901669349126746091787110893      
   64.6773127905172215468901791516003011      
   67.3038285734547637406525869325189757      
   70.0321447776867361149067867119082956      
   72.8653646267534201858110078339917189      
   75.8065460360368690719876337671439698      
   78.8586741501836181495077206168641342      
   82.0246287341843841762112671932865285      
   85.3071453012406825315091709258361954      
   88.7087685845388979500416966864261258      
   92.2317966748682624329165203830732235      
   95.8782139043024320251423074083546505      
   99.6496104460497248575853923161446634      
   103.547086752367282938289918496470210      
   107.571141534325359950080419058476019      
   111.721543176440203422231453861143696      
   115.997186392397359679444422681926362      
   120.395938504572741731179070651901897      
   124.914482596922898069361607675589650      
   129.548167199683494592740081814612310      
   134.290873138361830561668108652494738      
   139.134906959321404666043493301147073      
   144.070927002269582375402576079812884      
   149.087903988822631083178156453448544      
