 0.55044022842865E-03
 0.10318343428763E-03
 0.10113777783088E-03
 0.99132469911433E-04
 0.97166683777042E-04
 0.95239617869864E-04
 0.93350493775124E-04
 0.91498554436242E-04
 0.89683062601237E-04
 0.87903299469679E-04
 0.86158563513385E-04
 0.84448169447450E-04
 0.82771447331231E-04
 0.81127741781562E-04
 0.79516411282721E-04
 0.77936827579770E-04
 0.76388375143600E-04
 0.74870450697586E-04
 0.73382462797107E-04
 0.71923831454367E-04
 0.70493987801988E-04
 0.69092373789727E-04
 0.67718441909498E-04
 0.66371654944508E-04
 0.65051485738957E-04
 0.63757416985238E-04
 0.62488941026044E-04
 0.61245559669170E-04
 0.60026784013122E-04
 0.58832134281967E-04
 0.57661139668085E-04
 0.56513338181710E-04
 0.55388276506350E-04
 0.54285509859304E-04
 0.53204601856685E-04
 0.52145124382412E-04
 0.51106657460818E-04
 0.50088789132532E-04
 0.49091115333420E-04
 0.48113239776430E-04
 0.47154773836220E-04
 0.46215336436526E-04
 0.45294553940254E-04
 0.44392060042326E-04
 0.43507495665344E-04
 0.42640508858161E-04
 0.41790754697486E-04
 0.40957895192683E-04
 0.40141599193919E-04
 0.39341542303885E-04
 0.38557406793319E-04
 0.37788881520565E-04
 0.37035661855492E-04
 0.36297449608048E-04
 0.35573952961835E-04
 0.34864886413062E-04
 0.34169970715306E-04
 0.33488932830555E-04
 0.32821505887003E-04
 0.32167429144165E-04
 0.31526447965871E-04
 0.30898313801736E-04
 0.30282784177737E-04
 0.29679622696499E-04
 0.29088599047880E-04
 0.28509489030357E-04
 0.27942074583645E-04
 0.27386143832755E-04
 0.26841491143525E-04
 0.26307917189333E-04
 0.25785229028380E-04
 0.25273240190523E-04
 0.24771770772323E-04
 0.24280647538635E-04
 0.23799704028988E-04
 0.23328780667222E-04
 0.22867724873528E-04
 0.22416391179454E-04
 0.21974641348718E-04
 0.21542344510033E-04
 0.21119377312670E-04
 0.20705624121142E-04
 0.20300977271797E-04
 0.19905337420760E-04
 0.19518614018318E-04
 0.19140725947958E-04
 0.18771602366528E-04
 0.18411183772378E-04
 0.18059423307453E-04
 0.17716288263626E-04
 0.17381761710805E-04
 0.17055844095878E-04
 0.16738554585344E-04
 0.16429931858890E-04
 0.16130034035111E-04
 0.15838937457339E-04
 0.15556734208198E-04
 0.15283528442659E-04
 0.15019431869522E-04
 0.14764558874766E-04
