   220.887114733061009180523551232125590      
   220.112149193176951568307327050666463      
   219.306546671180592760260302685234391      
   218.469611235007110191650350389865290      
   217.600626185239524927382648549831034      
   216.698849841709538971540732001660021      
   215.763511209151405371958651946621198      
   214.793805499397165209495025055542926      
   213.788889480382794704969106914277567      
   212.747876614985275311564438571287478      
   211.669831945232652563874911195098271      
   210.553766669549331685357229789279789      
   209.398632352138259056746969538923726      
   208.203314694096337044470055656352131      
   206.966626785077668376471251474570638      
   205.687301741823925073420333482417992      
   204.363984625222812038430489160358895      
   202.995223510118017004244240510161529      
   201.579459561164445143452311508485408      
   200.115015942669987119275084453612490      
   198.600085359481140651906398111352883      
   197.032715988056882616124365373548325      
   195.410795510110085656456521135969653      
   193.732032903139150704034549177848170      
   191.993937569659348611200292754260733      
   190.193795295851567916003626273047092      
   188.328640415095031641775791396979978      
   186.395223405064335260951807884639727      
   184.389972958675193064916293911105780      
   182.308951325401094082759610498663131      
   180.147801401399473493150165364186779      
   177.901683627850825412955127449462698      
   175.565200199409309994879692126433665      
   173.132303334864613133089206155923460      
   170.596183341813104533877200409984899      
   167.949130801161590400880715981035481      
   165.182365233046166991748747419800117      
   162.285819820192172405952961161046167      
   159.247867749245197703886131142480285      
   156.054969836849887044353006312183469      
   152.691214282354882342999476413194864      
   149.137705878293172996339354416629798      
   145.371740801303017968009655034145188      
   141.365668855415698819583018257235011      
   137.085287888058401044349760749449575      
   132.487516023585966716999409607012676      
   127.516907634396721053035820565934984      
   122.100234533804685125406213029112201      
   116.137647526866658568084622756603448      
   109.487356764578527325671595274097962      
   101.936850551105167483443800172919014      
   93.1424808452957359600302967326007864      
   82.4806255639779292501567160500772745      
   68.5749410157813962833726067734824812      
   46.7519171996311905441367546360234100      
   2.15425966070433174857667424042527585E-0003
   5.04393600291651822935695072439207140E-0004
   3.98575888973244752354822466336157542E-0004
   3.57345248872672954516990276088038619E-0004
   3.24309492659027683720890698579818466E-0004
   2.91558294838903088599999760589704576E-0004
   2.64949163320459089701538912192136025E-0004
   3.14418759115299510986963823820654636E-0004
   3.97294996686293869111600014598967497E-0004
   2.90676507952578081496508121585479747E-0004
   2.55388704203237963954696710885839361E-0004
   2.30917337780688317553418040658615622E-0004
   2.14300474830751610533272297382717917E-0004
   1.97337074553311037100382127318954438E-0004
   1.79849805932496111020751160326143678E-0004
