   1.81464250991934185855515445135333992      
   1.80982363405875929654457409169310187      
   1.80475133905904052034660266737941641      
   1.79943244009849059807111500699334873      
   1.79387439676540841652444771301325168      
   1.78808524204170804186237720837492418      
   1.78207351442393973515260650781331182      
   1.77584819357092612871101329248514035      
   1.76941863977053719010725885111681500      
   1.76279453743702238446093071863470790      
   1.75598584278306912531491601385238709      
   1.74900273575703441608794371932859828      
   1.74185557629406622841425893477759755      
   1.73455486489946490159714711162223994      
   1.72711120756306965919672380868597846      
   1.71953528499346321078954212011209516      
   1.71183782616063910528787265313130599      
   1.70402958614494345290887714562234236      
   1.69612132830891238264610767562345056      
   1.68812381083740107220554855537382099      
   1.68004777773150148997686681348137034      
   1.67190395439413677600462400309944476      
   1.66370304801275217712949220311563081      
   1.65545575303004100853305409682985509      
   1.64717276210135848814929303336343050      
   1.63886478307414752172291175900569444      
   1.63054256269773470081890427017232790      
   1.62221691799352382264405820344248734      
   1.61389877650113414291985106766177645      
   1.60559922698751532042498620476799674      
   1.59732958269510771369340047663258800      
   1.58910145985423885591522623760954758      
   1.58092687505912165978048669291497103      
   1.57281836629693217700780410582964402      
   1.56478914406255593204494205712461684      
   1.55685328129284665404099154141137305      
   1.54902595412807315231970890390088686      
   1.54132375024459308659839322089209852      
   1.53376506848397622930433829229312068      
   1.52637064400531589837663394574029954      
   1.51916424934381194469152344812819222      
   1.51217364724628014804226972414083784      
   1.50543191250333366241251775707734392      
   1.49897930922549888368936343692908679      
   1.49286603011878941339771313787073201      
   1.48715632135442553601140527840437283      
   1.48193492767314172420556128530719368      
   1.47731761485390773632814391628052591      
   1.47346928459585273535775130598773660      
   1.47063727390374953580234112775647097      
   1.46921794402834811614586265885111140      
   1.46990601415825693455745203812749759      
   1.47409160886463854378723957455057807      
   1.48526480719972123636222603859104228      
   1.51821272002999807404256427954634420      
   1.34261261264177309608225718572466028      
   1.27260959598572334073008774375160018      
   1.23288919863432218975383702483800854      
   1.20163002898347819476851530803622635      
   1.17457332163983740683750937348729436      
   1.15013897441025445701648691593505177      
   1.12758004512462540438953721905929999      
   1.10649545420527712766539073662534080      
   1.08665668381395237226540827178941036      
   1.06793755266285996183478998715229478      
   1.05028513666885456100473856018087962      
   1.03370807046460507964053976161046486      
   1.01827289485837535201203513866061765      
   1.00410926898030948557403768195675437      
  0.991441281439183415613414325017564809      
