   67.8995792355600470778200061647664910      
   67.6965632971943068166907490150991974      
   67.4882238806676409708801499718731303      
   67.2745066552240767615735808658932430      
   67.0553493500907214464233411156172500      
   66.8306808546283428978011119147984025      
   66.6004203924530388191544692086462033      
   66.3644767635797559113783075801136469      
   66.1227476471380329441686323813219463      
   65.8751189560327672691528227030230244      
   65.6214642340263608077493268566681532      
   65.3616440850466099894614951777694542      
   65.0955056240325137336973971990760707      
   64.8228819382712525783652041387983438      
   64.5435915479049238041786397469838643      
   64.2574378540577033167019611945184431      
   63.9642085628069239535706007754552195      
   63.6636750729589312764652468950201058      
   63.3555918152521675296687154119413478      
   63.0396955301592802125142922945233509      
   62.7157044708557727163637970661448947      
   62.3833175171285519633654584454447930      
   62.0422131849644822027703483196232916      
   61.6920485152424245388764112800067155      
   61.3324578232923806915621226619887978      
   60.9630512890192776716171404819218080      
   60.5834133647348673553789382517962931      
   60.1931009747046274264663065409750664      
   59.7916414765783908733681418166563556      
   59.3785303501859233954756833722003875      
   58.9532285734581783078523148275701267      
   58.5151596382477511661537381395006152      
   58.0637061502706792917008095663017048      
   57.5982059469024602878330173540605823      
   57.1179476536390665797359436549150357      
   56.6221655840556013507664336371488956      
   56.1100338682341261731160524907643231      
   55.5806596698059936329235464229726328      
   55.0330753205361957116067581246368090      
   54.4662291618524968578635196895162193      
   53.8789748323207923393110389532164588      
   53.2700586752942224760305589899607528      
   52.6381048570121035970080892887954436      
   51.9815976756389295333238333894237903      
   51.2988603967508347790822569662037581      
   50.5880297572994126087144088818316378      
   49.8470250189362497205577576492579440      
   49.0735100947243258927250856541051998      
   48.2648467790154550498832745950571029      
   47.4180364155847076799185109080431875      
   46.5296463467379621774248378411421444      
   45.5957160428100327852954258341417601      
   44.6116356699578974893749677726408601      
   43.5719866045891578599514268396836719      
   42.4703283452740586981594395300520055      
   41.2989081713499214618161672667766235      
   40.0482564826307123332054991421728736      
   38.7066076756429797887802668644303904      
   37.2590448944015741856727740014130841      
   35.6861882799575286698075067070596370      
   33.9620874779428719546197842040971779      
   32.0506333027135020831959360547964140      
   29.8989760752788420499566737712926637      
   27.4242014066195791514982765863771982      
   24.4823548375376829430564732835969092      
   20.7792891758226705136540997527700238      
   15.4872959587854799238686548928818597      
   1.11298345919436932280788910477421389E-0002
   2.62380049182699884583885988577343489E-0004
   1.31646362984829366061246079876739773E-0004
   1.07657959931049283747297641674852677E-0004
   9.84785146456398479296035761515862431E-0005
   9.25823798204603474571803860411995735E-0005
   8.77199688986355175926377233273337740E-0005
   8.37921318062214334531970875980421388E-0005
   8.10668729955350792627633078907426288E-0005
   8.31570112891670926141383474100973170E-0005
   7.92716721859878828561606940293423907E-0005
   7.20934503292332945768973798719913481E-0005
   6.86175137194413389383365733336957241E-0005
   6.60187316984210887968144368431452160E-0005
