   1.21357454510759837025798766967609619E-0002
   1.21539288362720489197220784930368404E-0002
   1.21726742639610855957042790148238087E-0002
   1.21919939695913010395231639467654176E-0002
   1.22119012919032783451095139158460012E-0002
   1.22324107904517360693039828197360440E-0002
   1.22535383615857631472449647008028157E-0002
   1.22753013536765970631017244464467493E-0002
   1.22977186825611226024606432339709913E-0002
   1.23208109483307435233468022342501751E-0002
   1.23446005547460169883514299403065319E-0002
   1.23691118327006362733659620117614301E-0002
   1.23943711693000937937184053281372523E-0002
   1.24204071442667205534662454043992679E-0002
   1.24472506755375421054746254333414377E-0002
   1.24749351760939827074435811189577823E-0002
   1.25034967242564047202818211970632419E-0002
   1.25329742499014681147637659745104842E-0002
   1.25634097393236754715343859719875257E-0002
   1.25948484617741353417195085942519837E-0002
   1.26273392210799391407838759129995839E-0002
   1.26609346361911326901530220412109506E-0002
   1.26956914550322851627805609422282683E-0002
   1.27316709066734753848249459884301706E-0002
   1.27689390976015737775218579841140861E-0002
   1.28075674587975411521304139894626509E-0002
   1.28476332514422691390211983747081527E-0002
   1.28892201404268303311310577063980280E-0002
   1.29324188464880641695057394145814561E-0002
   1.29773278897973348542447225740887424E-0002
   1.30240544402860557675349729424169619E-0002
   1.30727152930121314270796993314082431E-0002
   1.31234379906034761314197847379580664E-0002
   1.31763621194465007948352932608542437E-0002
   1.32316408120720091404881002101354121E-0002
   1.32894424954548981517574382154421297E-0002
   1.33499529341188642251544395548789623E-0002
   1.34133776286175509694686254774881748E-0002
   1.34799446449226515523966953014739982E-0002
   1.35499079695642765177661396205354850E-0002
   1.36235515105143721465535166958141896E-0002
   1.37011938968174488875253197907841720E-0002
   1.37831942737282336683929210506098028E-0002
   1.38699593486902189380663041689350978E-0002
   1.39619520227436813288554567287676808E-0002
   1.40597020504385833589158480296603874E-0002
   1.41638193216947059085564262935950263E-0002
   1.42750105703127628838718477366285523E-0002
   1.43941006150562707455470951684027192E-0002
   1.45220596756866447051884614896431167E-0002
   1.46600389500399118346236303340262145E-0002
   1.48094176062941170639397656471290313E-0002
   1.49718658322719871786060779524974791E-0002
   1.51494309257889142452597055700846421E-0002
   1.53446571989305621675969871627179931E-0002
   1.55607567898286787732229420421292168E-0002
   1.58018593970379027529795446762736613E-0002
   1.60733886046170067144333174698493038E-0002
   1.63826495467824058257606788526099942E-0002
   1.67397866571434392980424305477111754E-0002
   1.71594282004255091029510390884029768E-0002
   1.76637004987124391141509175564953663E-0002
   1.82882370418469357942194845747660082E-0002
   1.90955866462629273504381278741929617E-0002
   2.02103300501431114121606658397844841E-0002
   2.19373748643076355916712546752274369E-0002
   2.54104409314246053738849996234328965E-0002
  0.947908482099636968595644335067257832      
   6.45993936062088471135697322847034568      
   11.0255804412293331954103477705242529      
   15.2677373793083858900395948315922755      
   19.3219152796975863909877103604503308      
   23.2469910708586540154488340063814603      
   27.0748879630192154911364728178805714      
   30.8251789637119341960504553349071676      
   34.5108958664089659748676427661681192      
   38.1412465292450820909793195297593671      
   41.7230054237910387525840573740713482      
   45.2612532083739811739839294462464784      
   48.7597669917969867192263713202751216      
   52.2212136283942645665287628236743019      
