   74.4349719497360446901125128750791070      
   73.9621365192287022077056703861874013      
   73.4725271335235726925256071469404877      
   72.9662453702375692267454618921158693      
   72.4433900887921847747574477649423205      
   71.9040536514971951223306409097355426      
   71.3483182036862129416802880159864102      
   70.7762519934884460155988248824888469      
   70.1879057065586685710182473152668605      
   69.5833087857437129195911764518584375      
   68.9624657000502533884459058791404481      
   68.3253521211811356777797406086866177      
   67.6719109591068828291284240700394485      
   67.0020482002988218419153161544483911      
   66.3156284830469968602261182826440095      
   65.6124703332340422564684746367339434      
   64.8923409704859709183416152344118632      
   64.1549505780509851637612603107947157      
   63.3999459091030142047549861217848868      
   62.6269030762476486693875245441224128      
   61.8353193381501091122020724772778935      
   61.0246036552943261778579582074465261      
   60.1940657329531518128548080950555244      
   59.3429031995237216238453843042389331      
   58.4701864769344664842363051114475931      
   57.5748407791502553343991485640357488      
   56.6556245139666616825649987188301615      
   55.7111031466924370258319052240072654      
   54.7396172892746085727895786120418854      
   53.7392433714840864649265723577432846      
   52.7077446819311243361928806595684313      
   51.6425097596815600490297582858887752      
   50.5404739537986100192298110884559127      
   49.3980182608058996662016604169461494      
   48.2108369949108132877707190788261056      
   46.9737619374597845956051893993007580      
   45.6805244850581423062484498008929226      
   44.3234274389234914159106779990110407      
   42.8928816363994888900660269283798721      
   41.3767342067274038618010018676933325      
   39.7592638576053597401731757738965654      
   38.0196205096511347008050268159434322      
   36.1292862021228096900615463381350716      
   34.0476884822427690809160089907989841      
   31.7139938013613646105445636434342131      
   29.0299743683881955441140938746433325      
   25.8181555196012390083129567768544738      
   21.6912639059257550967727470053373136      
   15.3878222160871253052864652909298956      
   8.20716972048727908177400027299502711E-0004
   1.42474318150680039710023653041089692E-0004
   1.06505975102755477891868821690268853E-0004
   9.24359412626424956948453258796577467E-0005
   8.10633240937801870186262638109599264E-0005
   6.97242986629736296840925607444059993E-0005
   6.12642294898180485880379319153427399E-0005
   7.42298358403068307642886166888045740E-0005
   8.95553205840312398091058413040454476E-0005
   8.59547732809739412075654455164773814E-0005
   7.00114253053469470931477843809105204E-0005
   6.13011343396781663377811762330820421E-0005
   5.58255616129628706481159391573181255E-0005
   5.08197408315978325285201945739293376E-0005
   4.57646369607074001215899579385140798E-0005
   3.44931443560003017473580878004946314E-0005
   1.55719504532865266394466373677088288E-0005
   1.55619436559016059639405262803032198E-0005
   1.55541130637040063784522233215622835E-0005
   1.55479064396847094836780308736913286E-0005
   1.55429289512116758595640191398871967E-0005
