 0.10056370353905E-01
 0.10099077288448E-01
 0.10143716727568E-01
 0.10190316834989E-01
 0.10238907988417E-01
 0.10289523244245E-01
 0.10342198824773E-01
 0.10396974634176E-01
 0.10453894810466E-01
 0.10513008321845E-01
 0.10574369617268E-01
 0.10638039342685E-01
 0.10704085136459E-01
 0.10772582519996E-01
 0.10843615902632E-01
 0.10917279723724E-01
 0.10993679759630E-01
 0.11072934629336E-01
 0.11155177540108E-01
 0.11240558324318E-01
 0.11329245831141E-01
 0.11421430753051E-01
 0.11517328988256E-01
 0.11617185668139E-01
 0.11721280015946E-01
 0.11829931252810E-01
 0.11943505835014E-01
 0.12062426399468E-01
 0.12187182924008E-01
 0.12318346791988E-01
 0.12456588712691E-01
 0.12602701830673E-01
 0.12757631923045E-01
 0.12922517439684E-01
 0.13098743464822E-01
 0.13288015775571E-01
 0.13492464588186E-01
 0.13714793320355E-01
 0.13958497684759E-01
 0.14228198542477E-01
 0.14530166421183E-01
 0.14873185123965E-01
 0.15270052267968E-01
 0.15740369904680E-01
 0.16316217548936E-01
 0.17055179824179E-01
 0.18076065222781E-01
 0.19689293013845E-01
 0.23264975218827E-01
 0.32934781744490E+01
 0.99502492050915E+01
 0.15713468113120E+02
 0.21131559732033E+02
 0.26367057006435E+02
 0.31502496208912E+02
 0.36592681256762E+02
 0.41680582315271E+02
 0.46801660573618E+02
 0.51982422738952E+02
 0.57236110840540E+02
 0.62558110579382E+02
 0.67922646940906E+02
 0.73280041110619E+02
 0.78549581325600E+02
 0.83578929486864E+02
 0.88111539474757E+02
 0.92568040393481E+02
 0.96975757777381E+02
 0.10133314540106E+03
 0.10563919933453E+03
