   1.76474071507890860141802516806022647      
   1.75733403600596155893480932298587445      
   1.74969194939786741405621586109320343      
   1.74182793988200180325479133573372516      
   1.73375572423678851933282405414188112      
   1.72548917906568507476291833131127783      
   1.71704227618031326514501680836582632      
   1.70842902541398268589867413743958284      
   1.69966342457102880860858624480330657      
   1.69075941621704371039471819834615989      
   1.68173085102766243165068506800333698      
   1.67259145743718984039277541260604378      
   1.66335481736299771576931058327434713      
   1.65403434782551673662930303605490560      
   1.64464328833856963209103859878710214      
   1.63519469401042901285000270020182133      
   1.62570143437489323998267300045044855      
   1.61617619806654963939112593553486062      
   1.60663150356849875073463728563403713      
   1.59707971640090619090849575805274159      
   1.58753307329096950816597884845689594      
   1.57800371408126286888291967800424792      
   1.56850372240734526347386339416740288      
   1.55904517652792324220520605506983520      
   1.54964021214995762527487013694534779      
   1.54030109969750127225450870199851011      
   1.53104033928428867202723546165973552      
   1.52187077775140202802659570995708562      
   1.51280575364732271178223433507497009      
   1.50385927814596754041875625697378228      
   1.49504626290675029860804232478390904      
   1.48638281022695392611952813431798816      
   1.47788658723460912999882828837503761      
   1.46957731548259130617543972173404982      
   1.46147742207825395396105679520600923      
   1.45361292176254631099196499688603294      
   1.44601463707854451278456632365866022      
   1.43871992685182646356200542630353209      
   1.43177520249390284276675965640227920      
   1.42523970875857063369391765748082960      
   1.41919141795120433646596644155964461      
   1.41373662895777344592584715659437518      
   1.40902644055144752383386188523885405      
   1.40528689935274083707509751865336310      
   1.40287887984093136524723069994856576      
   1.40243093835443600061629442528993797      
   1.40518652402153610733413955355402901      
   1.41419662028220756812035692608422564      
   1.44156856310771261084100414441566658      
   1.28791043012114717206524520182954253      
   1.21477116758185236006488040514290647      
   1.17570546063476158381455674496342103      
   1.14528456618278972352840537909991146      
   1.11904153808939709598643373822720113      
   1.09535775872065193290325232515442628      
   1.07347647224236506472292052760648166      
   1.05299633582363565846435753029116510      
   1.03369543392057027289997089646957567      
   1.01546181378959782015991958048204692      
  0.998265503109406990466537832114801287      
  0.982147227910643141562256083213783125      
  0.967214863306672739111832884895456083      
  0.953650328399903962188432914159182040      
  0.941750261184678471186767363321710001      
  0.932164623252400348224127955120348495      
  0.925953451893245531566626215728298633      
  0.920095133049472894719352625167154436      
  0.914397449870101179690435360549688694      
  0.908857909966346372703715043807680224      
  0.903473999941234906815383247927857055      
