   9.58095387660863057338923417054502801E-0002
   1.05497331268042413978693414874628265      
   1.06922106040776983029939527376839930      
   1.08366279171575391274653137167096923      
   1.09830114739196931502473025992036825      
   1.11313880512092284542822729188792063      
   1.12817848000746890219556204924686085      
   1.14342292510822847541741156042970233      
   1.15887493197112573163667393498250181      
   1.17453733118317507230185426219547138      
   1.19041299292663889687881869132034992      
   1.20650482754370409898646002621264252      
   1.22281578610980112720839197565714932      
   1.23934886101570811445233304779462960      
   1.25610708655857924196441126556100949      
   1.27309353954203967543027988546486749      
   1.29031133988549177943194944346787447      
   1.30776365124277859494889177407705500      
   1.32545368163035877341793658344654654      
   1.34338468406513787002841948913959015      
   1.36155995721208222848939852075721926      
   1.37998284604204147785695141171933053      
   1.39865674249901476770339761134388235      
   1.41758508617874288623200789435615679      
   1.43677136501690435560852234876183231      
   1.45621911598830549280233378927246892      
   1.47593192581680130948054372086156919      
   1.49591343169618368945994003123315940      
   1.51616732202221282240675136448293396      
   1.53669733713597002880301543537821507      
   1.55750727007871286659516732592827754      
   1.57860096735841576386775080942166531      
   1.59998232972818521042443191238622448      
   1.62165531297673232277339884020537165      
   1.64362392873110360452955425933953896      
   1.66589224527185830286829350923754798      
   1.68846438836089285766148611091889240      
   1.71134454208211272777669333808289000      
   1.73453694969515521864352475253635106      
   1.75804591450236983866219847406868696      
   1.78187580072926562015520008694157018      
   1.80603103441863774304756585653132733      
   1.83051610433858865845073580089469882      
   1.85533556290465852410321226164476771      
   1.88049402711633099025387789070435890      
   1.90599617950807064526625949069833025      
   1.93184676911480182034115911787755877      
   1.95805061245335028829092828134863404      
   1.98461259451807231626277660601710770      
   2.01153766979242431948660981890549826      
   2.03883086327662021809184793537677152      
   2.06649727153040946250794737875718302      
   2.09454206373263622543961384913282903      
   2.12297048275732209673116692759230465      
   2.15178784626613890901936135876649528      
   2.18099954781798953124357961775052803      
   2.21061105799577626358488625767129096      
   2.24062792555063578836643124422460415      
   2.27105577856390047973322460301189871      
   2.30190032562704812365169708655835514      
   2.33316735703990438424511659618392515      
   2.36486274602736455768376235217175889      
   2.39699244997490326401649483417948819      
   2.42956251168314272900336004751849655      
   2.46257906064175219179891659642792378      
   2.49604831432295272981592109746288263      
   2.52997657949490540427609872181299950      
   2.56437025355524807410567537608272348      
   2.59923582588508975364712525723332419      
   2.63457987922370186260602349412185147      
   2.67040909106421760148622425238345086      
   2.70673023507060866790731641709475248      
   2.74355018251622336057455472487966968      
   2.78087590374416834370612292314909188      
   2.81871446964981637403394410709356356      
   2.85707305318572205183438932383110805      
   2.89595893088922712832535717050503951      
   2.93537948443303606365886297758731455      
   2.97534220219904136184209289830807275      
   3.01585468087567668840259240567415837      
   3.05692462707907388028194619552214077      
   3.09855985899829765972716362277680133      
   3.14076830806492913908848250513299336      
   3.18355802064724100263258015126607028      
   3.22693715976938005159628604117213133      
   3.27091400685543515822507629384117919      
   3.31549696349915997726387176136398181      
   3.36069455325921131176374127962808511      
   3.40651542348030434035725464656242629      
   3.45296834714049583001616931579657030      
   3.50006222472482535985475362181011938      
   3.54780608612553690887782475089488956      
   3.59620909256909405890057842018798736      
   3.64528053857018995481854161755872701      
   3.69502985391296056683570751693928166      
   3.74546660565954454054112307213709969      
   3.79660050018620984616494836860155754      
   3.84844138524716480733348658775235230      
   3.90099925206620970370436153066292984      
   3.95428423745636617997955477020920804      
   4.00830662596750482993693445790268186      
   4.06307685206228197592762405607089426      
   4.11860550232015761570811276371675922      
   4.17490331766976987887146809203223028      
   4.23198119564959908491758406544480988      
   4.28985019269693940284106716670060003      
   4.34852152646515280175595524521235302      
   4.40800657816915265097726197030885006      
   4.46831689495903417061854934211520867      
   4.52946419232173683340857453723652728      
   4.59146035651058969689648175524684582      
   4.65431744700255415584817699525357714      
   4.71804769898293973562615297687647957      
   4.78266352585732713338452754070077089      
   4.84817752179038860113457254983168594      
   4.91460246427124911018105509285694235      
   4.98195131670498146679728676566899669      
   5.05023723102977567921610597978432057      
   5.11947355035926764655978645532757158      
   5.18967381164944987046970608687426146      
   5.26085174838952783678788588651231760      
   5.33302129331601396427240928539115363      
   5.40619658114928295438364326166026781      
   5.48039195135173598481902637833182019      
   5.55562195090664105761125138603771056      
   5.63190133711663711737586962009321072      
   5.70924508042077257071264647856123125      
   5.78766836722893458249096835932877948      
   5.86718660277229285526359088570576630      
   5.94781541396840883782931795377123921      
   6.02957065229947046735934213427776528      
   6.11246839670202100722409939810324773      
   6.19652495646642555787950552906577851      
   6.28175687414417004369988535411364787      
   6.36818092846100290006481387909303427      
   6.45581413723369519523148721823388442      
   6.54467376028813053760112160202552956      
   6.63477730237622191686447830322956724      
   6.72614251608899975153423434646430095      
   6.81878740476303473305148139744345028      
   6.91273022537717088728835252229665852      
   7.00798949143634650215813771883755209      
   7.10458397583907291023779367191543356      
   7.20253271372492280664401435611340523      
   7.30185500529815066221488651641748436      
   7.40257041862332129419122012193350719      
   7.50469879238861106801984112970362532      
   7.60826023863205885996248734981124376      
   7.71327514542597098214996220289486723      
   7.81976417951418696584833584724511634      
   7.92774828889674033912987791741275936      
   8.03724870535607818558093144913711215      
   8.14828694691865035573222145045547482      
   8.26088482024542319966218489223120256      
   8.37506442294438194246932878797947347      
   8.49084814579779464387004974480330839      
   8.60825867489657873854504010415856105      
   8.72731899367370189428885144989681515      
   8.84805238482811422147270027848045860      
   8.97048243213026192055504381484292680      
   9.09463302209974127972078930345923777      
   9.22052834554522106676484892684571032      
   9.34819289895615347480304573321082677      
   9.47765148573536277366723597187282321      
   9.60892921726098999876259791952985122      
   9.74205151376572295250482781934362558      
   9.87704410502064212614166026156658473      
   10.0139330308103979314231247569191332      
   10.1527446411858027381064550598894711      
   10.2935055964792565671704093360172179      
   10.4362428670677490649119426819396582      
   10.5809837328674741800090046929077326      
   10.7277557825433695207902896867176520      
   10.8765869124161439663235633264628866      
   11.0275053250485878926908460400416071      
   11.1805395274921749863657160969844167      
   11.3357183291741193372846777341329866      
   11.4930708394042832060407927067792787      
   11.6526264644804073597264876147006036      
   11.8144149043692998037870477836798188      
   11.9784661489407276763572654990697314      
   12.1448104737298345536015742452503995      
   12.3134784352029943679035169562645670      
   12.4845008655010559341601415923692909      
   12.6579088666330482293625030882807900      
   12.8337338040922826854228168411764268      
   13.0120072998661168868601391038925694      
   13.1927612248093523178691903436704720      
   13.3760276903504561972603125758450575      
   13.5618390394988199923076070252271612      
   13.7502278371201698730016298121600964      
   13.9412268594464455165169215104077321      
   14.1348690827853617098969502365810538      
   14.3311876713940843485422157514509969      
   14.5302159644803958006365755388425930      
   14.7319874622939805780178144851503337      
   14.9365358112694857317374834902551395      
   15.1438947881823042896356001971873603      
   15.3540982832772137900834243130407373      
   15.5671802823292928329402317329342428      
   15.7831748475959083846815451740483595      
   16.0021160976179873049537181585924240      
   16.2240381858282523793726947713878126      
   16.4489752779236965568607104265345188      
   16.6769615279593061184026714906942242      
   16.9080310531197215058079947267924094      
   17.1422179071255002431878716897130208      
   17.3795560522306473918091250522495710      
   17.6200793297682329244463283192280117      
   17.8638214292012525709594686213159294      
   18.1108158556362979225399441639553533      
   18.3610958957583098864026937310922926      
   18.6146945821455435235330152020355135      
   18.8716446559247099918056919383001984      
   19.1319785277277865849413110159806157      
   19.3957282369132109518263346522050146      
   19.6629254090160026211632128688343774      
   19.9336012113932572753676336372664315      
   20.2077863070337567654070813606574361      
   20.4855108065028318525470898329644390      
   20.7668042179966104177500273585467389      
   21.0516953954827156987439175463948271      
   21.3402124849081291451271674711775980      
   21.6323828684586510582683503743338419      
   21.9282331068586118211573805991315613      
   22.2277888797041376035893797142211280      
   22.5310749238281950835675522807273630      
   22.8381149697011324499681669662031334      
   23.1489316758763266393734226811838948      
   23.4635465614968536147317071214760566      
   23.7819799368860523722989957255188105      
   24.1042508322520820764642791846958950      
   24.4303769245445505083218476554677640      
   24.7603744625096281572968560884319489      
   25.0942581899989453637116649654604879      
   25.4320412675969906935446569180753115      
   25.7737351926414820081574324370445581      
   26.1193497177213730542062894008869174      
   26.4688927677475690032252639478704974      
   26.8223703557018155596850755406483095      
   27.1797864971795004437415110891727655      
   27.5411431238517680294748619685893566      
   27.9064399959809092750810419190205923      
   28.2756746141298755461791211208150531      
   28.6488421302109677417133738432423067      
   29.0259352580191090044791760085024691      
   29.4069441833900884671805499183855853      
   29.7918564741116039153093488160295950      
   30.1806569896922885228888826915191303      
   30.5733277910575211663997646432297796      
   30.9698480501863076859917399765048066      
   31.3701939596250547615703547621316727      
   31.7743386417039850905160942916514056      
   32.1822520571307765641953391496786952      
   32.5939009124309535460335451541353924      
   33.0092485654294966369696847054393473      
   33.4282549276017387329777079807742492      
   33.8508763616359814651215454919746825      
   34.2770655719087381274192420490305766      
   34.7067714847268842497057088890888432      
   35.1399391140735132996650245997941003      
   35.5765094071162614873370893323439409      
   36.0164190617750178030120917633831827      
   36.4596003060286245335794789118486782      
   36.9059806251250485140821919877511030      
   37.3554824180997491918927691963554756      
   37.8080225584988449059365481687768903      
   38.2635118252043992118615370738631468      
   38.7218541566551421244982907279630315      
   39.1829456638494574283911821231768158      
   39.6466733116711279639469825123689331      
   40.1129131401132535304744427481137283      
   40.5815278401239574726702999643946402      
   41.0523634118324284489089715624396713      
   41.5252444967103449184305694482875652      
   41.9999677562183272711068291137980615      
   42.4762923067709819347129650787969127      
   42.9539255996086076653860167811840433      
   43.4325020282932112575777134492518363      
   43.9115494877341677572203704758906253      
   44.3904350674480610179981569856196075      
   44.8682726087192253573104397901069707      
   45.3437557383571414125292959494304807      
   45.8148322766769830584899522429840163      
   46.2780003586488633037061800520251317      
   46.7265455619082132826989849070422077      
   47.1449744739851592411044116459030506      
   47.4814687686863083267404468040450379      
