  0.311381000989780493635150110542713395      
   3.42866326621137845430753598342541821      
   3.47496844632525194847303463974729742      
   3.52190407307620021642622695793064986      
   3.56947872902390027383037334474119663      
   3.61770111664299924764173869863574215      
   3.66658006002427393213557666005229742      
   3.71612450660174254510658757139653319      
   3.76634352890615862781919028869313118      
   3.81724632634531898498102635213528188      
   3.86884222701157641485616074679113753      
   3.92114068951703832170599508519108842      
   3.97415130485685366342727392088573553      
   4.02788379830105137197008240533254615      
   4.08234803131538253638433661307328003      
   4.13755400351162894514840962776081911      
   4.19351185462784828315383569127059248      
   4.25023186653903043358389826575042862      
   4.30772446529866601360829389620127635      
   4.36600022321169807759236333970366814      
   4.42506986093926724259054519246096237      
   4.48494424963663480303509208808782363      
   4.54563441312179799503604223686761758      
   4.60715153008091438025402565665750994      
   4.66950693630493915572769763347595447      
   4.73271212696199285160758481513552423      
   4.79677875890460425581176709280009948      
   4.86171865301259699074480510150776776      
   4.92754379657219167282194193456953566      
   4.99426634569190259360980016497919913      
   5.06189862775581681643429380926690175      
   5.13045314391485123257019013062041211      
   5.19994257161660193387940371525522977      
   5.27037976717438004901354623066745782      
   5.34177776837608671472105134285350162      
   5.41414979713353948432195390502203140      
   5.48750926217290178739982986048640035      
   5.56186976176686636527425334876939216      
   5.63724508650925446059145544574314137      
   5.71364922213270197565214504072323251      
   5.79109635237011326550440028256010294      
   5.86960086186057266490458903372681359      
   5.94917733910041313996489135290777045      
   6.02984057944014020333543985034549540      
   6.11160558812807571832510314478916622      
   6.19448758340122959711534334476957321      
   6.27850199962310591610876713310206634      
   6.36366449047338843694551691438305981      
   6.44999093218373502785402396955560006      
   6.53749742682537903833148191144286876      
   6.62620030564901570879850578997450755      
   6.71611613247383075315082898096084579      
   6.80726170713106773267874500968169434      
   6.89965406896129681437629251467499128      
   6.99331050036495145431292441599110986      
   7.08824853040846597654163375768921630      
   7.18448593848627285665088033743169495      
   7.28204075803956631219090154372996395      
   7.38093128033267655913297995978867168      
   7.48117605828790640186801553131465450      
   7.58279391037968924879662893759775750      
   7.68580392458893481247222764455821571      
   7.79022546241843560805360821108333749      
   7.89607816297021386926092015443511272      
   8.00338194708569462334647893839075247      
   8.11215702154959637190174356675436922      
   8.22242388335844256389732084589224865      
   8.33420332405455624084344497226885160      
   8.44751643412654169935315708600830399      
   8.56238460747703105346957635589601718      
   8.67882954595870720483022882024621481      
   8.79687326397947817069877835555794633      
   8.91653809317772592186730285585892654      
   9.03784668716854711704489950023454966      
   9.16082202636190321561031834805408225      
   9.28548742285359666846176530245110136      
   9.41186652538998816705741080414137928      
   9.53998332440736720689130467715877228      
   9.66986215714688442598680191950123740      
   9.80152771284594923730842531844101478      
   9.93500503800699011091632513544695798      
   10.0703195417444673941132817740246032      
   10.2074970012110197020375681416822283      
   10.3465635671035332585558854916147289      
   10.4875457692504851676879296338094265      
   10.6304705222801642642314979549838332      
   10.7753651313722699261075832244329423      
   10.9222572980924367632321591587912775      
   11.0711751263109891061610776013278851      
   11.2221471282066114475525502763388537      
   11.3752022303556824195279492708828883      
   11.5303697799079949538529304404083913      
   11.6876795508495556914268798656109582      
   11.8471617503531173531602602570658620      
   12.0088470252171218422160494300526650      
   12.1727664683935197567586499844455743      
   12.3389516256051820000360821979550617      
   12.5074345020532856238338314101951457      
   12.6782475692151815370391749746545214      
   12.8514237717331900849335530031799262      
   13.0269965343943906972950369881837147      
   13.2049997692024164217647781822304058      
   13.3854678825405122510513664820794682      
   13.5684357824267521063322712991047482      
   13.7539388858611970259821482126956300      
   13.9420131262650530592334682917769505      
   14.1326949610117466057068545469401465      
   14.3260213790497461156761014035037604      
   14.5220299086168610545102853618744297      
   14.7207586250456447085778672460187133      
   14.9222461586594165149135657045522485      
   15.1265317027583010065065752345741240      
   15.3336550216945541407849971748485574      
   15.5436564590363131834997145072775065      
   15.7565769458187629536873607869529801      
   15.9724580088815596080884290517850621      
   16.1913417792911897670911819884242398      
   16.4132710008467709574523444342990426      
   16.6382890386676198513193059798146069      
   16.8664398878607120790265447823413507      
   17.0977681822659654695606291311650330      
   17.3323192032770453838853301775212499      
   17.5701388887351696017468406003958690      
   17.8112738418931419506618357295784171      
   18.0557713404465834372365670046225610      
   18.3036793456290706314715762653029366      
   18.5550465113675108548161010553240012      
   18.8099221934940373930956471678185324      
   19.0683564590099517796066703785437397      
   19.3304000953973287229452833497565259      
   19.5961046199732790189178619364027379      
   19.8655222892815682734783230438355555      
   20.1387061085158830631083929694637802      
   20.4157098409685526420246274008693538      
   20.6965880174982594252106451070523627      
   20.9813959460095093845023334592601240      
   21.2701897209364242472036452065829718      
   21.5630262327227212298095544854960945      
   21.8599631772892491924862616260089765      
   22.1610590654798628824173145416912128      
   22.4663732324758053836871456974641416      
   22.7759658471681261320139475862220451      
   23.0898979214769869582728294337251604      
   23.4082313196059991215930466573685678      
   23.7310287672189896521983811783568228      
   24.0583538605257942061214653962838991      
   24.3902710752629859710644836715367817      
   24.7268457755541912948780838868865432      
   25.0681442226344056919873771594083166      
   25.4142335834211076390070915035466296      
   25.7651819389144061021721032315914693      
   26.1210582924072541031380272096956118      
   26.4819325774856136561297197139802928      
   26.8478756657976253989021008997514075      
   27.2189593745692413130253185609332895      
   27.5952564738428325925776616706107504      
   27.9768406934138809002713803385153269      
   28.3637867294395311564387672121646473      
   28.7561702506913712197862759050614889      
   29.1540679044233512418038923982395117      
   29.5575573218241591590925652362425231      
   29.9667171230219684669857590122485597      
   30.3816269216074987931098986329351854      
   30.8023673286399290144185169085866727      
   31.2290199560982174959784432384720130      
   31.6616674197385995956406904128667812      
   32.1003933413170869099603958500914004      
   32.5452823501337932771251554599871859      
   32.9964200838538588988459789446407813      
   33.4538931885575838433038303420559575      
   33.9177893179701844609638137163038860      
   34.3881971318192910850292652519501311      
   34.8652062932659509425684414818323678      
   35.3489074653524678905515808110043854      
   35.8393923064079106512452496301352231      
   36.3367534643495687056885773151993505      
   36.8410845698158878461752026359322045      
   37.3524802280639204196325762970326556      
   37.8710360095613239191110847477769615      
   38.3968484392002243623079052969594072      
   38.9300149840573649481611128719766251      
   39.4706340396219622992051162970637950      
   40.0188049144097316956864301078598392      
   40.5746278128784317860204601752001949      
   41.1382038165574067454281350369125676      
   41.7096348632999187276241547338233888      
   42.2890237245648798822954520876508497      
   42.8764739806303950330748686169290355      
   43.4720899936389826410960158714964366      
   44.0759768783711649749997228319882681      
   44.6882404706405520872552968895203173      
   45.3089872932009479286799949088251303      
   45.9383245190524255571650882688884237      
   46.5763599320307741327622011922157377      
   47.2232018845612863520688705012384250      
   47.8789592524554368785578970767385848      
   48.5437413866258286281468213433292042      
   49.2176580615924889413157006408589213      
   49.9008194206509448177711290173823946      
   50.5933359175702017070557531320362899      
   51.2953182546867022502150218156571633      
   52.0068773172584587410995840154253809      
   52.7281241039418202329612580070103896      
   53.4591696532520138097973088862371907      
   54.2001249658677448848086823447562334      
   54.9511009226390948938759828620753220      
   55.7122081981578757903605829915673247      
   56.4835571697496040233796564198111113      
   57.2652578217467570044505670374910357      
   58.0574196449040708556182730192767745      
   58.8601515308179682482548185328548959      
   59.6735616612145071308087546260499511      
   60.4977573919730164514822994066154133      
   61.3328451317553074733684987994756433      
   62.1789302151153064010592608019369949      
   63.0361167699679355934355876196663014      
   63.9045075793020085187804418237117213      
   64.7842039370280861449448093211159084      
   65.6753054978597094875730144221366628      
   66.5779101211342035207780419571344137      
   67.4921137084889838576875889152768982      
   68.4180100353188260209177320257831982      
   69.3556905759514197216632942813271926      
   70.3052443224906159393721387165849777      
   71.2667575972904884187614869471775650      
   72.2403138590384472116654840712186605      
   73.2259935024416340215945449123639288      
   74.2238736515286804623965426401601929      
   75.2340279465980615779636237138476672      
   76.2565263248647742478780481447971816      
   77.2914347948796702099717361079361318      
   78.3388152048192667485089073502616557      
   79.3987250047697891520460048802702262      
   80.4712170031562915112147822874038400      
   81.5563391174965724320629111377465874      
   82.6541341196902197540201349837447609      
   83.7646393760848165265116554203948099      
   84.8878865825944624261704405528824901      
   86.0239014951795992604821078305791134      
   87.1727036560309005689764955071070044      
   88.3343061158333764421599110398114878      
   89.5087151525182460957933013979154204      
   90.6959299869379551440133862368169281      
   91.8959424959220955250821436426489135      
   93.1087369231856451605684649905374914      
   94.3342895885621042645573220276330307      
   95.5725685960177875183367872347531631      
   96.8235335408627127247553836520961746      
   98.0871352164999376993888687474371834      
   99.3633153209369437907992350904967844      
   100.652006163105499979473154923640618      
   101.953130368781427975103652976927941      
   103.266600585537951544177306447867077      
   104.592319185675023833634852236455755      
   105.930177965400599024609021750940030      
   107.280057837645864070151475292677888      
   108.641828514705650882177550937516305      
   110.015348175316939761645022848917713      
   111.400463108703398914112536659349386      
   112.797007325362373811543553889538756      
   114.204802120738918223911329949330826      
   115.623655573127849833845540330117822      
   117.053361950768807859789298230995341      
   118.493700994593029734133306463508198      
   119.944437031656407670767123960191099      
   121.405317858824184873651499888155307      
   122.876073315121245944293781548524887      
   124.356413431914297438549995490055216      
   125.846026009129211904619444865879856      
   127.344573407510736642271341900324651      
   128.851688262931165882827693165199028      
   130.366967705368073974041938931369611      
   131.889965480402861786178474884282568      
   133.420181088455392458954157577928926      
   134.957044614308620984899350706934588      
   136.499895207709563631097194619843703      
   138.047949997005691287817136506089976      
   139.600258198727974912504554538848155      
   141.155631591952936587127568710068455      
   142.712535835136045210966204046644528      
   144.268913969206198308494010203263721      
   145.821885978337482411258929317847661      
   147.367206149660709590720211835649053      
   148.898204899200194940092344789698078      
   150.403501165608805737045085169081678      
   151.861273076201693168771700947887164      
   153.221167040451767533589337849184910      
   154.314773498230502061906452113146364      
