 0.32306925572544E-03
 0.97359708128348E-04
 0.96708856425357E-04
 0.96062286391868E-04
 0.95419971254589E-04
 0.94781884339131E-04
 0.94147999072466E-04
 0.93518288985255E-04
 0.92892727714044E-04
 0.92271289003327E-04
 0.91653946707494E-04
 0.91040674792660E-04
 0.90431447338380E-04
 0.89826238539264E-04
 0.89225022706481E-04
 0.88627774269170E-04
 0.88034467775757E-04
 0.87445077895181E-04
 0.86859579418034E-04
 0.86277947257616E-04
 0.85700156450918E-04
 0.85126182159519E-04
 0.84555999670429E-04
 0.83989584396834E-04
 0.83426911878804E-04
 0.82867957783921E-04
 0.82312697907853E-04
 0.81761108174866E-04
 0.81213164638285E-04
 0.80668843480900E-04
 0.80128121015321E-04
 0.79590973684290E-04
 0.79057378060937E-04
 0.78527310849005E-04
 0.78000748883022E-04
 0.77477669128440E-04
 0.76958048681734E-04
 0.76441864770464E-04
 0.75929094753303E-04
 0.75419716120034E-04
 0.74913706491515E-04
 0.74411043619608E-04
 0.73911705387095E-04
 0.73415669807546E-04
 0.72922915025184E-04
 0.72433419314706E-04
 0.71947161081099E-04
 0.71464118859416E-04
 0.70984271314545E-04
 0.70507597240955E-04
 0.70034075562418E-04
 0.69563685331723E-04
 0.69096405730369E-04
 0.68632216068238E-04
 0.68171095783260E-04
 0.67713024441062E-04
 0.67257981734602E-04
 0.66805947483797E-04
 0.66356901635129E-04
 0.65910824261254E-04
 0.65467695560586E-04
 0.65027495856888E-04
 0.64590205598840E-04
 0.64155805359606E-04
 0.63724275836395E-04
 0.63295597850013E-04
 0.62869752344406E-04
 0.62446720386201E-04
 0.62026483164245E-04
 0.61609021989129E-04
 0.61194318292719E-04
 0.60782353627676E-04
 0.60373109666977E-04
 0.59966568203430E-04
 0.59562711149186E-04
 0.59161520535256E-04
 0.58762978511017E-04
 0.58367067343721E-04
 0.57973769418007E-04
 0.57583067235402E-04
 0.57194943413833E-04
 0.56809380687132E-04
 0.56426361904546E-04
 0.56045870030240E-04
 0.55667888142811E-04
 0.55292399434795E-04
 0.54919387212182E-04
 0.54548834893925E-04
 0.54180726011460E-04
 0.53815044208220E-04
 0.53451773239157E-04
 0.53090896970266E-04
 0.52732399378106E-04
 0.52376264549336E-04
 0.52022476680240E-04
 0.51671020076269E-04
 0.51321879151575E-04
 0.50975038428559E-04
 0.50630482537417E-04
 0.50288196215691E-04
 0.49948164307829E-04
 0.49610371764742E-04
 0.49274803643372E-04
 0.48941445106266E-04
 0.48610281421149E-04
 0.48281297960506E-04
 0.47954480201174E-04
 0.47629813723932E-04
 0.47307284213098E-04
 0.46986877456143E-04
 0.46668579343294E-04
 0.46352375867157E-04
 0.46038253122344E-04
 0.45726197305098E-04
 0.45416194712941E-04
 0.45108231744312E-04
 0.44802294898226E-04
 0.44498370773934E-04
 0.44196446070588E-04
 0.43896507586925E-04
 0.43598542220943E-04
 0.43302536969602E-04
 0.43008478928521E-04
 0.42716355291688E-04
 0.42426153351180E-04
 0.42137860496894E-04
 0.41851464216276E-04
 0.41566952094076E-04
 0.41284311812098E-04
 0.41003531148970E-04
 0.40724597979915E-04
 0.40447500276544E-04
 0.40172226106643E-04
 0.39898763633988E-04
 0.39627101118158E-04
 0.39357226914364E-04
 0.39089129473291E-04
 0.38822797340947E-04
 0.38558219158527E-04
 0.38295383662284E-04
 0.38034279683421E-04
 0.37774896147986E-04
 0.37517222076785E-04
 0.37261246585303E-04
 0.37006958883645E-04
 0.36754348276481E-04
 0.36503404163013E-04
 0.36254116036948E-04
 0.36006473486492E-04
 0.35760466194349E-04
 0.35516083937743E-04
 0.35273316588448E-04
 0.35032154112837E-04
 0.34792586571940E-04
 0.34554604121521E-04
 0.34318197012171E-04
 0.34083355589410E-04
 0.33850070293813E-04
 0.33618331661140E-04
 0.33388130322494E-04
 0.33159457004485E-04
 0.32932302529413E-04
 0.32706657815469E-04
 0.32482513876945E-04
 0.32259861824471E-04
 0.32038692865253E-04
 0.31818998303340E-04
 0.31600769539900E-04
 0.31383998073514E-04
 0.31168675500484E-04
 0.30954793515157E-04
 0.30742343910263E-04
 0.30531318577275E-04
 0.30321709506772E-04
 0.30113508788829E-04
 0.29906708613410E-04
 0.29701301270787E-04
 0.29497279151961E-04
 0.29294634749103E-04
 0.29093360656007E-04
 0.28893449568554E-04
 0.28694894285186E-04
 0.28497687707393E-04
 0.28301822840213E-04
 0.28107292792731E-04
 0.27914090778602E-04
 0.27722210116564E-04
 0.27531644230971E-04
 0.27342386652326E-04
 0.27154431017818E-04
 0.26967771071862E-04
 0.26782400666640E-04
 0.26598313762645E-04
 0.26415504429219E-04
 0.26233966845090E-04
 0.26053695298906E-04
 0.25874684189756E-04
 0.25696928027689E-04
 0.25520421434221E-04
 0.25345159142819E-04
 0.25171135999386E-04
 0.24998346962714E-04
 0.24826787104926E-04
 0.24656451611887E-04
 0.24487335783594E-04
 0.24319435034539E-04
 0.24152744894036E-04
 0.23987261006513E-04
 0.23822979131773E-04
 0.23659895145202E-04
 0.23498005037949E-04
 0.23337304917038E-04
 0.23177791005445E-04
 0.23019459642116E-04
 0.22862307281916E-04
 0.22706330495532E-04
 0.22551525969295E-04
 0.22397890504945E-04
 0.22245421019308E-04
 0.22094114543908E-04
 0.21943968224488E-04
 0.21794979320454E-04
 0.21647145204220E-04
 0.21500463360469E-04
 0.21354931385306E-04
 0.21210546985325E-04
 0.21067307976553E-04
 0.20925212283301E-04
 0.20784257936892E-04
 0.20644443074280E-04
 0.20505765936540E-04
 0.20368224867246E-04
 0.20231818310710E-04
 0.20096544810098E-04
 0.19962403005404E-04
 0.19829391631295E-04
 0.19697509514808E-04
 0.19566755572899E-04
 0.19437128809854E-04
 0.19308628314543E-04
 0.19181253257521E-04
 0.19055002887982E-04
 0.18929876530555E-04
 0.18805873581953E-04
 0.18682993507475E-04
 0.18561235837371E-04
 0.18440600163087E-04
 0.18321086133393E-04
 0.18202693450446E-04
 0.18085421865802E-04
 0.17969271176445E-04
 0.17854241220893E-04
 0.17740331875471E-04
 0.17627543050890E-04
 0.17515874689272E-04
 0.17405326761840E-04
 0.17295899267549E-04
 0.17187592233003E-04
 0.17080405714111E-04
 0.16974339800090E-04
 0.16869394620541E-04
 0.16765570356614E-04
 0.16662867257515E-04
 0.16561285664020E-04
 0.16460826041164E-04
 0.16361489022969E-04
 0.16263275472996E-04
 0.16166186565823E-04
 0.16070223896340E-04
 0.15975389626329E-04
 0.15881686681520E-04
 0.15789119017761E-04
 0.15697691983154E-04
 0.15607412815569E-04
 0.15518291334646E-04
 0.15430340919218E-04
 0.15343579913758E-04
 0.15258033698049E-04
 0.15173737815717E-04
 0.15090742858663E-04
 0.15009122397440E-04
 0.14928986491314E-04
 0.14850506132578E-04
 0.14773961042750E-04
 0.14699843375841E-04
 0.14629118651570E-04
 0.14564054570454E-04
 0.14512356139710E-04
