   64.8264879999999999999999999999999979      
   64.8260761916066182222629847932968157      
   64.8260622333143787043230015312348336      
   64.8260478019042392722817841839683380      
   64.8260328813398150032470740845212676      
   64.8260174550411658870178109666574622      
   64.8260015058663729646989204455102344      
   64.8259850160924899884430913650211188      
   64.8259679673958494355372555048882416      
   64.8259503408317009926009937875550189      
   64.8259321168131598838955390305334389      
   64.8259132750894416508311618522632115      
   64.8258937947233591968553114537182918      
   64.8258736540680570921228490688949086      
   64.8258528307429572847821067469363489      
   64.8258313016088894894144988119488261      
   64.8258090427423786171672554581603476      
   64.8257860294090606754117796449558129      
   64.8257622360361975963032677544404624      
   64.8257376361842604523344185458128308      
   64.8257122025175494817546443073736286      
   64.8256859067738182764158402484400153      
   64.8256587197328683780171192405065061      
   64.8256306111840793846243222156524872      
   64.8256015498928384864642337097791713      
   64.8255715035658321270238389649645830      
   64.8255404388151612210626727510624280      
   64.8255083211212400538662868908301852      
   64.8254751147944376344784355174577248      
   64.8254407829354188782468381585457703      
   64.8254052873941415492495173453854508      
   64.8253685887274633994302733206483457      
   64.8253306461553123969029905075742247      
   64.8252914175153713391690444090809529      
   64.8252508592162264961558009975947241      
   64.8252089261889282211926410608307968      
   64.8251655718369097033974887166847793      
   64.8251207479842082104905798993604545      
   64.8250744048219312847558117368595273      
   64.8250264908529084046373884331877706      
   64.8249769528344666081234977492114414      
   64.8249257357192664893888336815737358      
   64.8248727825941328248273999677159885      
   64.8248180346168118562111412002683637      
   64.8247614309505849547823289176155376      
   64.8247029086966660080681224338026191      
   64.8246424028243074084473949655341108      
   64.8245798460985369762661132836881579      
   64.8245151690054455177588730243520422      
   64.8244482996749419962653081079904877      
   64.8243791638008904812065437587003414      
   64.8243076845585401298816660370898605      
   64.8242337825191564491243648268984396      
   64.8241573755617589738829181285499219      
   64.8240783787818672843966733562061819      
   64.8239967043971539592661597257989760      
   64.8239122616498996246578415981861415      
   64.8238249567061417063289909351708243      
   64.8237346925514048171544571957376323      
   64.8236413688828969143026407144320652      
   64.8235448819980514329217461950436151      
   64.8234451246792915427953509978801958      
   64.8233419860748884763964928212400975      
   64.8232353515757815364469536761532106      
   64.8231251026882229036501645899623802      
   64.8230111169021057257256740584094417      
   64.8228932675548291720748905815702403      
   64.8227714236905491790215563361156907      
   64.8226454499146584830851957408267395      
   64.8225152062433342384638760329170046      
   64.8223805479479860339331583403436907      
   64.8222413253944314576205771381380660      
   64.8220973838766204992923942383294144      
   64.8219485634447240223813249217116692      
   64.8217946987273952752593518750318170      
   64.8216356187480069362594000432431288      
   64.8214711467346594924784313412334586      
   64.8213010999237498310134422867210801      
   64.8211252893568817652997744955444406      
   64.8209435196708928206862501905861680      
   64.8207555888807639540725668908550099      
   64.8205612881551709738511079638274646      
   64.8203604015844282497497203188743948      
   64.8201527059405668483780741588429294      
   64.8199379704292804899439782527961146      
   64.8197159564334636850150936879542094      
   64.8194864172480570673142831887223324      
   64.8192490978059052789714048330422346      
   64.8190037343943227776768640560697488      
   64.8187500543620526096950070424333806      
   64.8184877758162925172246460490400230      
   64.8182166073094517112769203164604790      
   64.8179362475152902298124937977537138      
   64.8176463848940810026602342310760718      
   64.8173466973464225466176600788734132      
   64.8170368518553176025548588234664677      
   64.8167165041161199872941094185878673      
   64.8163852981539384520279090880239228      
   64.8160428659280724010882236687711278      
   64.8156888269230399145015063395854440      
   64.8153227877257436189443478364129419      
   64.8149443415883045478977551859724866      
   64.8145530679760782058670687007854679      
   64.8141485321003505857923010674986657      
   64.8137302844351948649232546163782294      
   64.8132978602179519035580024293957252      
   64.8128507789327794735838663368132109      
   64.8123885437766963294956184398668315      
   64.8119106411075277825895986550983621      
   64.8114165398731393277294708932659043      
   64.8109056910213240791014735330954979      
   64.8103775268896882736188078118709350      
   64.8098314605748568742076408321870311      
   64.8092668852802983254127611374890888      
   64.8086831736420437550637450423987932      
   64.8080796770315513517415742943826725      
   64.8074557248349412511851285839633311      
   64.8068106237078000073558019766963882      
   64.8061436568047265764590466146552939      
   64.8054540829827636746373375962111414      
   64.8047411359778293511107872836942402      
   64.8040040235532336160031650714057571      
   64.8032419266193339426131592181557739      
   64.8024539983233513930040727093836623      
   64.8016393631083359578521571737861331      
   64.8007971157402354196688984375323556      
   64.7999263203019866047013307433033181      
   64.7990260091535112436312148887962158      
   64.7980951818564607739180280611318929      
   64.7971328040625152451613087392280352      
   64.7961378063640009896670936760430668      
   64.7951090831055498484877080229637666      
   64.7940454911554794520353656208836855      
   64.7929458486355292958421516966366459      
   64.7918089336075410764156920622764804      
   64.7906334827156239079990411884848876      
   64.7894181897822955752199673801001692      
   64.7881617043570398341417615073785259      
   64.7868626302156668982747145174206201      
   64.7855195238088095779179992838462427      
   64.7841308926578310200277970642389955      
   64.7826951936963615588420084450540848      
   64.7812108315556217697988092393258630      
   64.7796761567916263537286672331241802      
   64.7780894640522988954646240559348764      
   64.7764489901824607691383178610729818      
   64.7747529122645884273115323461990615      
   64.7729993455931619360222169571827330      
   64.7711863415803538234869542472576341      
   64.7693118855907310145974532732805320      
   64.7673738947025637416960791946616691      
   64.7653702153932537667602925693346981      
   64.7632986211463099304427151726166485      
   64.7611568099772118657051504724069054      
   64.7589424018754125811781765137816396      
   64.7566529361596374317162828629722683      
   64.7542858687435406473505075984478498      
   64.7518385693086809799048236744452356      
   64.7493083183816750382489492357468656      
   64.7466923043122804040667804306319349      
   64.7439876201490505318052090444833821      
   64.7411912604090896168011262295737827      
   64.7383001177383179379869208377053818      
   64.7353109794585365152817630714471699      
   64.7322205239974541315901337649859788      
   64.7290253171977097154706015857320772      
   64.7257218085007886184890971150585014      
   64.7223063270015923016157736718413715      
   64.7187750773692772132823934123114752      
   64.7151241356298300381713101864697787      
   64.7113494448056928553271978946734363      
   64.7074468104075928960412430901900960      
   64.7034118957735673596403053856575714      
   64.6992402172500039463232994274211879      
   64.6949271392093422118407534007244756      
   64.6904678688988993440327046285737525      
   64.6858574511150963043341501443602242      
   64.6810907626971662597991989022553796      
   64.6761625068342266373898466229999357      
   64.6710672071793887393202703625729864      
   64.6657992017643644356847635300881678      
   64.6603526367078077601575505438924287      
   64.6547214597104000298902141185830992      
   64.6488994133294501371519084914329401      
   64.6428800280255366544305594238886001      
   64.6366566149734650843859626219195560      
   64.6302222586295516897361053993351209      
   64.6235698090469745648433073571274244      
   64.6166918739306526595598076129217524      
   64.6095808104228240257075194250993784      
   64.6022287166101953057738435645176839      
   64.5946274227432250894730103124432873      
   64.5867684821577838829475386520529968      
   64.5786431618891027121109549861535448      
   64.5702424329675804484565724381283635      
   64.5615569603856664226169643729853777      
   64.5525770927246693852150222167173265      
   64.5432928514299659799450700422707685      
   64.5336939197226911904396456686579486      
   64.5237696311355892761591830286205106      
   64.5135089576602860744171408584559873      
   64.5029004974928117516367891081568145      
   64.4919324623637566572123327032222685      
   64.4805926644389813718373655799704930      
   64.4688685027763248359741968789851492      
   64.4567469493232610629901793210788736      
   64.4442145344399448371297609474560021      
   64.4312573319315594020884744215524301      
   64.4178609435733338754594317079992373      
   64.4040104831110343718219000251857876      
   64.3896905597191499562855283665293464      
   64.3748852608983919332095208101078536      
   64.3595781347935019319469641547745162      
   64.3437521719117200904866571555781060      
   64.3273897862215986429774627774218626      
   64.3104727956111576482605736621828194      
   64.2929824016836676885557906681934075      
   64.2748991688686083292668547395457768      
   64.2562030028245901445921154214311610      
   64.2368731281102413336317616575982304      
   64.2168880650982465036905401365381536      
   64.1962256061068841775705496735399934      
   64.1748627907225400552792386659129124      
   64.1527758802857740615132752669965167      
   64.1299403315125897395391641526816870      
   64.1063307692215935768354550588659084      
   64.0819209581367383002399727443941724      
   64.0566837737343169543146734894200684      
   64.0305911721018125347347800254094644      
   64.0036141587751099085719351225129356      
   63.9757227565194414952158983307043356      
   63.9468859720182644438510732472722290      
   63.9170717614330535215989922861700527      
   63.8862469947957392721733884186202135      
   63.8543774191942238239812704154446349      
   63.8214276207100655775959041883731644      
   63.7873609850660373951222405923291233      
   63.7521396569398293073545642999975395      
   63.7157244978986845557462279427688375      
   63.6780750429082253480321410389380450      
   63.6391494553671403259994522185464787      
   63.5989044806177676608049819618794333      
   63.5572953978809140851285683178296359      
   63.5142759705614991603707680998325626      
   63.4697983948698037153032915591546706      
   63.4238132467012296683617702128660230      
   63.3762694267155432792468175843072309      
   63.3271141035545731162867162506595404      
   63.2762926551352654508418129292751864      
   63.2237486079528611002671429451150419      
   63.1694235743267465600539388339483577      
   63.1132571875192461366473468037813395      
   63.0551870346552581747082017517783669      
   62.9951485873681947397659953242312642      
   62.9330751300951575537881002748330703      
   62.8688976859416707796142527955253074      
   62.8025449400335905077602919687036834      
   62.7339431602710185146784086757839214      
   62.6630161153961609323471416660001651      
   62.5896849902840876870569291789559448      
   62.5138682983622626137246401140009174      
   62.4354817910615236018606367818186038      
   62.3544383641978934350405149481978928      
   62.2706479611811914818454846604874272      
   62.1840174729428902929307447055455717      
   62.0944506344720155379048225398056627      
   62.0018479178441185259896486227100921      
   61.9061064216244536076047479669222512      
   61.8071197565224637197375088810148402      
   61.7047779271705117391057471340194667      
   61.5989672098954885148169746439702541      
   61.4895700263474756807130234578018495      
   61.3764648128450376488769408169584918      
   61.2595258852919574441769195782367112      
   61.1386232995153099661379765274883950      
   61.0136227068696783905002993074512639      
   60.8843852049470590948269300263504180      
   60.7507671832265618651126493436881300      
   60.6126201634923891700416733129892605      
   60.4697906348427647280207776830811466      
   60.3221198831064709792657944217964652      
   60.1694438144774407319659634736806720      
   60.0115927731714232724271726114029223      
   59.8483913529021024745749564018668744      
   59.6796582019671765327594597762366267      
   59.5052058217278082417280914189987544      
   59.3248403582575133685199937737930920      
   59.1383613869289644450465242361028608      
