   277.063994752807950380999828051341283      
   277.054327991376201872858282694803601      
   277.038180672286390947920480206513757      
   277.015523493952360541480196409176781      
   276.986326291110700385165973386657111      
   276.950559521761461566143695105998033      
   276.908193777877008830408584017920801      
   276.859190377947509988486453225391652      
   276.803470584071385063914127993006618      
   276.740852568603870413617573552783130      
   276.670950443323643740882876193153135      
   276.593034069136276088709533796784364      
   276.505859295301664528868326145628015      
   276.407496865797100674304185923767423      
   276.295200268876372524960081621756570      
   276.165346449794537231995037219191322      
   276.013462131431665064295983393521389      
   275.834325168026906527362065119775922      
   275.622115077396167800148664826419869      
   275.370582587102514800296414454945769      
   275.073212205876139445784726023237301      
   274.723360191826251983304784075845980      
   274.314359164789847931724504667024021      
   273.839587812406994375083674853093919      
   273.292508852706346344375732518685098      
   272.666680758380754453231372601913590      
   271.955749273043072204526237867794329      
   271.153424142051729950589120576547377      
   270.253445325507860507368470840382235      
   269.249541675651500194871308528942549      
   268.135383889698223146706300838793588      
   266.904532588454791701723977842107702      
   265.550381632717700930844691266821593      
   264.066096226044762882875118020086036      
   262.444544902643664735212897635251921      
   260.678224099165243870508603474885024      
   258.759173588363571822843074080269337      
   256.678880567105112864677514977284835      
   254.428169562677117558189413239733603      
   251.997074497721535303520395537989370      
   249.374688134706535247535293386353769      
   246.548982568618165559689812448570906      
   243.506592276625822695562173781271575      
   240.232548139551367844893380747684655      
   236.709946375727462346602059024605309      
   232.919529692000067705658845211846139      
   228.839147934745479669673688493757120      
   224.443049987155701712210427292572433      
   219.700933966974201303562501880493660      
   214.576642327635963669336520669288493      
   209.026319967176478664495591474022795      
   202.995732872122050885832434309381008      
   196.416222810709359649306659215483997      
   189.198342433636339064009456660095781      
   181.221322680687102755693935778127678      
   172.314528838752229478135350309803242      
   162.222159938796126148449849513379782      
   150.528959195525874475278364808447487      
   136.482461361284529797611878280484644      
   118.498006611165115637872586080682298      
   92.4276010814913410275693079886989106      
   24.1799161937177565132237449856875114      
