   18.7786855331590000848092430367807878      
   13.2955293881793539121888314243423189      
   10.8593957174084198165718313696020480      
   9.40546479495375721899228953923245852      
   8.41248914874251528796628470170392797      
   7.67903096982492585860408296187391949      
   7.10863424647738166237154461214164035      
   6.64855813358481353143172886942454798      
   6.26721234626003875433810745013273112      
   5.94436712097621516487691725503477848      
   5.66638504739679547359821391859458027      
   5.42368860282142413627996546740891305      
   5.20932105608206212694710095231252575      
   5.01808334350551973452892835457875804      
   4.84599344654137277073751895821360704      
   4.68993573751647017971914570431972487      
   4.54742693763583999688678686648156604      
   4.41645600783585969690354429753984366      
   4.29537209181029179045064318475511950      
   4.18280431715446061603046025071127676      
   4.07760309777854895128881500577434341      
   3.97879621466394661341461812186061301      
   3.88555526091199846316170492625575347      
   3.79716951939760955142683650047895028      
   3.71302529705808364198738792884505877      
   3.63258935756904647534625298950710054      
   3.55539549523170761351448493100398018      
   3.48103355629761944908774282289569011      
   3.40914039043863519912696564051356527      
   3.33939233677096985607733629528480182      
   3.27149893570019624961370992797717241      
   3.20519762187257176898518867843523152      
   3.14024920197825082368047748671621273      
   3.07643395834669057615352229815490670      
   3.01354824791782432381991040211317744      
   2.95140148802715519301520457279752340      
   2.88981343657319726915856627083836750      
   2.82861168549408846232551789422685264      
   2.76762929332142567086270347442612206      
   2.70670248526952575098300210290283521      
   2.64566834755268674820151499127658024      
   2.58436243567554237914536830571614253      
   2.52261620322015909450442146976224415      
   2.46025413559249778618163462461274836      
   2.39709043876688922276406976642747743      
   2.33292507975991857097094924434621320      
   2.26753889315054575381584153889360490      
   2.20068733841979085037629120115366506      
   2.13209228539148574129121688721017351      
   2.06143086349427242538438484452557935      
   1.98831983043217890212570202930197601      
   1.91229289247117647572653713712874902      
   1.83276652111823837170877658495007985      
   1.74898614021418092956318600687580102      
   1.65993694914740938288861152420824208      
   1.56418661470965645069319007032412164      
   1.45958518244217620011693622803049122      
   1.34263224866844718138478110492483776      
   1.20696037646277266138651497147645250      
   1.03911028479100668229337495835064388      
  0.803756049440575212697911292833084675      
  0.208082265031301218251986135435322939      
