   7.42015745379300817514444277424859982      
   7.51331209530778428037012198120568727      
   7.60741270480486471060073170183943934      
   7.70199540265814743579700265115241228      
   7.78086324807973698630148824325443391      
   7.77454366607585161409257930727049878      
   8.31771811029413180343036370642863922      
   8.43413984957864900018599495211488365      
   8.55056315784775316772415328214306725      
   8.70361520408026093353135186716293375      
   8.90797884215644340944257699536761262      
   9.17509550671037808015611168893865056      
   9.51865266981171794731824874403036245      
   9.95782507732116331265034387055323531      
   10.5184403283490024737374190167742395      
   11.2291805072718362761247551827150387      
   12.1116819006317783083444704255626966      
   13.1668565860309883643817639736579994      
   14.3575675962628691632165785814171573      
   15.5853369720293923876846522512268767      
   16.6647415121610224223629265905133130      
   17.3053648464219638536169779215808755      
   17.0839252835477362671968075992197054      
   16.6892986791152545852629602251898826      
   16.3255934669504201118958643156540966      
   15.9891643881627930382789276742998495      
   15.6769385842351175732640218215408493      
   15.3863050354296322352990808586294978      
   15.1150290208335527937192019455424527      
   14.8611851720777672047601128288842961      
   14.6231045258621383549445524948308605      
   14.3993322426912990239363093311037128      
   14.1885935423459783131677309154534371      
   13.9897660335842438468174243450620061      
   13.8018570666259009055732828743452470      
   13.6239850655419112271976774739698475      
   13.4553640398085627819131396358016828      
   13.2952906545844574129117746994293763      
   13.1431333749146891883885746134230646      
   12.9983233020458646619745019925353757      
   12.8603463989089926098116384530627642      
   12.7287368627173099445386312912974627      
   12.6030714500136550121472056163399774      
   12.4829645966564540817708528107156741      
   12.3680642045170110016891720748267600      
   12.2580479899491770984901751388488602      
   12.1526203077052472513224398443735931      
   12.0515093788927671402033187750615101      
   11.9544648636829824577860368285863594      
   11.8612557292709832579553981532579424      
   11.7716683716142377951805411763815634      
   11.6855049560585835150547074937559864      
   11.6025819473567729813005848398676220      
   11.5227288040939508553306061493977325      
   11.4457868162422489891198976470134676      
   11.3716080676920477847570258299527660      
   11.3000545081912703497260833140062490      
   11.2309971213430383530612811966483272      
   11.1643151771206988984570626954494002      
   11.0998955589658552483531299014289589      
   11.0376321568303792437902019392169224      
   10.9774253186418901629766774762262749      
   10.9191813536959551242526079892109107      
   10.8628120822389485424817913760980714      
   10.8082344262623702735423099111414553      
   10.7553700371091852136922635847773523      
   10.7041449560505830284478922868412246      
   10.6544893044249692275688902982067313      
   10.6063370003435336291314165007939483      
   10.5596254993025556295680278318225887      
