   164.465170905965619672182821665525820      
   156.488490582280576081830705840626086      
   146.290385389547602740893410506697369      
   131.455558765256771274106786101820732      
   108.378727387227016897597067506278990      
   63.3355799757934367802971138646701588      
   5.71995673816176703294132243029645480E-0004
   5.42175976189679341896915139210230474E-0004
   5.61719722289585725066133798886687935E-0004
   5.54112054796668038441529759720052410E-0004
   5.09085195023606578937177934371071163E-0004
   4.49674847696884514037105630619748947E-0004
   4.38698165662355889627041204781536015E-0004
   4.49518846151932397799100622460693989E-0004
   4.87818220674480621831709774094390628E-0004
   5.15525025126057728793829762292912432E-0004
   5.47708078589065903759351791045418976E-0004
   6.19301950882463077650230850655894186E-0004
   6.22973660560935941423208995039961233E-0004
   5.44625583919927061536360193220904269E-0004
   4.89174365161109440748600047051747982E-0004
   4.05740335733045563233652020229375973E-0004
   1.32542378193275480135695192751991129E-0004
   1.29480965927377079210911759465232946E-0004
   1.26659325365592073584740880766353095E-0004
   1.24049195941831490030602844274131245E-0004
   1.21626756502371816302634008497057868E-0004
   1.19371767199647988114683738704246939E-0004
   1.17266905656160519091357269563393326E-0004
   1.15297247516088633992482482024246952E-0004
   1.13449855710914150299034941834473112E-0004
   1.11713452553747674653487538326882105E-0004
   1.10078155629761279520990089459763578E-0004
   1.08535263318872878851271206239026930E-0004
   1.07077079292072722268917626280675343E-0004
   1.05696767877618442745064158267886814E-0004
   1.04388234076783786737348986540260730E-0004
   1.03146023411446995200243799410682802E-0004
   1.01965237840907321232219685019973331E-0004
   1.00841464786059661571811298621256045E-0004
   9.97707169120589743539101589050294055E-0005
   9.87493807935654018498377394679751218E-0005
   9.77741729545087713297791669115131794E-0005
   9.68421020625428060387376595733774520E-0005
   9.59504362853971685900702498576288550E-0005
   9.50966749967960037632903744324310563E-0005
   9.42785241637754098137017496801287387E-0005
   9.34938748627567880504865217299446177E-0005
   9.27407844655149355394325648196041840E-0005
   9.20174601119349280623226942178800776E-0005
   9.13222441485580470709567447908714341E-0005
   9.06536012628438441502000028031927785E-0005
   9.00101070848217854913285356186075805E-0005
   8.93904380626931226747936006160489549E-0005
   8.87933624476305472972687761472803647E-0005
   8.82177322472060550011934747960943739E-0005
   8.76624760268712367008459271003366477E-0005
   8.71265924560873617768512039518474614E-0005
   8.66091445097010270577822532432584737E-0005
   8.61092542475984865970182722014725850E-0005
   8.56260981056996217876580628063198001E-0005
   8.51589026400127361651662303768998082E-0005
   8.47069406733999407271658068189629972E-0005
   8.42695278005933633087243011421823258E-0005
   8.38460192128653329343181169448446138E-0005
   8.34358068082465196844384293601591549E-0005
   8.30383165575080833478369860337317899E-0005
   8.26530060994818796736480517783819279E-0005
   8.22793625424896589362417379969547617E-0005
   8.19169004512546313989823549869156463E-0005
