   3.10768645132679923697331926027570980      
   2.94210167413590181593446454663593712      
   2.74874687032346720540818071366271280      
   2.49247791503764783415251305523006511      
   2.12010229940033886899562203981210468      
   1.39688449310690518619592860819265208      
   16.3338667971703055448603360303161413      
   30.6009684608518858891822757595235361      
   42.2900088685608844382496922830503229      
   52.8080330048670759436724995763057282      
   62.8151355444812493951401778113828377      
   72.8648853148912469001306345713225780      
   83.6268509127878266204326410523811976      
   95.8658124855343957489959736577790074      
   110.375704748136027552680953776477190      
   128.200940076022286883778281383200532      
   150.189347317392604973524538461552390      
   176.526693600879774698665721224701250      
   206.462181809105052971252148842664522      
   237.843967298536545523999632164694219      
   266.561544396048273383428326111888049      
   286.009021418992304542392649443542056      
   285.939290058873021521508041857036361      
   281.804638341411898430735413661947995      
   278.345634133191546009955949476780287      
   275.469840188137052042699565264180960      
   273.097973790845419087260978756834160      
   271.161849504570955397602209469113321      
   269.602752955273116415429406004234539      
   268.370110081211940264903252401248051      
   267.420367131589571876204115911844998      
   266.716029488818632791626324487318282      
   266.224827483024450246882694143999822      
   265.918989010649615891798245650013702      
   265.774605144220459911839985637028812      
   265.771078235036606406087018330878464      
   265.890643680058261138815883787795042      
   266.117957392205199519868123031151945      
   266.439741551887689255787269709388152      
   266.844481666671713844239406947909070      
   267.322168431780832383553780200062566      
   267.864078397980797191103987751599895      
   268.462588010198733426987220277277854      
   269.111016159143630738404825711590505      
   269.803490964215443918186279704389641      
   270.534837059841587135929635074293811      
   271.300480173215915096886767386133861      
   272.096366249013367401129486348345594      
   272.918892793828825377827930311040743      
   273.764850477023337120467668766982248      
   274.631373339524010570574551962644873      
   275.515896231039935068949970981372526      
   276.416118323206946087603258598682378      
   277.329971738138887243326033933182491      
   278.255594491573347093464537575887437      
   279.191307083649516859827315191954795      
   280.135592180791291856204346470775571      
   281.087076924896977544717344431555190      
   282.044517481364984091430120727245442      
   283.006785501611016994686682802938069      
   283.972856227402619936575516325468116      
   284.941798007193162150999037559949274      
   285.912763032082146787639459156193002      
   286.884979127283155859289396161389792      
   287.857742460904084251629870112731881      
   288.830411051758887298839187289764234      
   289.802398975979434173402015601179209      
   290.773171186058382028284033582527400      
   291.742238868508641924967017443810339      
   292.709155276329945851874020582030920      
