   62.9823229032430512273275814196751897      
   62.4662052139981872231403417324823990      
   61.9193268187997714701104688706809787      
   61.3387649352270507590178948586297879      
   60.7212037554278737581283131919203148      
   60.0628563882281280573796891972453609      
   59.3593682857946949563107969637396015      
   58.6056965921462358990547622988854036      
   57.7959578410149537599094761188565516      
   56.9232336665955769658291704999088895      
   55.9793204235493716144724331351588401      
   54.9544035692707738337399455460159931      
   53.8366310926148804774310356459679069      
   52.6115519306262207642003575044805804      
   51.2613742930901855071555775366509286      
   49.7639799806251811158888916490855131      
   48.0915811829260361420989862815202836      
   46.2087472355012856774006617958589401      
   44.0690627339648330501162776970462951      
   41.6085839741247375122888544037664813      
   38.7321737533936678645903154644119633      
   35.2842131192196258129864355642900693      
   30.9784087401882128366316120465391576      
   25.1735566791023610360715883420383853      
   15.4866579363739184838339181375741361      
   1.68410195668163722137813148186601997E-0004
   9.13448250512398104766528935535430039E-0005
   7.38051987637356163363937999811168679E-0005
   8.20629884907396722604500745330559037E-0005
   9.62838978845544002860109213928279101E-0005
   1.02219020026008715480503802904386105E-0004
   1.06514215999153674153615026849399727E-0004
   1.08830457082086094266910549126080417E-0004
   1.09476101361183285944837784892636796E-0004
   1.08402947811624331068494336997775395E-0004
   1.08239546605994220697660932298440402E-0004
   1.08986225619632895590988032755940660E-0004
   1.08292399336558435795212055456279416E-0004
   1.08366922354381713905122391089800438E-0004
   1.11800920360677954438610841460719745E-0004
   8.49779679658098977086284823711662554E-0005
   1.02213203371151148399966150682818570E-0005
   1.02087860517469369376816943837165492E-0005
   1.01984569688699654511948975115459320E-0005
   1.01898564773994442480371930117295506E-0005
   1.01826279580479222500356818608546819E-0005
   1.01765007308698897940061657857887252E-0005
   1.01712666561222969093935337028903041E-0005
   1.01667637727193524858130988590215170E-0005
