   5.75680180862408560397390407212777481      
   5.75669483844748553749662537454423222      
   5.75657281116874172590893636853798837      
   5.75686846109425605817992539478585772      
   5.75849159591514297805170818731233898      
   5.76234932699345716306436240168979918      
   5.76900803278010026999492838617011493      
   5.77868376216634064563249945422357278      
   5.79136490314751385852821556888452891      
   5.80694104595006947298928129086828801      
   5.82530332474434893381516375450247129      
   5.84641180012005187767168366946750604      
   5.87032878325605649282467937936960830      
   5.89721995411038293242720669629091836      
   5.92733130212599078217313587834584537      
   5.96095419941857461150923514639925010      
   5.99839056984505267903726738403902727      
   6.03992623314904975907467020753736381      
   6.08581557325047077153939717011121195      
   6.13627667641315940656845724470195315      
