   5.75680180862328832789351820703013421      
   5.75669425692907361772361239387902961      
   5.75651514666352854602875822323991514      
   5.75626476313267439474937748296155174      
   5.75594350843005768889961043856727444      
   5.75555190163274609176035891017795463      
   5.75509057509580386076024806077874892      
   5.75456027248649063107003840409007169      
   5.75396187379793390076620607339907710      
   5.75329650128501360239674555595721688      
   5.75256576674492793980951904424559018      
   5.75177218316638943824139637888336512      
   5.75091970639349359446522110523938831      
   5.75001433438656025115355122090335654      
   5.74906468867671194153790941601839968      
   5.74808252162881786728117302657901200      
   5.74708311420672120664393409958147342      
   5.74608554155321470032698711791356650      
   5.74511278871629973334020943438599775      
   5.74419170242830851504997474263195297      
   5.74335277167690959877471991676389782      
   5.74262974095008918920163487571910190      
   5.74205907349808217202393390943099838      
   5.74167929457512290867673999717765551      
   5.74153025371545111714989341652180302      
   5.74165234925998141903587636479804589      
   5.74208575762271506991447724206724040      
   5.74286970474397089079160695967392562      
   5.74404180967875420853294810840364582      
   5.74563752119381542514207683898926429      
   5.74768965940716698048359577959686262      
   5.75022806633864665825853384118154960      
   5.75327936269037145228833853355020660      
   5.75686680310061852544629288197879040      
   5.76101021889361624147899706336362088      
   5.76572603539520389656666759719506062      
   5.77102735036230689622617423220021763      
   5.77692406022065660647455533391944845      
   5.78342302188889688995239717631066457      
   5.79052823912930451149985857385736661      
   5.79824106407874803261081604685817587      
   5.80656040598489105584376852568426215      
   5.81548294089908434074252907793572089      
   5.82500331732792601376408035961650380      
   5.83511435415865539577125569688758812      
   5.84580722820646195746535911848563436      
   5.85707164961215495583170870023050711      
   5.86889602404563494311705117928576244      
   5.88126760119669828615710421365214377      
   5.89417260946524902344210238301233333      
   5.90759637711092418277037170464424559      
   5.92152344028643536884424046295771741      
   5.93593763852078307618241205945827235      
   5.95082219834782234726472869134412559      
   5.96615980569785011080529330418949577      
   5.98193266779914975424126340773085691      
   5.99812256511880837682472922581095648      
   6.01471089396324106108108130087478306      
   6.03167870018313056239945691521789060      
   6.04900670433563698151304352551591978      
   6.06667531853660777229361399679571928      
   6.08466465512364030498034533930174775      
   6.10295452707173378543420239371175083      
   6.12152443993292938329801966892304258      
   6.14035357486355712307407497943942431      
   6.15942076209257504278366322690818414      
   6.17870444387222804958910136669319512      
   6.19818262565107213781456320107627056      
   6.21783281373722073352108651795675291      
   6.23763193729412945454540577212960945      
   6.25755625176081578664536637068150716      
   6.27758122001736542540419611156984712      
   6.29768136650734251010146789037099671      
   6.31783009808011270871323379591522873      
   6.33799948340904015541335766551794678      
   6.35815998029851920704492508883381865      
   6.37828009653587882889316130440904182      
   6.39832596512258886293672068909396767      
   6.41826080764187539743535380490994432      
   6.43804424959400787930628402928509854      
   6.45763143673747280741726069533802101      
   6.47697187970363144671112832417184671      
   6.49600792065203880739865421663723944      
   6.51467266350849440463632180363142208      
   6.53288712529516317062299070797538617      
   6.55055622683359645534269801032173486      
   6.56756300214189270466721234098023267      
   6.58375997931477634806622306053802279      
   6.59895588975183395222783972182619893      
   6.61289429717709831053724206917524247      
   6.62521746580219015317643640119467551      
   6.63540141299020647299636192987057500      
   6.64262979245288608003794176429757384      
   6.64552241448816783196578087894185046      
   6.64145608191820175516395577254595977      
   6.62439054567293017438529399447031476      
   6.57354174573741831947136681792918486      
   6.85164066002252829984241263019419501      
   7.11982030664173312356755440671050559      
   7.24472867590639923861354587428779711      
   7.34357853617218107911800912259847043      
   7.43119940547711069191507134052875692      
   7.51263173158089775792034447964881597      
