 0.26859175941275E-03
 0.26859428523846E-03
 0.26859851776011E-03
 0.26860447969397E-03
 0.26861219696175E-03
 0.26862169767067E-03
 0.26863301109030E-03
 0.26864616694505E-03
 0.26866119635854E-03
 0.26867813736101E-03
 0.26869704844709E-03
 0.26871803203993E-03
 0.26874126686592E-03
 0.26876704590375E-03
 0.26879581554554E-03
 0.26882821164585E-03
 0.26886508877560E-03
 0.26890753995133E-03
 0.26895690521371E-03
 0.26901476856647E-03
 0.26908294382969E-03
 0.26916345081016E-03
 0.26925848378752E-03
 0.26937037464109E-03
 0.26950155301814E-03
 0.26965450581087E-03
 0.26983173793014E-03
 0.27003573597587E-03
 0.27026893599136E-03
 0.27053369606109E-03
 0.27083227413627E-03
 0.27116681114346E-03
 0.27153931918231E-03
 0.27195167442809E-03
 0.27240561424328E-03
 0.27290273793400E-03
 0.27344451057838E-03
 0.27403226936310E-03
 0.27466723191580E-03
 0.27535050616671E-03
 0.27608310134871E-03
 0.27686593979673E-03
 0.27769986928526E-03
 0.27858567569229E-03
 0.27952409583753E-03
 0.28051583038943E-03
 0.28156155677790E-03
 0.28266194208796E-03
 0.28381765593931E-03
 0.28502938338611E-03
 0.28629783789889E-03
 0.28762377451065E-03
 0.28900800323186E-03
 0.29045140286495E-03
 0.29195493536513E-03
 0.29351966092887E-03
 0.29514675400814E-03
 0.29683752049126E-03
 0.29859341632402E-03
 0.30041606789118E-03
 0.30230729453415E-03
 0.30426913365061E-03
 0.30630386890403E-03
 0.30841406217601E-03
 0.31060259002445E-03
 0.31287268557668E-03
 0.31522798699276E-03
 0.31767259390171E-03
 0.32021113355027E-03
 0.32284883885086E-03
 0.32559164108297E-03
 0.32844628076312E-03
 0.33142044120055E-03
 0.33452291060049E-03
 0.33776378040203E-03
 0.34115469004269E-03
 0.34470913180874E-03
 0.34844283433082E-03
 0.35237425026699E-03
 0.35652518387494E-03
 0.36092160917028E-03
 0.36559475199754E-03
 0.37058254416952E-03
 0.37593161278973E-03
 0.38170005692385E-03
 0.38796141253993E-03
 0.39481046385120E-03
 0.40237202208093E-03
 0.41081466564905E-03
 0.42037317659284E-03
 0.43138712355072E-03
 0.44437167090175E-03
 0.46015901425523E-03
 0.48021534219801E-03
 0.50747889560632E-03
 0.54923520750953E-03
 0.63353252428310E-03
 0.18768158058015E+01
 0.90327293859586E+01
 0.14975253535387E+02
 0.20513553283779E+02
 0.25842452369950E+02
 0.31055546094664E+02
