   1.84051559052455421330919815460376769      
   1.84058431708064881109685065965488251      
   1.84069880964711241734884214638140194      
   1.84085889854699097883080726313395587      
   1.84106434439470447478692485755478386      
   1.84131483783408743512672191629043058      
   1.84161000172744056265197422914684482      
   1.84194939219638600506166941682804139      
   1.84233248236359020751548301034237873      
   1.84275859416478318058239273437185150      
   1.84322673940807216498542631564596707      
   1.84373535496336772091572936554653752      
   1.84428195372836273799369336333396582      
   1.84486273737938423964300507064541122      
   1.84547221905777524746209200489439459      
   1.84610289219026105756787349519357713      
   1.84674496840610954263947668901606676      
   1.84738619974526914680841807830243162      
   1.84801179743401778139311158048685581      
   1.84860445750529995180168666107333323      
   1.84914449935475282614658283144950515      
   1.84961011624283046986298368747835148      
   1.84997772794633089723520045604632454      
   1.85022241735105807971951864747654075      
   1.85031842638353416604910711697116309      
   1.85023968335873684510356837525543758      
   1.84996033367399084516310602168996491      
   1.84945524833095837628917634295416510      
   1.84870048921963240769578587280153835      
   1.84767371555323864467626709510449033      
   1.84635452152113491207280229191162471      
   1.84472470051938504678829356217137927      
   1.84276843585937977028110323860456743      
   1.84047242140532206998234481305545946      
   1.83782591817702907905189753624351436      
   1.83482075458390453860637439298390138      
   1.83145127877708800017540673585872596      
   1.82771427181973224611662161673030682      
   1.82360883006494708594135642504768974      
   1.81913622452214295137748827041257362      
   1.81429974417299958255347657943934403      
   1.80910452927029339217449007208948767      
   1.80355739971865552652749068043009569      
   1.79766668272528235465076931919211928      
   1.79144204306486051548559086387673937      
   1.78489431855537231056518700197475208      
   1.77803536268716403492641666532346634      
   1.77087789579181384462286296492689435      
   1.76343536568235747203827003397988987      
   1.75572181831736552039174462645038079      
   1.74775177874813345784823474037685336      
   1.73954014238976770999969485741063429      
   1.73110207645989675752699366707264364      
   1.72245293134097661508899934143924448      
   1.71360816149948926263115000095785308      
   1.70458325557526724028057332539675545      
   1.69539367520766807855500987220666338      
   1.68605480216834779754154291770869849      
   1.67658189338335908961354254591722580      
   1.66699004344772015785943509906746146      
   1.65729415428312654181135348747869375      
   1.64750891163482795342434231731958473      
   1.63764876815503598869483125022270596      
   1.62772793291385108316360937929351253      
   1.61776036724066662805465489952971436      
   1.60775978690248288145613845183698978      
   1.59773967075707871465722878610421709      
   1.58771327613549102237197602385765931      
   1.57769366139617699055460309963647734      
   1.56769371629388835354412698351762475      
   1.55772620107734201958898161104225203      
   1.54780379555808963396654844511749489      
   1.53793915983382526274445431779246315      
   1.52814500892427069182138549249711176      
   1.51843420432297934953301273501145321      
   1.50881986652474199482942221439977768      
   1.49931551397445502721426186342981951      
   1.48993523586249792838979658983475731      
   1.48069390898778542970578253956870074      
   1.47160747289530235907592172819180954      
   1.46269328341394740892724753770928240      
   1.45397057351541933779664181303292436      
   1.44546106393608712985596427390852581      
   1.43718978719735572128983103161713263      
   1.42918622287212924423240636980416324      
   1.42148589889814290949203734750236995      
   1.41413271184334938241902186542691701      
   1.40718239494635167842141134913526700      
   1.40070789264908354644350657040303288      
   1.39480805234625054767443631618166387      
   1.38962241516335000084396892755678294      
   1.38535799791447674501464383392652160      
   1.38234173763713640041525827200678003      
   1.38113450547550577171768463169850021      
   1.38281976137934072413718447930427285      
   1.38994132215234099253058912394104942      
   1.41149178896522116514187020824577323      
   1.29931039157708088750809575297526977      
   1.20327252981055938505374417926715912      
   1.16213830809224928415806392637702601      
   1.13106243853085045479076210025116419      
   1.10454709428837427991792552705649386      
   1.08073164226777322481424330583736857      
   1.05877283369278633730481982636138694      
   1.03823138687983006433549393725566840      
   1.01886720757489193532350116732712294      
   1.00056013779669479109661554811265754      
  0.983278313589096569540984561715470970      
  0.967065320599515134919913563645813236      
  0.952035388069999058283214321053778847      
  0.938378116736840739446860493339956166      
  0.926392934103813256131217597118447098      
  0.916676225137507339745084839459108160      
  0.910600146926578018580379038866936878      
  0.905163701162052227102015782345656754      
  0.899874916742110993015499067196929070      
  0.894731732380090691893662274344545644      
  0.889732049236448020443417716374835208      
  0.884873736016957102514018386995961069      
  0.880154633757650520985837692523337446      
  0.875572560312008243597635744263342695      
  0.871125314552982272462104200883028753      
  0.866810680309727605360305774364494249      
  0.862626430046089253827621825762321585      
  0.858570328297913466482521881849557957      
  0.854640134881122772015434912499856592      
  0.850833607882357205278335138464256391      
  0.847148506443118805171427840349951394      
  0.843582593349240966348175164928503661      
  0.840133637434847434055270733559425473      
  0.836799415812089807659106545020679731      
  0.833577715934943905323337165433102505      
  0.830466337507242999532563042740871146      
  0.827463094242110636239325222383304515      
  0.824565815482424225531719205549428165      
  0.821772347689254865481144449715447354      
  0.819080555805936572008352321331933346      
  0.816488324504482905750204860011519517      
  0.813993559322042266565320264287706425      
  0.811594187692347260764078256882591500      
