   4.35320590859035435755180841082219391      
   4.29558631926523688575796204486304405      
   4.23897858531415336322485645435870602      
   4.18330742872056652636991174014408899      
   4.12850083778530659979676578928051696      
   4.07448960768251422195667535016439134      
   4.02120690771752442690726908876693003      
   3.96858787137768788397454909381006905      
   3.91656920529422222540918827782784006      
   3.86508881318418358922925185069244515      
   3.81408543072071190820960279466167340      
   3.76349826708148490757361452942086084      
   3.71326664864281051512812096844850237      
   3.66332965990305514383388717099538916      
   3.61362577621332741654275353882241277      
   3.56409248223605193785564335469736255      
   3.51466586920133445504951400068896288      
   3.46528020293579583578146448019812676      
   3.41586745322641841327475072445087353      
   3.36635677325947287794055071056902740      
   3.31667391551406546816540302630783277      
   3.26674056741844508418563717032767596      
   3.21647358605799114187599967255061725      
   3.16578410592699147886566522507644758      
   3.11457648667918337815543247620265070      
   3.06274705839609643244167572913809624      
   3.01018260910484761644454748985637332      
   2.95675854174713627687409431098211972      
   2.90233660344911525992084899670021059      
   2.84676205561798717433725966788648392      
   2.78986010421703436030437149752454436      
   2.73143133782285101079953292383436467      
   2.67124581422444056402602523051497079      
   2.60903527349010483464108655866353079      
   2.54448270070619349694345634810812317      
   2.47720805114272430444306283194762162      
   2.40674826650005340208139556676408336      
   2.33252852587737427694007758553101096      
   2.25381952947848850981973130467409849      
   2.16967152374137066358377287731926349      
   2.07880749803895651436146813216808755      
   1.97943995742162731279481636106117623      
   1.86893267890491013960254735645070961      
   1.74311327893973500995434057824330139      
   1.59467581304992699051877368964183566      
   1.40862218712668275886232287860392660      
   1.14331572747283496712701219347688354      
  0.380385235598878197610138638997055013      
   7.83039024231004320293056304945842608      
   13.7746864653865237356391947798814389      
   19.0830278352791534662731975075058603      
   24.0056363181504105584338804386545757      
   28.6519691984881054242515977380937437      
   33.0832482229169052020646354590439305      
   37.3384450804181874944692628839951640      
   41.4444455044042273289127828401827852      
   45.4208121448419289965422470579411673      
   49.2822883577989228590540164437318866      
   53.0402202376933097415738429955025495      
   56.7034046601364090199601942424111473      
   60.2786017761728099465507402824519943      
   63.7708221483889753936833455688644693      
   67.1834109575947143824218127709646385      
   70.5177992942161017628551229314248075      
   73.7716603837836353467386415504887424      
   76.9401316582447628827713437890085166      
   80.0373721180096378657745561501463287      
   83.0669371718635946908901258401649248      
   86.0319964927732463817426377327455799      
   88.9354605473053521777042014063770905      
   91.7800077221133399773034495628979399      
   94.5681081223478889082675544694246629      
   97.3020445779253676215378424575709160      
   99.9839312616705348811079752408129272      
   102.615730236534545794179603176512901      
   105.199266189864265490855012923946546      
   107.736239570554293996450301300769364      
   110.228238313531138119242453162002876      
   112.676748311589237656496208390364397      
   115.083162774818884867140361041767673      
   117.448790601327673658699468352906645      
