   235.280614299210805742894980015090931      
   235.267053199776509950297987704573161      
   235.237521563361636464047002751579744      
   235.172333536345195400261464649535299      
   235.049980881014046366867648066209921      
   234.854874513990060385939549430971910      
   234.576775934313045640851940525062800      
   234.207940303426729747976400875987970      
   233.739703838323449189562829616814253      
   233.158996207170312397422847451728715      
   232.446212011348089665055955928063248      
   231.575697162472073206049606553109594      
   230.518513423795186625263755947114963      
   229.245826187856559518099262459496368      
   227.731134360595021606813422007441432      
   225.950288319031269162647466333818489      
   223.879064210606527133095588211084653      
   221.488410012442273668690273963085012      
   218.737039602114538812787484275800603      
   215.559336036110559682870814523281719      
   211.841155832837924055064048637517349      
   207.351852358312233980443442969188365      
   201.309935032935963035426336296470087      
