 0.11635783696117E-01
 0.11782701221059E-01
 0.11937412242524E-01
 0.12100542436585E-01
 0.12272832252069E-01
 0.12455165413913E-01
 0.12648606807548E-01
 0.12854453697666E-01
 0.13074306314371E-01
 0.13310167259857E-01
 0.13564584993248E-01
 0.13840866852450E-01
 0.14143405715905E-01
 0.14478200000515E-01
 0.14853718029205E-01
 0.15282408777932E-01
 0.15783501494446E-01
 0.16388573918389E-01
 0.17153772219974E-01
 0.18191734554079E-01
 0.19785909913278E-01
 0.23099542456630E-01
 0.40247153333633E+01
 0.14605139839543E+02
 0.23146543541774E+02
 0.30878170244374E+02
 0.38181337449596E+02
 0.45284282423657E+02
 0.52374245549469E+02
 0.59626370627908E+02
 0.67185920118730E+02
 0.75123524548550E+02
 0.83402420101375E+02
 0.91878415947602E+02
 0.10031833934617E+03
 0.10841412923811E+03
 0.11576825325439E+03
 0.12171606762812E+03
 0.12548338393296E+03
 0.12917301438880E+03
 0.13285163690430E+03
 0.13651234697876E+03
 0.14014918460601E+03
 0.14375711216873E+03
 0.14733195700361E+03
 0.15087033216830E+03
 0.15436954641707E+03
 0.15782751165210E+03
 0.16124265356462E+03
 0.16461382903605E+03
 0.16794025220346E+03
 0.17122142989622E+03
 0.17445710634252E+03
 0.17764721655249E+03
 0.18079184751782E+03
 0.18389120626071E+03
 0.18694559375942E+03
 0.18995538383355E+03
 0.19292100616083E+03
 0.19584293269868E+03
 0.19872166688681E+03
 0.20155773510432E+03
 0.20435167994298E+03
 0.20710405493439E+03
 0.20981542043548E+03
 0.21248634043361E+03
 0.21511738007618E+03
 0.21770910377043E+03
 0.22026207372954E+03
 0.22277684886655E+03
