   3.90845928154532097181610276723466770      
   3.82095316864636771624267129782366896      
   3.73364593824543058347470622313058795      
   3.64639116495101240795502555072746106      
   3.55902714831277412995483073137419857      
   3.47137247378305242641260289602952547      
   3.38322033297985948270702759134642857      
   3.29433109397062610694799140364430280      
   3.20442236232365586776019033864875409      
   3.11315537258089793104158056464269618      
   3.02011588864056772330564708792626453      
   2.92478666879258215901233341560952819      
   2.82650658302205431899464448815196664      
   2.72440790267407563319746283028688288      
   2.61731659216041103589494599620825956      
   2.50358745838499397504063474625489007      
   2.38081992769336404266877413507980224      
   2.24534405888108842778530810757922036      
   2.09121704633099102864917645777591339      
   1.90786879913418640788728012483417506      
   1.67234716036103507052259998772066044      
   1.30952516085291167681535427813392562      
   4.02471535089383929987926634540197604      
   14.6051398401235363858264586217226863      
   23.1465435421352501267707575042562537      
   30.8781702446186468629270426660024389      
   38.1813374497645669245554942199466173      
   45.2842824238001776091614647257870380      
   52.3742455496815192386826260104556545      
   59.6263706281428099913169210423631969      
   67.1859201189797380114653139382366567      
   75.1235245488341527632500875513016701      
   83.4024201017806117212585982111183048      
   91.8784159478797306246666050159203030      
   100.318339346388013187468688913911471      
   108.414129238293985731724797273312153      
   115.768253254533315474987126933473225      
   121.716067628184914401171347684977122      
   125.483383932977129463778196800659190      
   129.173014388816537654531489416293483      
   132.851636904314707229353224261381289      
   136.512346978771686363675823657492312      
   140.149184606028007701801590630327183      
   143.757112168749081303533358100305056      
   147.331957003627920256245821817095834      
   150.870332168314216432996158658718175      
   154.369546417085087667560604400554381      
   157.827511652111805587966203368244893      
   161.242653564638975275885010111699194      
   164.613829036063195806334813391563530      
   167.940252203476994605549834826247304      
   171.221429896233822816644241002331784      
   174.457106342535175821737752330833291      
   177.647216552502773858438252603357534      
   180.791847517835305071304243351221337      
   183.891206260727588340512895957402378      
   186.945593759434204197204398246052110      
   189.955383833562177838994722377956303      
   192.921006160848068420759151718942778      
   195.842932698694132786563460919166783      
   198.721666886819477697122622205346857      
   201.557735104334868201724559421417328      
   204.351679942995977534000321946652141      
   207.104054934403254468931300016760001      
   209.815420435491377832388153097335580      
   212.486340433620640627709275223624719      
   215.117380076194236414237295682128047      
   217.709103770443852161420826088238412      
   220.262073729556624807203493492319493      
   222.776848866561180549426324925495457      
