   61.4409498220288978470989212219353843      
   60.7933625957920700686326475308231523      
   60.0967445857624738206383404893637527      
   59.3447418554130093570592481648327294      
   58.5297668922513619190613645973433819      
   57.6426490306099778099237492158436832      
   56.6721593155571505682343173982870398      
   55.6043579104292961806832620528128398      
   54.4216946801303218167199367133614392      
   53.1017832896092069488795018812543427      
   51.6157942158093726436393362452521494      
   49.9265178579978985207683407961008365      
   47.9862344098432894009493842744391036      
   45.7335716529912674141618633018555804      
   43.0840693363297739865573875550732307      
   39.9028860284220184601565847544348816      
   35.9446154051871568048099255405554341      
   30.7057793606354034591562265081562478      
   22.8277382254053199407832702270974385      
   1.02161252953753057117218822737410155E-0003
   9.89241052925384586880915146548560431E-0005
   6.79418068226399428262896734453469667E-0005
   8.64068937046315239711014374175149157E-0005
   9.61455337356239796407968801917139146E-0005
   1.07172949058840256843636144732000803E-0004
   1.22148487355399796998277893576730411E-0004
   1.26423952362456301848761679720439295E-0004
   1.26532759833791593094059704808579557E-0004
   1.25156142191710815300831996406315693E-0004
   1.22956270415686737491382549720566423E-0004
   1.19528721805919832737440865949043046E-0004
   1.16038066495151826299571474139994053E-0004
   1.14012975063056344692253351850386387E-0004
   1.18799277779555030603449189772164109E-0004
   1.05865576915526839932503564149213525E-0004
   8.33269107555168763179055784166881582E-0005
   1.02016144088756206671750797863246611E-0005
   1.01925063194971639301510009105754142E-0005
   1.01848757952410587017850986132363388E-0005
   1.01784267779015053522736603336153033E-0005
   1.01729325480214599883072595066712594E-0005
   1.01682173709640149633006199437648864E-0005
   1.01641435108047835167792984958414882E-0005
   1.01606019054983874245632199811317608E-0005
   1.01575053793322822039221767395989317E-0005
   1.01547836398022717670916297374396886E-0005
   1.01523795466260299569966262465829066E-0005
   1.01502462991950540098191434424116996E-0005
   1.01483452949317068017316536430948630E-0005
   1.01466444831212860274121140967995229E-0005
   1.01451170884195821777547828938047608E-0005
   1.01437406128287687147711184108242409E-0005
   1.01424960493297480502196658616309524E-0005
   1.01413672577533197408195085327865894E-0005
   1.01403404660038695268089080907974565E-0005
