   1.26876014749232850224183625104188053E-0002
   1.27478877188816088178996369633631774E-0002
   1.28132377460581563864697145541298988E-0002
   1.28843514903845115444672890805468578E-0002
   1.29620685971560165322081631830958693E-0002
   1.30474073725941147084409683951752839E-0002
   1.31416175739250654643157373373369291E-0002
   1.32462531529015077831131579840421607E-0002
   1.33632742483840125292121458242954005E-0002
   1.34951927279237773339703944439781750E-0002
   1.36452834529740610980089670119927188E-0002
   1.38178958221077394529490896692285594E-0002
   1.40189200357232788171032611432489619E-0002
   1.42564986359361953083547503715129963E-0002
   1.45421616486865234195304118899196591E-0002
   1.48928368047490009674733878206524499E-0002
   1.53350075854174573671885415786286705E-0002
   1.59144034161049346548881715972235218E-0002
   1.67207077560065368367457794970863367E-0002
   1.79637761092677972602331387218128318E-0002
   2.03272723870715033475810903117657490E-0002
   3.14094492241739192833068589873593883E-0002
   12.5548033315854395529565625893397380      
   21.3619793384091806604522325825188306      
   28.4907100558377757263582273373071852      
   34.6870352178447295634002845279574684      
   40.2602784757241028732809743735679208      
   45.3773128387130063929393097978814787      
   50.1411767792152096731825937177786027      
   54.6208709240339724063669651787333675      
   58.8651300287619581482770029050012786      
   62.9096646206301106514230107738651686      
   66.7812832924266989899793774990349065      
   70.5003137679022305173445699142473041      
   74.0819491943627861232837456663439678      
   77.5367216494809147621241059114254796      
   80.8698289765953727502953572053490544      
   84.0774154012333264041276700036543404      
   87.1158895700806503106525914113943312      
   90.0088506101822810100962804421917234      
   92.8271692119283458047615218735748119      
   95.5751453104540498388686200396483155      
   98.2566691191995955328927694781024016      
   100.875274027531693945196141099531452      
   103.434180764041864076801260134018695      
   105.936334646495619131761859363885910      
   108.384437277744075902534470712470772      
   110.780973718975886678131129784997093      
   113.128235936050474971437657850819562      
   115.428343141628087188775660189027078      
   117.683259528147509113687037517730151      
   119.894809790210568662358884073454540      
