   69.9429513343528583705257257604478850      
   69.2357628361805625684532490806340406      
   68.5083962223583959013391105681192153      
   67.7609735900853803924289740653186564      
   66.9935719176311088450347971089929098      
   66.2062156625649930072422845549782307      
   65.3988688627224133584193883607021488      
   64.5714265921222610392927345203695338      
   63.7237055910338915284818198139253683      
   62.8554338477354895579295161063758425      
   61.9662388563665871622766970726845027      
   61.0556342068783257235321232284487081      
   60.1230040740655877977388933604178848      
   59.1675850556308578537270023062804112      
   58.1884446536810527265793328894655730      
   57.1844554849591079559244696827801790      
   56.1542640207085082796833901115320597      
   55.0962522653201187118539690321889906      
   54.0084902359790262355342688341525083      
   52.8886763308557546966788932718454039      
   51.7340615587372318740046970858341732      
   50.5413519715562885963854053065322606      
   49.3065812085608624042261423510645394      
   48.0249413577797222920190871204984344      
   46.6905545735470564798616598155065795      
   45.2961586750261939714583003452046305      
   43.8326647938920662530242234755509955      
   42.2885193451552658911903683425315785      
   40.6487568747379138621939398918433479      
   38.8935450893937350032802942040848376      
   36.9958536852589680333271720566824495      
   34.9175103171968380519135056180339507      
   32.6020120525348684510363769850372883      
   29.9599560844746493038010809587391058      
   26.8346414500613555859765474405837198      
   22.9004747686234270416630689071424799      
   17.2150251413925984591791847303184621      
   2.95209719440546476210472023536834399E-0003
   1.40427111184378626857288784934536868E-0004
   9.69867560193502080592768465221817190E-0005
   8.11419174967026009245960386007266719E-0005
   6.82312023926094186775215069223061458E-0005
   5.76855491039081221856642904167195402E-0005
   5.83577988744236261707872518692362513E-0005
   7.07257954278216155757040839015188834E-0005
   7.58110066550304125932630857796467563E-0005
   8.74112688629504843782096135814556638E-0005
   7.99078449424543323307794220052955855E-0005
   6.58809528188598135758644476582034233E-0005
   5.78465059066734256624675218570818858E-0005
   5.27071295658822956482846140842165136E-0005
   4.72254012092785442835792686969154285E-0005
   3.54954912999879872200446341644768814E-0005
   1.55619171014432611648671582240212128E-0005
   1.55543420179245399927377069575716800E-0005
   1.55482768238173264314978663187562845E-0005
   1.55433713507845521228746100774291984E-0005
   1.55393663410276791490901068155984726E-0005
   1.55360676422549818413516902158307099E-0005
   1.55333282899598319078192094675252817E-0005
   1.55310359073122686866360824739571843E-0005
   1.55291037392196892230156588919721851E-0005
   1.55274642013834237936158867281778209E-0005
   1.55260641902380929665752189221719470E-0005
   1.55248616393037668937606936553742900E-0005
   1.55238229669047645932725854352293749E-0005
   1.55229211675770638233445953359019046E-0005
   1.55221343726246081439835026282861476E-0005
   1.55214447556398701991221655731129939E-0005
   1.55208376938216941743901724579606321E-0005
