   6.09532341555169033396578856418689764      
   6.11892298701877204288002445859046038      
   6.14309374401492871759931617129544717      
   6.16780562997048462509438361286512670      
   6.19302807688499883914244325703664672      
   6.21873001302367327344571202403423676      
   6.24487985593155688969399721506285281      
   6.27144549037410983868909886080108335      
   6.29839423027026963787392714832461809      
   6.32569276305206089221012920147654241      
   6.35330707413083328358916170016287345      
   6.38120234822395729608721686695015580      
   6.40934284313278513843289911706649205      
   6.43769173006761688780027418036513839      
   6.46621089265448941100668031992945986      
   6.49486067413910607141677260314567689      
   6.52359955873979218164672852266947663      
   6.55238376817068199798465207915818754      
   6.58116674741334259768863398221633202      
   6.60989850385774358985479121540369363      
   6.63852474937643438844838935479785411      
   6.66698577315898218239266659398700718      
   6.69521493992436791283518391105822885      
   6.72313665607366757736065003120351894      
   6.75066356239705616948752290715399989      
   6.77769257217258811604213438817734715      
   6.80409913226982081018956146414258162      
   6.82972865143763489768104399605197664      
   6.85438322500365100144142834134695388      
   6.87780017246610102647924249155908716      
   6.89961552147627703782619064640692175      
   6.91929797338339090332250601724876116      
   6.93602028234415636925280687379273267      
   6.94838349197842874322367948724772270      
   6.95373661104758314199005239371106308      
   6.94604456826873798475122773734899051      
   6.90513019612078297338785421821573320      
   7.17338383031385139874828704370974031      
   7.48140978698898911496782174405583371      
   7.61909911972337773100629668240123101      
   7.72899242126804631826087227789480294      
   7.82762305220065792702935003754671584      
   7.92068575617323745329745550581678978      
   8.01078342492594639498560298304741493      
   8.09920939824894635044783417766698104      
   8.18650451002328229062361028749494045      
   8.27262378177818879816801457615033003      
   8.35696185721293868999543401221515264      
   8.43834418912552873107021061760049792      
   8.51501606592584676054411886857836129      
   8.58458560206600167709051571993461932      
   8.64372350820227308061184833862366121      
   8.68635506825767179485274737787455588      
   8.70277736652960707296745646582184955      
   8.71708388101839649667925237683725482      
   8.73108581941083068117858877756692690      
   8.74477676095018514716705193176786206      
   8.75815097073229307599300509431485195      
   8.77120337358503615179571128702581353      
   8.78392952835462335992918471591450965      
   8.79632560259972941896719917031415180      
   8.80838834770210223030409419152524421      
   8.82011507438992198697488918017646162      
   8.83150362868572440584328518920572240      
   8.84255236828203273749114266662244154      
   8.85326013936108730348047160922913835      
   8.86362625384765332616890226651532272      
   8.87365046712929253325052487571930249      
   8.88333295624272616963050453181365650      
   8.89267429852609485783764761880655250      
