   4.25973484128665014910774437402631855      
   4.18763621540534785837295756933867569      
   4.11631901392683261706726779867000103      
   4.04572487504590549434578956426655864      
   3.97579666325176583292973277205356058      
   3.90647789854714256559117413402382322      
   3.83771219212295494755313857692168129      
   3.76944267792852214876856830700792222      
   3.70161142851817773261872489604959718      
   3.63415884202296144409945987463870069      
   3.56702298496287408730989020404231867      
   3.50013887270820834335568149480948416      
   3.43343766546437745446824305199709892      
   3.36684575234098152671189428685563721      
   3.30028368886591445341224656834708865      
   3.23366494348802994072147262210497848      
   3.16689439511287832377367066243380983      
   3.09986650495825887103227630481503700      
   3.03246305962836929800968553602230186      
   2.96455034467622030398479260986721364      
   2.89597555342096824272951400451946080      
   2.82656215548044166587969829733310211      
   2.75610382889970018535457793139441918      
   2.68435637483179970403462219566907381      
   2.61102674336645206394894217765041170      
   2.53575783095933546147384057682077782      
   2.45810693197573734462344172517303617      
   2.37751438793134299159583089724693569      
   2.29325657526594185707139646188043069      
   2.20437283353611569268565324779254099      
   2.10954678348106917264690838553832811      
   2.00690239203363609018476532352150924      
   1.89362586485622818069681129836345894      
   1.76518538000683315761821457373810886      
   1.61345276539609381667989588729878201      
   1.42101308314046827205461783116970381      
   1.13495189604534991240625535911592356      
   1.76451827264139627188691305904670848      
   9.91409242637968441124338682950989654      
   16.5331370524663445651381763042515810      
   22.6422056864164711809249520706401481      
   28.4820587397646859874900785648075787      
   34.1732590087597742805744683320322580      
   39.7975506402698356838323778139773561      
   45.4196288999919853398156105661458904      
   51.0907993452436886841817953482764348      
   56.8443370684087738440188251027073788      
   62.6884987379964796135984150188617267      
   68.6017015742201794873306518732356726      
   74.5310011867890899982648577776012057      
   80.3909438904818049701952248110347408      
   86.0544407225478763173669194643060282      
   91.2921021645990378732192206673517875      
   95.7157292444461552232601625119515889      
   100.042249882982542577038134097764025      
   104.325948490049409149981888407306486      
   108.563958634043025194635688792192149      
   112.754100318274048787439735813233682      
   116.894781442155499134334663016646317      
   120.984900533005228215890071838835627      
   125.023756520179982334435531077864832      
   129.010968593812503773555533978771225      
   132.946407289946132075918900572315972      
   136.830136720159541419185172745173672      
   140.662367147596254282400874374954411      
   144.443416751713540258417807091659698      
   148.173681297903309377552058624188630      
   151.853610446719225528871871701847919      
   155.483689534093492772769934535332366      
   159.064425789102114241087355258607470      
