   1.31898608178020299554215375769652312      
   1.32222075854819150039203873395076854      
   1.31964859945218022525756477898211893      
   1.31702889994905908582463660742232744      
   1.31436502218778968069020241912467001      
   1.31166015999334674795049327921218898      
   1.30891734276681742490361667080419186      
   1.30613944057123214803368012391810912      
   1.30332916894403785416015714485534386      
   1.30048909525451956466096163550852486      
   1.29762164402857651100049965177651422      
   1.29472910337371169241587380905911242      
   1.29181363075728727068340329210644375      
   1.28887725953062528341410483525866172      
   1.28592190512510149251450371791347553      
   1.28294937077197477275085657606084544      
   1.27996135391714164516328857634147079      
   1.27695945165822334413164857142197580      
   1.27394516678766823847618159527249675      
   1.27091991321773830317754774725781408      
   1.26788502157554376920478981195489875      
   1.26484174393464551097750274211945706      
   1.26179125944105564061882657611716347      
   1.25873467878923760491295033943868535      
   1.25567304912726540068827329235099825      
   1.25260735849837841781828417863663942      
   1.24953854022801269936517303575537637      
   1.24646747730679978842092902157196827      
   1.24339500621192534099022137264356966      
   1.24032192102542460485997365022374544      
   1.23724897732271726948649635410371987      
   1.23417689578586608367952735507109539      
   1.23110636592074416628575187433202566      
   1.22803804956172622301488388676447331      
   1.22497258443534991773293537372907807      
   1.22191058747430999794469804806990040      
   1.21885265840301529469393654237253276      
   1.21579938294011079636686322844778648      
   1.21275133631182162708736903845088462      
   1.20970908656473194968675998225628593      
   1.20667319803152470275435411905090576      
   1.20364423479935722748341299629709220      
   1.20062276426606342039885582041164062      
   1.19760936075541046205968675114644163      
   1.19460460930107595348214055759870764      
   1.19160910950077174958157309138407075      
   1.18862347961333645952139212437816151      
   1.18564836074316268424940812087658936      
   1.18268442133821922868154544866488445      
   1.17973236184003577887040751296912700      
   1.17679291968627703055901231376479875      
   1.17386687455952400679879703440326642      
   1.17095505400569873954349538569854014      
   1.16805833943445351481148949155454446      
   1.16517767251198648682825339759427272      
   1.16231406203897621987961975674552576      
   1.15946859132827845575905594795747825      
   1.15664242611984060664997019939912879      
   1.15383682313247155114037125373551499      
   1.15105313924990486018305658221970591      
   1.14829284145040468944289704849289307      
   1.14555751750812911237726008733064992      
   1.14284888756793429372837669084864729      
   1.14016881664023219736827938722546214      
   1.13751932811382733466138967554988464      
   1.13490261836330387128810355857776575      
   1.13232107255004580671205967825257485      
   1.12977728169454478630572633193110800      
   1.12727406113741926502605838571580181      
   1.12481447048161373583198350096814872      
   1.12240183511082678118720740831267775      
   1.12003976939990844815559240306913521      
   1.11773220170448827575507699933845217      
   1.11548340123865569429744668358997765      
   1.11329800693874964953015997065773807      
   1.11118105843027871403545873599056158      
   1.10913802924331928649618653866265956      
   1.10717486248005594265378421744834515      
   1.10529800924106668568103647566070385      
   1.10351447028371511773453338750037435      
   1.10183184162968799150790500960571992      
   1.10025836517759944958361954498911082      
   1.09880298580288946914126244364870274      
   1.09747541691909518140998916145160250      
   1.09628621696657056853420175064640748      
   1.09524687968852439294131768142342658      
   1.09436994120438223390206214441826447      
   1.09366910664371363144341133500119097      
   1.09315939831016886023161809356208072      
   1.09285732592667187894225770609185645      
   1.09278107746020888591706149363656592      
   1.09295072647567139351460424951438972      
   1.09338844914820034692791193751142857      
   1.09411874143488022139816743552394765      
   1.09516862520165727869586852023367794      
   1.09656783268995402767620607892430124      
   1.09834896368648860423005637637339330      
   1.10054762165545745278966495610631365      
   1.10320255517533849070830316801523883      
   1.10635585604175302972525600609257478      
