   76.0465096538866334921070009591486427      
   75.6688126412541085710763116087493065      
   75.2757060939297865669996212117083508      
   74.8671874623685787865748880219149683      
   74.4432631344936673888300887537741282      
   74.0039454107314343283006838501963203      
   73.5492495238889125075380812199289293      
   73.0791907033167029916873164826190352      
   72.5937812783066004993209632422008530      
   72.0930278114973781388054234805368392      
   71.5769282491463073033738332301841536      
   71.0454690713478865682666902503900137      
   70.4986224215502870145086503934319825      
   69.9363431908916950917996208368425353      
   69.3585660288286370931896773235735380      
   68.7652022470807045316050368736821111      
   68.1561365788962642237942604393762500      
   67.5312237498293740371475509466288250      
   66.8902848093322056053393525655078494      
   66.2331031642149035138869098283823701      
   65.5594202449694181277093317720032944      
   64.8689307236213979554344635738807442      
   64.1612771864948754480383661595289502      
   63.4360441462176955623580976309112329      
   62.6927512533774953266786782996055530      
   61.9308455379786535390939546304112356      
   61.1496924723661666288944478909346470      
   60.3485655979147380201228556435738899      
   59.5266343940189617496365818625387239      
   58.6829499848612517179970624039109923      
   57.8164281702831323210724470478531009      
   56.9258291222636794253908828097314997      
   56.0097328943780113402824296031603271      
   55.0665096284431287392842073158274674      
   54.0942829814578202573332327321703688      
   53.0908847939185696433307745888180706      
   52.0537983125239687216661454696866637      
   50.9800862658440733078335273685233813      
   49.8662986128595739692367121828364505      
   48.7083525875523806869814796298520508      
   47.5013743294249457749978240909747636      
   46.2394862104585053994193884008470510      
   44.9155157024793415973803807377293126      
   43.5205880230029445716144772094619340      
   42.0435415902828412601679776282628517      
   40.4700640293499440216964363552407923      
   38.7813691942007963646721453719671794      
   36.9520817817761777087898405010823933      
   34.9466650764082553448455614172091647      
   32.7129426530641114826231793115272036      
   30.1691597160393084824347613996200250      
   27.1743820610482436265056270496882838      
   23.4454580453581900856462903153157810      
   18.2227457270067511551071164783061719      
   5.03641757730367188726158527780296646      
   2.00684608957811805210743367036390375E-0004
   1.21782574449564753184375194147025532E-0004
   1.04717395327946912102390564429064573E-0004
   9.35671838750502502313479399573401794E-0005
   8.34554955853641055418553640118132994E-0005
   7.34700316743680468218491520719230959E-0005
   7.77454893278622042502783087395751007E-0005
   9.36561656470450910531798061107856267E-0005
   8.56253306982484825839824399820834948E-0005
   7.11740266528983182039818201461864653E-0005
   6.30238547464746279712415178998749347E-0005
   5.74939862642733960031560054954497422E-0005
   5.27332338946131045669351581724632066E-0005
   4.79911029882283917606385738002485048E-0005
   4.24797726413134135204242254649408670E-0005
