   5.80462240772330113026393834734042708      
   5.81275007137011885354038964663008005      
   5.82132026452171415822348998963462473      
   5.83032651929776031940595792423982244      
   5.83976148543114681432348957854530842      
   5.84961700489166819556234141552766560      
   5.85988418100181832739344184986276007      
   5.87055344186898521348085551793177761      
   5.88161459804397354863151714706015999      
   5.89305689437885527918273697191361036      
   5.90486905609887080646657925957997224      
   5.91703932912673921092361361588683677      
   5.92955551470419279357803936644132228      
   5.94240499834700860128975888690328380      
   5.95557477314658231549064530851713306      
   5.96905145739385307590515697378215767      
   5.98282130644993668355595462736269686      
   5.99687021872086560507147457861765134      
   6.01118373551073566515805698022697462      
   6.02574703442430621020888084645897205      
   6.04054491586468361666956223345785837      
   6.05556178201753326276067490396436786      
   6.07078160752447241073543785681041696      
   6.08618790081505331451066693123162076      
   6.10176365477607086325663073575392733      
   6.11749128507313393294225305376140232      
   6.13335255397701825673249512820242061      
   6.14932847695746920036063247258707662      
   6.16539920854390285514429924174727092      
   6.18154390295640502608982886738267855      
   6.19774054369559962732550111185239029      
   6.21396573452485480674333254574175659      
   6.23019444190631724385255100157140373      
   6.24639967570615364462312824391560564      
   6.26255209048017783889082307184349553      
   6.27861948330688542757109912681985116      
   6.29456615505571361361999280739703444      
   6.31035208875159241433548829141158562      
   6.32593187905344425756272744711865104      
   6.34125331705764786256298332066830025      
   6.35625548832582783543411424684709541      
   6.37086616814331215726362733198078044      
   6.38499817656354877234167026485457767      
   6.39854414936284507500199387260038793      
   6.41136881654201508151213084027001337      
   6.42329720771871173283267493770975405      
   6.43409589923844133869736574810881460      
   6.44344173007164567636204153252225491      
   6.45086645620001922547834353708553406      
   6.45565132556564357537747684302236327      
   6.45660566033919084716501067382070474      
   6.45153244769826517127656450826310490      
   6.43562112947988085089003251498662392      
   6.39416680717092448383763022181930859      
   6.13919469199163407432595745405784977      
   6.87406232780011552675167795583360230      
   7.00334155433976381696299501283671578      
   7.10120824913470422202189547904941970      
   7.18648718002795433752369767056309484      
   7.26497394348375711860867066927427278      
   7.33915224156168153173884203608985276      
   7.41025216122683495501807788203242823      
   7.47891116320512867006644154326901303      
   7.54542629939415945907432943475046639      
   7.60984922811010673108725164015485009      
   7.67201279853210947115647268676480387      
   7.73152759887839765580717933074138287      
   7.78775599273471863550090580519965584      
   7.83972804166177825424656966155912671      
   7.88580884543292895023664064729407335      
