   220.710636983048346895682328192418094      
   219.921948040470985654554526460082478      
   219.101996655387077787571651462317701      
   218.250074243542158551764503672295118      
   217.365450451316234770986344764103204      
   216.447368751844663396508956884558149      
   215.495041904796078309695911269532206      
   214.507647256177908497477393612231454      
   213.484321846849704193973800397854542      
   212.424157290595590441232924983734722      
   211.326194374496578516376263320761356      
   210.189417325711399277632738466207172      
   209.012747679376079330798632491655172      
   207.795037671833294810097007844380389      
   206.535063071456680509894502881609943      
   205.231515345460069900608247759907793      
   203.882993044766232809108562978680036      
   202.487992269563496107295230033294589      
   201.044896054769292325598951978228201      
   199.551962486243543390691042348919583      
   198.007311323893114803011649376465046      
   196.408908865152353051861574015642101      
   194.754550729526309195786408237368466      
   193.041842179139863769163636297718167      
   191.268175507887881655512353564418942      
   189.430703927897397923036618421645947      
   187.526311250148137991616268839820873      
   185.551576487396478786583967768231093      
   183.502732290083386556114716264855252      
   181.375615843207365592385556372183714      
   179.165610481314081431942474644195219      
   176.867575787581797752404715280626697      
   174.475763285605656575306397799089784      
   171.983713942688473291923865579778778      
   169.384132484277489698895810013691205      
   166.668731826549195079109313771478726      
   163.828038550054795674157664240420003      
   160.851146926202758600044790514368738      
   157.725404042743462814559314193172983      
   154.436001207114999679102299532002225      
   150.965435642213450722167231392198590      
   147.292789165269650168294432577910147      
   143.392742929871019255089951923652751      
   139.234201935708099711906252144308321      
   134.778325744463345348717465994364498      
   129.975624637960485653276236094578322      
   124.761524249629680029826588641980889      
   119.049292882858416930476536567761373      
   112.718134748729348123590600523216593      
   105.591675800703106223070794520026473      
   97.3951836951282473862570884681678007      
   87.6582038065012015664773280131619979      
   75.4430425935206174223483161877996678      
   58.2596379315711825541939216696169633      
   15.4597740286180339136353914027631554      
   6.89759255103095867081133687986931010E-0004
   4.26442482118556412762226426311524946E-0004
   3.71810015765358273862692084965503521E-0004
   3.36209683694683476891279520723124460E-0004
   3.03151000434096974502757745225369512E-0004
   2.69603873825272996509563708991428081E-0004
   2.88056840158714365565196149660398406E-0004
   3.50223071380337107072339293854072971E-0004
   3.23039811072443083878553387684498963E-0004
   2.70811805893023215080068478310110246E-0004
   2.41759910113890990598521333281970686E-0004
   2.22258170785882632686565735135009201E-0004
   2.05336779139527395632736050079180955E-0004
   1.88118597923546242076564352381148080E-0004
   1.67493683423424526066199464477381736E-0004
