 0.98860277950695E-02
 0.99176059443834E-02
 0.99507957177019E-02
 0.99856229336789E-02
 0.10022113965531E-01
 0.10060296072627E-01
 0.10100197740316E-01
 0.10141849030155E-01
 0.10185281943303E-01
 0.10230530800428E-01
 0.10277632642168E-01
 0.10326627654856E-01
 0.10377559627046E-01
 0.10430476443311E-01
 0.10485430622841E-01
 0.10542479911687E-01
 0.10601687939016E-01
 0.10663124949650E-01
 0.10726868627428E-01
 0.10793005026784E-01
 0.10861629633419E-01
 0.10932848579338E-01
 0.11006780042979E-01
 0.11083555872145E-01
 0.11163323476199E-01
 0.11246248045362E-01
 0.11332515169437E-01
 0.11422333947351E-01
 0.11515940703714E-01
 0.11613603461631E-01
 0.11715627365065E-01
 0.11822361303746E-01
 0.11934206075118E-01
 0.12051624530861E-01
 0.12175154313992E-01
 0.12305424018399E-01
 0.12443173929391E-01
 0.12589282984989E-01
 0.12744804319905E-01
 0.12911012861401E-01
 0.13089470184341E-01
 0.13282114633827E-01
 0.13491389374503E-01
 0.13720429012898E-01
 0.13973339703007E-01
 0.14255634304511E-01
 0.14574936755808E-01
 0.14942180576664E-01
 0.15373779216146E-01
 0.15895884912951E-01
 0.16553697215124E-01
 0.17435166032148E-01
 0.18747370252687E-01
 0.21196275531426E-01
 0.39506569580287E-01
 0.73552660560962E+01
 0.13106889132461E+02
 0.18430613628035E+02
 0.23544860858476E+02
 0.28544686416759E+02
 0.33487093403479E+02
 0.38414287329204E+02
 0.43361485799031E+02
 0.48357989720178E+02
 0.53424321803022E+02
 0.58567627690406E+02
 0.63777425804475E+02
 0.69022538571229E+02
 0.74247380809532E+02
 0.79358622593049E+02
