   4.51317503426879817558354645749976145      
   4.45279980358454071494612671158943270      
   4.39330303229023449086680707870095197      
   4.33462927465285897712890382125102161      
   4.27672683373647101399747748681795971      
   4.21954733368135434216330331917756658      
   4.16304532829819132528861868620486177      
   4.10717794188635239527268229676993445      
   4.05190453849431129887538281053340973      
   3.99718641610182253355556970160292714      
   3.94298652242247409504523184954214339      
   3.88926918920438198351665600360229598      
   3.83599988204715642296884881599793348      
   3.78314496285424011339768166604541509      
   3.73067146210043745276375023705923843      
   3.67854685811085467021197965294893063      
   3.62673886051617936915553600064721827      
   3.57521519496287212529995241404792194      
   3.52394338600710503586903318104095909      
   3.47289053489719920496384593035063262      
   3.42202308863479180404007855160299113      
   3.37130659628112853959642259556699375      
   3.32070544791514563897591246505776826      
   3.27018259091946010457026578106641998      
   3.21969921732428286815750803445977300      
   3.16921441471443344162122698029538564      
   3.11868477162017011616966543120710679      
   3.06806392625494657142988010063812923      
   3.01730204477859738882772718893220787      
   2.96634521174032862301271811962678059      
   2.91513471069396506189280951954259594      
   2.86360616675663431451913863617138751      
   2.81168851449794405568508484537318767      
   2.75930274312418116614836226089548363      
   2.70636035516974040755217763681424260      
   2.65276145289762158021630486792419277      
   2.59839233540492562532171750820819220      
   2.54312244447541447949827927019971782      
   2.48680043131381197532361454959994276      
   2.42924901777598938667794073740441596      
   2.37025817521024502731492835283757220      
   2.30957590848106510430969703031390289      
   2.24689555385842038662390776761298997      
   2.18183787053209483400452771482452695      
   2.11392512293264866727152244871715232      
   2.04254240607312573278011463371923207      
   1.96687778819493510612271853037454713      
   1.88582544189597443011290195670203243      
   1.79781983395772417251055357549178415      
   1.70053043773235037331708297757866527      
   1.59024151773687868844756418144669318      
   1.46040468897084439154995607095228833      
   1.29747288845855672706862083504951032      
   1.06345018524241909763178506240357175      
  0.378378364325528327843524510621365801      
   7.35526605741750480740348436222193047      
   13.1068891329681498670982701775041451      
   18.4306136284220839536159408634818341      
   23.5448608587939245921962603679244706      
   28.5446864170183657018314246465548535      
   33.4870934036846388149369326599226700      
   38.4142873294387870933778128627549855      
   43.3614857993787620888925934640152256      
   48.3579897204747408695930394150906183      
   53.4243218032310937969807339512593726      
   58.5676276905732617128296275632284176      
   63.7774258046172417349055618361221771      
   69.0225385713510431355572358052898199      
   74.2473808096355689223206894746932254      
   79.3586225931318435929556127523154673      
