   67.4179130360705049887163379338477595      
   67.1817021404071393040230926855558521      
   66.9384558743309758341053773039910949      
   66.6880334445626741335382528384900800      
   66.4302837908801079294845857057169429      
   66.1650443276203528858592742799336681      
   65.8921396652437734285827337116454512      
   65.6113803152875876670462738205009313      
   65.3225613790831302379236687708833223      
   65.0254612176913684112087882518394749      
   64.7198400976593957956949445222278459      
   64.4054388044185897065303943879046630      
   64.0819772124243713184112163043093264      
   63.7491527984360949337354820723736478      
   63.4066390816053465869790392636492629      
   63.0540839712100718302067223921738836      
   62.6911079998548780986086816739554072      
   62.3173024166531075305398540461877323      
   61.9322271111869579440436369614488697      
   61.5354083347691956634564786017196428      
   61.1263361805220772677730478189189364      
   60.7044617778406366851039716239597230      
   60.2691941496587696844558267663334975      
   59.8198966722685470374225881612873325      
   59.3558830668557738022500987002648585      
   58.8764128389017606446537635248931758      
   58.3806860655120766991827994080934739      
   57.8678374107283728974494478265583786      
   57.3369292238612874470757563033903122      
   56.7869435444024514615310798931485683      
   56.2167727972093015889705891731641023      
   55.6252089108161294862192050204507704      
   55.0109305264028024925156299045453645      
   54.3724878803355500779368024494216400      
   53.7082848326154895823991171994240515      
   53.0165573676843453059621667174997866      
   52.2953476995716818582773294442969491      
   51.5424728512272211915610720672235359      
   50.7554862201765906293313612759449422      
   49.9316301479789118878581112474453857      
   49.0677768168327501268764350809780107      
   48.1603538068049834012789399453051327      
   47.2052492100799570271485565337486689      
   46.1976890703071029210480523998861167      
   45.1320766917754416981139280758101566      
   44.0017783564684368394035204093076836      
   42.7988319836593460646913039930069338      
   41.5135420448142561983414428474454123      
   40.1339013583495947284091109914077795      
   38.6447397007947759363899443680857100      
   37.0264223303744635856810150280671095      
   35.2527672220710139074151925573182548      
   33.2875161496367156343351872509478246      
   31.0779036181727106306872000157526082      
   28.5417540862333126300569109620319981      
   25.5378831267124078059737675314379811      
   21.7827448013084179577151923872106247      
   16.5082085070962273643179421421938602      
   8.86531993788239531295229044911789881E-0002
   2.41340779473231993903901375268626265E-0004
   1.30512816125076087868549443971728752E-0004
   1.12740369993931326989825276302248211E-0004
   1.05947924805862308567895999965708896E-0004
   1.03567992151195625710411478711574814E-0004
   1.05463231048758365122458670488152893E-0004
   9.09981240275618189751467595263006364E-0005
   7.76534768655192218655102683906909728E-0005
   7.00061094083890257136727887285582466E-0005
   7.07691221014817961769778799123235454E-0005
   6.92397337611492354937910178400507863E-0005
   6.66377281463561330684075488446013619E-0005
   6.43420977548283694757475990015554431E-0005
   6.26020175384140659266637051329267833E-0005
   6.02033642168627921670419174989592063E-0005
   5.75654996321790626841627047543168185E-0005
   5.42013481349541288330661443521456586E-0005
   4.64650903301852414550405201079400875E-0005
   1.02749063666621055350258432933362413E-0005
   1.02524597333771654460190132465469000E-0005
   1.02343496943929933247149247611218327E-0005
   1.02195762940989804228581017717399806E-0005
