   235.280623255560065767173916372200344      
   235.267416041613351410081634651812549      
   235.245371158260371497663653657962590      
   235.214473940586921388866182274317195      
   235.174706644589595537001999506811087      
   235.125997302200711336204237625210592      
   235.068078094885506081979497567060155      
   235.000294446856859520825210263620665      
   234.921455390446818633575963113805312      
   234.829749284337931375332615798413430      
   234.722683290548699659298094694037559      
   234.597029008351370741362246990717573      
   234.448821754990196514741722285083501      
   234.273477750423801635644444820072929      
   234.066045618543915587944220943566512      
   233.821544838547270201083866455960764      
   233.535309619946124068752412088190236      
   233.203262289335847964251189743021053      
   232.822070829928565293700070977344530      
   232.389181009443864907493197641128042      
   231.902741271261659120800438890987244      
   231.361453345913537855596994830555425      
   230.764384430678728159681366885819094      
   230.110771650977820103327530000628140      
   229.399840600243592872811257611679328      
   228.630650365833239421576478090425609      
   227.801969548120432321196715240446651      
   226.912182138879048583886230316256931      
   225.959218707501085609522623516682495      
   224.940506702552922429719672375371758      
   223.852933241946106019088374886722728      
   222.692814021228549441256231439653170      
   221.455862509006415513763561013423521      
   220.137154145632799593806294002229895      
   218.731080627917169550505408191388156      
   217.231289431764982217548586827615644      
   215.630603401891524189896041541593770      
   213.920914419516242048555933291271464      
   212.093043710566090217358898693425481      
   210.136559051667558550305738726360159      
   208.039535615483907371304747932156750      
   205.788241875276111686542818172395921      
   203.366723880059246425278972464119076      
   200.756248630842954872174757238764834      
   197.934547297657037005305943060579271      
   194.874766281856686535847495156048505      
   191.543978600344944768548675231705669      
   187.901009884016157702904264011743257      
   183.893150971880205866534331695147850      
   179.450970277694919162393548423187699      
   174.479681591650121227825609564909487      
   168.843780524900908761608708562382168      
   162.337208809251778405808392283100585      
   154.618381875411172616595831886150907      
   145.047096337499247974632281052779860      
   132.251053915659582244579062219164941      
   113.751040075013731278615831462324145      
   83.3212758979824373020949793264551658      
   5.53105035074751639664741639938081971E-0004
   4.98755831650596490860052024111186288E-0004
   5.22490995632365976729196093047000029E-0004
   5.24804171458084593183420300328393942E-0004
   4.81354605345419541343588935047457202E-0004
   4.29398242876445172758879843074425164E-0004
   4.23733387982932288742267272538682148E-0004
   4.39315808278324897947084426900282672E-0004
   4.71321788933259541945137459837626279E-0004
   4.78477361134860806734263311892621381E-0004
   5.10137121449808326551811715441289722E-0004
   5.72910125359369673400766994970694286E-0004
   5.72598047720552988480366879324429438E-0004
   4.92322637678111130088765027936793103E-0004
   4.37224363363487872524345372592970081E-0004
   3.71786748942272220000956679850231127E-0004
   1.16449166691740270924746563441277132E-0004
   1.14542444157289650659136040994002531E-0004
   1.12752718951092970442975659662089941E-0004
   1.11069287264468308174024252279795168E-0004
   1.09482757078859902613235996029693765E-0004
   1.07984848847922602402874272007499611E-0004
   1.06568231938340695539129872087903845E-0004
   1.05226389489272476965087075455396679E-0004
   1.03953506035659812508197923042026859E-0004
   1.02744373500698207268545031642739929E-0004
   1.01594312113530584338778610849889619E-0004
   1.00499103532445204589369353811743717E-0004
   9.94549340101531750600840239253411852E-0005
   9.84583458683861023833558003713802925E-0005
   9.75061958850895308019531729136406594E-0005
   9.65956194616262804633651395910202100E-0005
   9.57239996460174314298033238104193976E-0005
   9.48889402547108482511575470431255771E-0005
   9.40882424682996282027786562919010314E-0005
   9.33198843839785006249547875365218077E-0005
   9.25820030942338726808013815760033226E-0005
   9.18728789319769949212041042510173852E-0005
   9.11909215801488437910050920438912156E-0005
   9.05346577912013933368810715000388819E-0005
   8.99027205013047342565358080371274490E-0005
   8.92938391562983123409658230192816037E-0005
   8.87068310937976794138855864020863707E-0005
   8.81405938481689400871784136739352367E-0005
   8.75940982642792301454828118016938185E-0005
   8.70663823217534793835146611561764038E-0005
   8.65565455849452093304826655197858316E-0005
   8.60637442053662210386183678083560164E-0005
