   84.7290503831216973642201309025508515      
   84.7260941869651993494979471084698427      
   84.7211561688949210725091270895825487      
   84.7142273681850039749945445403895291      
   84.7052985611533853518679378998719351      
   84.6943607652284658388444740605582574      
   84.6814057042753566708800847131902528      
   84.6664262287750957061346992524241975      
   84.6494166715405491147450064421348665      
   84.6303730851276221322645011457179508      
   84.6092932177496243867742362078002236      
   84.5861759270799937817974486239268605      
   84.5610195505582682740168186817040262      
   84.5338186540355332894187140937333350      
   84.5045587041175418803903924138858207      
   84.4732085866957390065993403309724075      
   84.4397114045497176486647485768260227      
   84.4039744151270857088547577708028413      
   84.3658591668304434357463152610465376      
   84.3251728324382710440711612736946277      
   84.2816615008270516966442688581513773      
   84.2350058783801558019813783375072498      
   84.1848195551269784054027952742091587      
   84.1306497517257737415768489637891503      
   84.0719802937421441784910218212486275      
   84.0082364545995671579141455697970838      
   83.9387912535034052361507008778232633      
   83.8629727794348509551089406431869129      
   83.7800721251609586436846249322931634      
   83.6893515495716325669975683644266464      
   83.5900525345962486027040715854147535      
   83.4814034590518436386424434936674033      
   83.3626266717858405524856960304298319      
   83.2329448054322096378576410840019128      
   83.0915862266605382064178152545827591      
   82.9377895674489722732936932757437346      
   82.7708073228125639809853220015913698      
   82.5899085329170244012609381414838617      
   82.3943805920518199602923529114366442      
   82.1835302441815418252780063748917226      
   81.9566838350450337995986964585951860      
   81.7131868959906960079502472419380813      
   81.4524031346788321953569816800425581      
   81.1737129050186997325277858408957723      
   80.8765112223288070539043424636769897      
   80.5602053820167796664837481744668426      
   80.2242122308367908770299682599149249      
   79.8679551292139708959344137847684588      
   79.4908606324439706135969039395746202      
   79.0923549075746957402448880982721295      
   78.6718598903228542296567229995565937      
   78.2287891753107141194639642754017175      
   77.7625436197120667592114555977368938      
   77.2725066277103432101921885556449149      
   76.7580390684248264978212379809492272      
   76.2184737651215034394910675234986551      
   75.6531094748640745108418173659651496      
   75.0612042582239700667324312468854309      
   74.4419681137749990428561801305214911      
   73.7945547237195364098925057171490001      
   73.1180521203260094082316759830298185      
   72.4114720394338573905872839670913094      
   71.6737376701902611417174806689710657      
   70.9036694392543233982418154552982451      
   70.0999683751789876449146225031387479      
   69.2611964773770554419387726056309639      
   68.3857533561863142768695771432156048      
   67.4718481967789984044015773953805558      
   66.5174658145711951004684066919099629      
   65.5203251765784360742391487865750425      
   64.4778282215943240472354551474916433      
   63.3869960484259718812907667363371166      
   62.2443884501646401623172372336018110      
   61.0460011883625962363531783770866528      
   59.7871330483010217112041411000670146      
   58.4622111550142554896945952103109113      
   57.0645575028608814379033715325249974      
