 0.13023313343459E-01
 0.13299015482930E-01
 0.13600895860643E-01
 0.13934640471710E-01
 0.14308374118647E-01
 0.14734328163980E-01
 0.15232217741169E-01
 0.15836800379010E-01
 0.16616364296838E-01
 0.17717996002020E-01
 0.19522514134314E-01
 0.24251598764972E-01
 0.11217203937436E+02
 0.24021718873206E+02
 0.34506257540835E+02
 0.43972106985608E+02
 0.52974466048655E+02
 0.61892001176155E+02
 0.71090036354528E+02
 0.81008959220386E+02
 0.92142052454156E+02
 0.10483954390880E+03
 0.11909178786188E+03
 0.13447296639648E+03
 0.15018353773523E+03
 0.16508781888949E+03
 0.17771270088380E+03
 0.18587650574988E+03
 0.18757345255475E+03
 0.18918270818074E+03
 0.19090961959044E+03
 0.19273504280847E+03
 0.19464166572881E+03
 0.19661403470732E+03
 0.19863851836226E+03
 0.20070322140172E+03
 0.20279786271990E+03
 0.20491363138941E+03
 0.20704303231857E+03
 0.20917973090859E+03
 0.21131840352249E+03
 0.21345459827559E+03
 0.21558460873991E+03
 0.21770536167253E+03
 0.21981431881271E+03
 0.22190939208669E+03
 0.22398887113627E+03
 0.22605136187937E+03
 0.22809573474822E+03
 0.23012108128770E+03
 0.23212667788823E+03
 0.23411195555134E+03
 0.23607647471826E+03
 0.23801990432635E+03
 0.23994200437735E+03
 0.24184261141960E+03
 0.24372162643838E+03
 0.24557900473719E+03
 0.24741474746338E+03
 0.24922889449255E+03
 0.25102151843683E+03
 0.25279271958405E+03
 0.25454262160899E+03
 0.25627136792859E+03
 0.25797911859165E+03
 0.25966604761825E+03
 0.26133234071562E+03
 0.26297819331136E+03
 0.26460380885541E+03
 0.26620939735007E+03
