 0.14306379017987E-02
 0.21897043463276E-01
 0.23542814507173E-01
 0.25311872061542E-01
 0.27213544998235E-01
 0.29257847403581E-01
 0.31455533066945E-01
 0.33818153529293E-01
 0.36358120023384E-01
 0.39088769663862E-01
 0.42024436269626E-01
 0.45180526223905E-01
 0.48573599800957E-01
 0.52221458412922E-01
 0.56143238257364E-01
 0.60359510875340E-01
 0.64892391162349E-01
 0.69765653410150E-01
 0.75004855996585E-01
 0.80637475383337E-01
 0.86693050128171E-01
 0.93203335668815E-01
 0.10020247069046E+00
 0.10772715594814E+00
 0.11581684647923E+00
 0.12451395821011E+00
 0.13386409003551E+00
 0.14391626252852E+00
 0.15472317452563E+00
 0.16634147892281E+00
 0.17883207911852E+00
 0.19226044764539E+00
 0.20669696864713E+00
 0.22221730597989E+00
 0.23890279884907E+00
 0.25684088703410E+00
 0.27612556790569E+00
 0.29685788760260E+00
 0.31914646891005E+00
 0.34310807856906E+00
 0.36886823694712E+00
 0.39656187321564E+00
 0.42633402941087E+00
 0.45834061700204E+00
 0.49274922985528E+00
 0.52974001776566E+00
 0.56950662503319E+00
 0.61225719888304E+00
 0.65821547287802E+00
 0.70762193084181E+00
 0.76073505720830E+00
 0.81783268013499E+00
 0.87921341417026E+00
 0.94519820974442E+00
 0.10161320172671E+01
 0.10923855741580E+01
 0.11743573237154E+01
 0.12624754753435E+01
 0.13572002163048E+01
 0.14590260858570E+01
 0.15684845233542E+01
 0.16861466026606E+01
 0.18126259660233E+01
 0.19485819713959E+01
 0.20947230680790E+01
 0.22518104164586E+01
 0.24206617685687E+01
 0.26021556271784E+01
 0.27972357021037E+01
 0.30069156834579E+01
 0.32322843525795E+01
 0.34745110524007E+01
 0.37348515400224E+01
 0.40146542452429E+01
 0.43153669597049E+01
 0.46385439821741E+01
 0.49858537461964E+01
 0.53590869569725E+01
 0.57601652646779E+01
 0.61911505015984E+01
 0.66542545102650E+01
 0.71518495891712E+01
 0.76864795815331E+01
 0.82608716307831E+01
 0.88779486239070E+01
 0.95408423401710E+01
 0.10252907318025E+02
 0.11017735446783E+02
 0.11839171281813E+02
 0.12721328072187E+02
 0.13668604477775E+02
 0.14685701938455E+02
 0.15777642641317E+02
 0.16949788012470E+02
 0.18207857638399E+02
 0.19557948497956E+02
 0.21006554360096E+02
 0.22560585173874E+02
 0.24227386244211E+02
 0.26014756944386E+02
