   4.14939981546718960346457866321383642      
   4.08034713254313690526509667989540766      
   4.01120927616412924867163098251659643      
   3.94176801569582558274533688749913700      
   3.87178570222280323462621258752823652      
   3.80099959137809998288993171925575877      
   3.72911475355642158273999871320281360      
   3.65579506862412800776860416444753726      
   3.58065160531204641114885389915697172      
   3.50322741142264239286316987418344214      
   3.42297736929174275349574385547891879      
   3.33924128919381600160332298230465932      
   3.25120782557579321845705133280619121      
   3.15786607921643647667196174464896955      
   3.05794044846741850369741631111445245      
   2.94979988316192926980170824359141193      
   2.83131583829335544104754018788219375      
   2.69959199924780281824025621579365813      
   2.55037742061626771585314682821858809      
   2.37677217852079483821961641967252914      
   2.16624079058317719944114860592498453      
   1.89205057285285838284959002211128886      
   1.47370888507710127393780270909378641      
   3.92249410608217242121031453762143934      
   15.0638554683325698505770700216951480      
   23.0246161601023110879618194890309930      
   29.7088653035347659438554572364031290      
   35.6200776574343878690831048317892893      
   40.9931529582089249877679582228266833      
   45.9621868436718744862972240712684231      
   50.6127429471263814032699276627564580      
   55.0033712465085805262864377273693635      
   59.1760562373765540465056518616595925      
   63.1618733876337623158432611613129577      
   66.9842539711053924333226680885478062      
   70.6608880561057576295636827527247264      
   74.2047030741197562368017404690433666      
   77.6239608614947252805347842303950646      
   80.9208031178950518959663215689847118      
   84.0831050172685848867359169607759202      
   87.0664590378879187364715264543615631      
   89.9611316938347397397752339580192246      
   92.7815745370336240510646201416900645      
   95.5320998236679438944138452263092019      
   98.2165994613684112744291537194839992      
   100.838600660841198321236303032080626      
   103.401312242973167903573715014791014      
   105.907663551276099611600437283488361      
   108.360337430648675857110953716478371      
   110.761798384306035485547650239734282      
