   1.84458819566955960521893372823718233      
   1.84153697286267934113990735965794574      
   1.83823121176842396770342339638818868      
   1.83467254289513850259951122424596018      
   1.83086350820418916196158524279350209      
   1.82680750111182271879365462169775989      
   1.82250870509634290252209813955318205      
   1.81797203188664759582062374583478856      
   1.81320306007149537470605166365307299      
   1.80820797484101744170693930413247973      
   1.80299350945492234804717635190190092      
   1.79756688892597245573376305927540749      
   1.79193577631396660816362842977107297      
   1.78610822194389164755809143110662259      
   1.78009261579265767336734370689499938      
   1.77389764323124563222437178882276545      
   1.76753224426240390754245422161080790      
   1.76100557635848494160703526221773433      
   1.75432698097836451563422932706656228      
   1.74750595382686264325229930390657767      
   1.74055211891400589938272697325490000      
   1.73347520647533240359071969259853996      
   1.72628503482784065003116662609423592      
   1.71899149626037673593042339498686615      
   1.71160454709258481805948872163448997      
   1.70413420208533531840133660774474554      
   1.69659053344890384210482455209655988      
   1.68898367477789697502763318755028431      
   1.68132383034627098219563825814081186      
   1.67362129033020972403975308769319916      
   1.66588645269712044934273553279836530      
   1.65812985271838722357130692263372480      
   1.65036220134706347093323206716379301      
   1.64259443407089488400808285308384985      
   1.63483777233679122507210026750849763      
   1.62710380028894691420172513695220165      
   1.61940456043056146931287376565732096      
   1.61175267300060157527796008181589804      
   1.60416148548554653956618388267818758      
   1.59664526096288825858128794102962895      
   1.58921941720592366951736207243651545      
   1.58190083314583364735299140632384925      
   1.57470824614730426772460572327675007      
   1.56766277384311183286069967514356345      
   1.56078861005086292761784912591305800      
   1.55411396909235684811141922008384143      
   1.54767239289568758516156305466940500      
   1.54150460201048657924079301240296948      
   1.53566118685354286169664930147633800      
   1.53020664238230460897007786426469897      
   1.52522563849449761837738675312090734      
   1.52083319088662034919689565491593199      
   1.51719203286153401773065634741435041      
   1.51454424000830243124470093498699801      
   1.51327369311907051669696681882556625      
   1.51404381222484579109616722766823021      
   1.51815438759227688048162611789094911      
   1.52874615263102882779197615193217166      
   1.55778849527867188765754299272053861      
   1.40313766587291154981266363461768389      
   1.31872959952563635758170173267811228      
   1.27598306369072120625215621338046769      
   1.24302769643809789404008336704577767      
   1.21473347246886017565981766805563865      
   1.18928753055927390255026833190810357      
   1.16585330695682929464223753296122639      
   1.14398666335696861513907130934903165      
   1.12343306316155516888534853184337219      
   1.10404532397500818992570007984524271      
   1.08574891704049699104632657597976898      
