   235.280614361362568539608996099919078      
   235.267398252920691943430308615444345      
   235.245344436907296887094055418885134      
   235.214434248976715528495777107827346      
   235.174590083390456481497095348677736      
   235.125444338776053388807443023432378      
   235.065988836631540848146481191987230      
   234.994349362621665957363545395431147      
   234.907769381763048660460353494682538      
   234.802665578558031586127907526554146      
   234.674616970015946859093141261607201      
   234.518314317210860878080750899262518      
   234.327615713735660775896815175640754      
   234.095814908390971749219961700453113      
   233.816099488503492316365168934609334      
   233.482075320592335699668237086331218      
   233.088214035931201679181744015736478      
   232.630124497707218564782779605985270      
   232.104615669742236123475916131764668      
   231.509574688068568679575339999336662      
   230.843715909442845673227653770786542      
   230.106264387440275621447623715853207      
   229.296628089565805839638498827897043      
   228.414096146513260078951494630231175      
   227.457582597061780159201548863240744      
   226.425420506727469928742462665686702      
   225.315201378181826271175273087271871      
   224.123649098821943726849228232068614      
   222.846515156385564776095114664609628      
   221.478481196628905278598740709250256      
   220.013055096856735691590864225573158      
   218.442446707508434653392050795535018      
   216.757408623593621531572884468708352      
   214.947025175477791534007261822698375      
   212.998428598498702568523866905363760      
   210.896414020657437459873168145714470      
   208.622912784099661462798359002490050      
   206.156263655477349339732867799511130      
   203.470188064600424778088505803728086      
   200.532317813439719143547561793146337      
   197.302019769975769620815231657946415      
   193.727064519935556641657623207718282      
   189.738284348952261298074566622003335      
   185.240476581358769740337068425646695      
   180.095603931756543774202409239668185      
   174.087950352427058559090173499033730      
   166.837277913755962495618613406553214      
   157.487125415877231467945837450044670      
