   1.84051559052455421330919456748701638      
   1.84058431707965585362462144042804261      
   1.84069880254864153520807045571057420      
   1.84085826717757923691336935531203291      
   1.84105471139771427871132885748298300      
   1.84125421271351088424442071978531193      
   1.84138051400345717379286651959985949      
   1.84131811404159394853214046153422523      
   1.84093028419764104888045503583017239      
   1.84007881958232909175502334487534218      
   1.83863748297329309518671198856842188      
   1.83649726908130273541483201208046814      
   1.83356504120379605524580345754119113      
   1.82975851118822691504428302686519860      
   1.82500066591424683145576840300172758      
   1.81921594027583311396004513190014828      
   1.81232916897198150205905984281066439      
   1.80426716307163657893408315364915466      
   1.79496201142948181340595567711584125      
   1.78435497638644682855766026409001802      
   1.77240001053091668152025319478746986      
   1.75906627038135986018564957310520209      
   1.74433937508138518218514353090719005      
   1.72822145233011437533305791834561592      
   1.71073019403556839650067594691945046      
   1.69189721895753921215805459206358253      
   1.67176603818462249964806793092374360      
   1.65038987407953987380220210666219838      
   1.62782952090429975364303447290159040      
   1.60415137313725732800322327714874630      
   1.57942569492500593301558046750536261      
   1.55372516458044701672715474081912014      
   1.52712370151041139401086090008863223      
   1.49969556770034212323616297889764045      
   1.47151472984177750719454953974440668      
   1.44265446956055872415667238680175583      
   1.41318723711461823724737045566672437      
   1.38318475855104911189227979562903413      
   1.35271842951821916772860582591943517      
   1.32186006506426927597971307957333293      
   1.29068313248368593569802699873744535      
   1.25926468982329354016534604091087472      
   1.22768841636140256380356475112826896      
   1.19604940655656639102066565793249955      
   1.16446187610053507650653292053465722      
   1.13307148079795958805998625205892906      
   1.10207194500603285214848033982512304      
   1.07167804729428531567055617076344509      
