   5.75680180862328832789351820703013421      
   5.75669425692907361772361239387902961      
   5.75651514666352854602816251982383796      
   5.75626476313267428464807625175395306      
   5.75594350843090283776489997794767825      
   5.75555190161226143449856845252225088      
   5.75509057435715833598978940057077443      
   5.75456026206713240647348421431806032      
   5.75396179112558560771997040943565439      
   5.75329606378550483466006663920906249      
   5.75256404310339373829784783827546572      
   5.75176674225758632710102001258699253      
   5.75090522502348462400745508830911304      
   5.74998062602765826717636006779456191      
   5.74899419915014476555609063677947179      
   5.74794740034703301402939433367047785      
   5.74684200727071572800073474490843969      
   5.74568027408391378996777617242658523      
   5.74446511586842008138468054304463846      
   5.74320031351354816886666769318525102      
   5.74189072736081663749812901448191650      
   5.74054250592455537799882405265005858      
   5.73916327537729749129152916105682444      
   5.73776229606763577475978629208819685      
   5.73635057418791925393145728766105073      
   5.73494091968924157442513233629044192      
   5.73354794520645656055472505923084814      
   5.73218800463230794794703492831412333      
   5.73087907381828916659976668012933940      
   5.72964057911696829787570209015798613      
   5.72849318203050653780601961785199826      
   5.72745852992420867212897772815813010      
   5.72655898361855651984048758540239476      
   5.72581733270557368864170966034872575      
   5.72525650883953851202946805778515849      
   5.72489930623324429332480118856570084      
   5.72476811707998610100112620624958918      
   5.72488468812322268149278408479675625      
   5.72526990291132883366409788424343218      
   5.72594359273461705359539879412528329      
   5.72692437778894172808270072568545893      
   5.72822953887606484278762571087038676      
   5.72987491890773564622434593209764450      
   5.73187485267328034597556145951595076      
   5.73424212273755160704709998100027453      
   5.73698793889309901051253316201190309      
   5.74012193838342715028462295277829922      
   5.74365220403058179465569191133756854      
   5.74758529736342716366743142381071692      
   5.75192630400185142956569743553537185      
   5.75667888872535496769804219683320987      
   5.76184535779749510541642305443947225      
   5.76742672648725605794030561227733713      
   5.77342278980822641218450151947716984      
   5.77983219491665256714083086405654815      
   5.78665251372688351188248733784191093      
   5.79388031457291421810107610618545276      
   5.80151123197074764453974240087074774      
   5.80954003367301611342462734850954696      
   5.81796068439051762623042730617938080      
   5.82676640574220138790353935383293291      
   5.83594973199518674375874677651276002      
   5.84550256138217431540592966852618857      
   5.85541620276696756956455197729238232      
   5.86568141753529967415806312727185532      
   5.87628845658963553477949513596664122      
   5.88722709238185970345961248187504931      
   5.89848664592567496990510408241264065      
   5.91005600866199642888103566656242982      
   5.92192365912072203619433091648932638      
   5.93407767421249032376178678029145473      
   5.94650573496389462289630906542047357      
   5.95919512642544184216032212022781647      
   5.97213273138427623583202656207681885      
   5.98530501741739556391472723395331048      
   5.99869801669613854837123680115742498      
   6.01229729766745408830225952798380018      
   6.02608792768959353799658288054312457      
   6.04005442527654728890866808706536042      
   6.05418070031651466435146850084526404      
   6.06844998016337334547293018453923658      
   6.08284471899025290905310613259875597      
   6.09734648695274684565472536862619825      
   6.11193583486444510170664360695581363      
   6.12659212871559874106500923717516073      
   6.14129334675459751278234674039256206      
   6.15601582953204040612271501807111275      
   6.17073397015040260631521681169511374      
   6.18541982771807029828095579154053542      
   6.20004264083131197918365189324706461      
   6.21456820922357240353916101911088247      
   6.22895809913056699106063962485723351      
   6.24316860901063632629332020312124038      
   6.25714940401515853071773011749257389      
   6.27084168339317150354841584093300281      
   6.28417567503561167658523297466931577      
   6.29706713649706982228526030381124021      
   6.30941234723756006470231538204365410      
   6.32108073478803645160732880995280702      
   6.33190364915397416084230332010624315      
   6.34165658646987808087699759125699985      
   6.35002967646787850873660685554794292      
   6.35657577113156728618974238048269955      
   6.36061225156379496294717138980740099      
   6.36101663962333244933395467019846628      
   6.35573959227560765591694667530196899      
   6.34037181665236945720967247897284725      
   6.30194629847939699527698577913229069      
   6.12657868959345685308289166840122948      
   6.75279262995423249040340175210631639      
   6.88554622037783306493022090292384152      
   6.98351729946984555441820677704574083      
   7.06818294840846132986758070435148613      
   7.14579921392806764063976686762533748      
   7.21898414454224812150244595653609632      
