   77.2910623092873835704092956615083706      
   76.9947089502371537134660303972033215      
   76.6843444670403088344127844625160989      
   76.3598400828730899144676307086995874      
   76.0210843012687806332878612830886921      
   75.6679806340289325676950016995402029      
   75.3004452935824699661901731562713380      
   74.9184048650990924246473177543042675      
   74.5217939690852951006014224386540117      
   74.1105529209624399009408381741813875      
   73.6846253902693185378002203750484365      
   73.2439560585629755878556318320378402      
   72.7884882717922933281364259569017848      
   72.3181616798080870659537965479891107      
   71.8329098526913385810755563315287665      
   71.3326578606323451572103316197692397      
   70.8173198011179513200158609752804199      
   70.2867962540441558809476057658611465      
   69.7409716419964224958848780202039384      
   69.1797114691777043481359331713909556      
   68.6028594081725880216074890608133423      
   68.0102341987577644091035248249563603      
   67.4016263170631512415246779400701317      
   66.7767943663406653959991194463826923      
   66.1354611320434102222912865861193460      
   65.4773092334993641478861864695715237      
   64.8019762916338965646070774823376496      
   64.1090495163202187610560984005643980      
   63.3980595971359630360376455953455843      
   62.6684737564778785081016628255713722      
   61.9196877926077129042021216591000390      
   61.1510169003059801968642968356098486      
   60.3616850056631520729024063459527581      
   59.5508122854909401305268009445939952      
   58.7174004557764354234077303586627260      
   57.8603153004821505002310598205697229      
   56.9782657618286763230935166220367871      
   56.0697787117319777587886071203218581      
   55.1331682507181216112247665538867198      
   54.1664980051374656901229045501187624      
   53.1675343707445542470320211672484342      
   52.1336879123042201712764136010240413      
   51.0619390690999144746324472493544150      
   49.9487427683654671681647180388666820      
   48.7899042438495573323637750902353120      
   47.5804148500653431383718763783647774      
   46.3142311973250460376063446695728558      
   44.9839721779344080747324706676393546      
   43.5804939837954588349033539207440660      
   42.0922784111447342719490026785892602      
   40.5045253585086426888029367047862993      
   38.7977567680100506242626766067608128      
   36.9455713111164230546159326750214663      
   34.9108243862694502552786574859320786      
   32.6386335603106622943934014455953582      
   30.0422300419914087945863548888752469      
   26.9700101058943777874059579921533930      
   23.1104625362821567290312591110840888      
   17.5859024778658161931598572973232999      
   9.26923987745637371124111514261064098E-0003
   1.88087557597433775126304321653358961E-0004
   1.25805002043559433878783401213714800E-0004
   1.10801142738369088523094777221035687E-0004
   1.00763681021774958058413286322812355E-0004
   9.18803154292303364361534781405982210E-0005
   8.28459935110247124104715881935424586E-0005
   8.52121329771651375020543770925014340E-0005
   1.02210169966432201938585364060006716E-0004
   7.58430423164577983138788872151106572E-0005
   6.79664383606548815376642339223688138E-0005
