   222.144139899120827254926381209316354      
   221.470185741361646678323543344674689      
   220.770212986556005515200352277170218      
   220.043594644543720032114472528626333      
   219.289688431881627841921585285303764      
   218.507833897908627000014504067170320      
   217.697349512938423597147763176147581      
   216.857529699716959801545239845153852      
   215.987641785050530094181925286259316      
   215.086922844615105245535169520345957      
   214.154576410287783321179461015317328      
   213.189769005667753012780006097695875      
   212.191626471649902626789796136469437      
   211.159230039777769673118361166191882      
   210.091612106465742802021114674995398      
   208.987751655819388261707638823810066      
   207.846569272522313994436995543711608      
   206.666921678783377311476491060595287      
   205.447595720428167294019191511985580      
   204.187301716474833263924918125527331      
   202.884666073556826069987064045436888      
   201.538223050847639202085621581569097      
   200.146405542021143126939831174690614      
   198.707534717506478064661820664386773      
   197.219808341783923228376300211772457      
   195.681287545486263916660642351875472      
   194.089881788894557939971059539862442      
   192.443331699924230403169083095288452      
   190.739189403022537128020083366362432      
   188.974795871858243007926817867358461      
   187.147254733284684481171155291640439      
   185.253401816233916707464645731629882      
   183.289769567957864930710770890946490      
   181.252545239240205446180550381951066      
   179.137521453009654981068590388435456      
   176.940037393853864201607592849914235      
   174.654908356309015966619241931459067      
   172.276340720485970296898441576093824      
   169.797828516709377345363107771832474      
   167.212026496773685494388889653677151      
   164.510592899802244925960223344729411      
   161.683992660781795907321426133460338      
   158.721248312623412544043805264812503      
   155.609620731497759211153891927786369      
   152.334194289487938798360264337123091      
   148.877329452917488287918011684110826      
   145.217927925753661170413803431847166      
   141.330426744189171326039420708851077      
   137.183390377404896182221650046752721      
   132.737488861227676545073543014700099      
   127.942505270586535005372417895327496      
   122.732743726243853099207008894025946      
   117.019664325548741782233917415912551      
   110.679392009127020468088612325882825      
   103.529929003196440950016578805032363      
   95.2852626444774063707297765096319475      
   85.4490434503148515294900822120623281      
   73.0096012241854767842405533928624091      
   55.1464203474856874395842178724724347      
   2.98739857306888100815258052440583742E-0002
   6.36346444540766210009749582767456060E-0004
   4.33260111082279671845209017924143675E-0004
   3.86800703480003451552377633660726146E-0004
   3.55924762249170823503955148549337789E-0004
   3.28053285745817596506907181476474547E-0004
   2.98789770197734923765306990046815598E-0004
   3.10275403347610401377019161977097465E-0004
   3.75587746955533079675880873213282399E-0004
   2.81154553447823492935660575483708324E-0004
   2.54088177630621854072048707170349408E-0004
