   1.21346629818523160365651885806801662E-0002
   1.21527579663537700317397281142954216E-0002
   1.21714096418584971174424228348951997E-0002
   1.21906299537571163208557508844798294E-0002
   1.22104319386792101116197642726801987E-0002
   1.22308298408306049482304678632920590E-0002
   1.22518392264392703218012685479789935E-0002
   1.22734770971081829214831446488336878E-0002
   1.22957620030490861808501183401505743E-0002
   1.23187141573302732406189562718197217E-0002
   1.23423555524165730691879732866669878E-0002
   1.23667100804170458566134865702602136E-0002
   1.23918036585908300902226793516582218E-0002
   1.24176643617995275371182879065898763E-0002
   1.24443225637403966001806564634411750E-0002
   1.24718110889573126004809040125815721E-0002
   1.25001653778087748325863050366868423E-0002
   1.25294236667844055093139598794531542E-0002
   1.25596271868103669800371777662965397E-0002
   1.25908203824787558160330073863873356E-0002
   1.26230511554868280509076625016431292E-0002
   1.26563711359923775157758014088676211E-0002
   1.26908359860946588823619063676531845E-0002
   1.27265057402546769551531009447072809E-0002
   1.27634451881964402930106828721983382E-0002
   1.28017243067072879092612497175296140E-0002
   1.28414187478137634153941330892537640E-0002
   1.28826103920927836224329459645373640E-0002
   1.29253879774334316421842880364395763E-0002
   1.29698478154628736031712643285728136E-0002
   1.30160946101687788627083838364957947E-0002
   1.30642423960999744142349239190313567E-0002
   1.31144156170407733092409962079599229E-0002
   1.31667503704116359232874985507237600E-0002
   1.32213958480798020329590093991455433E-0002
   1.32785160110696498056750998524649226E-0002
   1.33382915442500584259302639837595691E-0002
   1.34009221479792945884533024682729602E-0002
   1.34666292376274328997382469284810627E-0002
   1.35356591398560086606614529946859168E-0002
   1.36082868978553712466716243466414383E-0002
   1.36848208282867042442653509528995037E-0002
   1.37656080130493324837611302782641500E-0002
   1.38510409628836690333989190545338507E-0002
   1.39415657625132200485998549132373973E-0002
   1.40376921061969745275807499748705123E-0002
   1.41400057695182885603884474436573006E-0002
   1.42491842548932396595275959966445823E-0002
   1.43660166203780169416847184128854867E-0002
   1.44914288937688807748778687826553021E-0002
   1.46265170497462964089327554356103891E-0002
   1.47725903887560252529899141066822454E-0002
   1.49312294710118569227753517829113818E-0002
   1.51043648141345521721297655048202669E-0002
   1.52943858609469580724914588356901633E-0002
   1.55042951758643546863972196433640035E-0002
   1.57379321508260485879916395745572256E-0002
   1.60003070755097492886390115365320054E-0002
   1.62981172569414775288928583197754263E-0002
   1.66405773675038568023625760001951411E-0002
   1.70408227226445590867851125642649282E-0002
   1.75184302219107788937938318104072113E-0002
   1.81043143621449303269093911288111466E-0002
   1.88512694806746123430236820857621225E-0002
   1.98601829788370495910235996400781081E-0002
   2.13611243496058575634826812036132073E-0002
   2.40838751594397112946728942568250376E-0002
   3.49654802889066612202086929572322338E-0002
   5.04477980926542176227072401150012415      
   9.74264489959216776817963232527450255      
   14.0439887279389554418427845954485537      
   18.1327974373760071220048261957811436      
   22.0810467355038140439422959006027295      
   25.9259137724985552385670639808723842      
   29.6895199277050805540012456808497941      
   33.3862839087711723052970197103194714      
   37.0262367325165404716203335059150298      
   40.6166849167722267656312278065254427      
   44.1630890316301888689274897906258072      
   47.6695296983287570660234106042153940      
   51.1389431088070303040204187526636403      
