   4.42456089616840194406202168409040928      
   4.37072570581344294324263551156826441      
   4.31808203271473614538083234092644328      
   4.26656623622728052080588122965648753      
   4.21611837106940538506597383118962349      
   4.16668182325521986108188168478068261      
   4.11820298370092602349340707417829474      
   4.07063095510144812583691479174628303      
   4.02391728814638914919914919270845168      
   3.97801574356075930575441332020212986      
   3.93288207682308208058104618804247143      
   3.88847384273797921835405514837038037      
   3.84475021732717348029088240827099196      
   3.80167183475589226602517146151544256      
   3.75920063723402226926651294415839716      
   3.71729973602627992393716385944295346      
   3.67593328187441737158440419107321225      
   3.63506634327943793950546025762517756      
   3.59466479121412875162137922359509601      
   3.55469518893681185927739292212428118      
   3.51512468565673973323543236357988773      
   3.47592091286072056591975747387336208      
   3.43705188214875734617969137404562068      
   3.39848588344370725668401655556919441      
   3.36019138243525136883583790479167497      
   3.32213691609018779758732226055326315      
   3.28429098500720596780115722096197424      
   3.24662194131221799457379618070359762      
   3.20909787067547337952711072105653606      
   3.17168646687971899533840072703818191      
   3.13435489717213462344453397590209081      
   3.09706965638346461008753361643992418      
   3.05979640748403079084128681968971525      
   3.02249980585372142642622968011172966      
   2.98514330405243261938145246138298330      
   2.94768893326367180585545707495335024      
   2.91009705681494983654466708312236949      
   2.87232609021083720870729027384172447      
   2.83433218089079003977530149615815217      
   2.79606883936784378672494931628379405      
   2.75748651141223289585737974753866483      
   2.71853207837555139241686734769300845      
   2.67914826941206138783705413081092886      
   2.63927296497489840860824805700420862      
   2.59883836516768081977922612710313585      
   2.55776998877613294947220639047893924      
   2.51598545831167459870350070696064054      
   2.47339301202857728717667496151036461      
   2.42988966393132076384919733749466666      
   2.38535890470002108746482563794228939      
   2.33966779626445651137463416781678583      
   2.29266325420398537775297768578761775      
   2.24416722516351508253323353585176217      
   2.19397033437321915078062154245739631      
   2.14182337270981115567062953132525731      
   2.08742566347124338670198481048965838      
   2.03040880463717469351757765353451884      
   1.97031334834201051353197813484735455      
   1.90655430618283258387813402707956839      
   1.83836821652880188522847740367205006      
   1.76472820189796323205276485959519098      
   1.68419987001981777166528850511598253      
   1.59467895015807686603512066519010563      
   1.49286708137410509097832936917070426      
   1.37308105220652647534660626769340984      
   1.22397437861649253550645796584911306      
   1.01588755451951288549515764767284796      
  0.571639709836869041747195667977130717      
   5.04477981413248484898422529712876736      
   9.74264490024275499900837873007394227      
   14.0439887283150825961403164002837646      
   18.1327974376810300182367238987830344      
   22.0810467357719050931461400344970091      
   25.9259137727385862831186916558330663      
   29.6895199279224423486810518367454165      
   33.3862839089749026365323727900384553      
   37.0262367327148815484584668515345125      
   40.6166849169749971195558248313554267      
   44.1630890317959454611081513202580269      
   47.6695296984738758140630886074286626      
   51.1389431089412104836106555402912012      
