   235.280614361362568539609003427063999      
   235.267398252924457508319123671013411      
   235.245344475392038201665013753449626      
   235.214438641360550796284178092055845      
   235.174671149317033956439192001023309      
   235.126038996807595368022338690060444      
   235.068547281637839025726622225867612      
   235.002210341872024434419552743938250      
   234.927052510524310266347809955680115      
   234.843108495022921836600214587677796      
   234.750423412524839434645858024890741      
   234.649052515734894094302380104774106      
   234.539060593435889891127304642559212      
   234.420520931879036568971898450219093      
   234.293513555852943361913411096111543      
   234.158122292915914653339402286562702      
   234.014430131398554192123777801109060      
   233.862512457750662864399036545613443      
   233.702428096280047557711235097811625      
   233.534208541124717249381010919375814      
   233.357846215438180186270892774744731      
   233.173282885649549184160248046854090      
   232.980399413998332940922666921044373      
   232.779007867929150321264782893875710      
   232.568846679339479597333077794504534      
   232.349579155081031655069174273075881      
   232.120795259416606465950282352452851      
   231.882016284147235494850601049871622      
   231.632701819089624799851198741987627      
   231.372258331908283985781558873437387      
   231.100048661748258369843865034221858      
   230.815401784052714269029203704573115      
   230.517622308868767022862383736799776      
   230.205999294121105690946605293185515      
   229.879814077901683398831134418350391      
   229.538346952677717646200580585020598      
   229.180882598510859838263313625834352      
   228.806714271878968341451364981505076      
   228.415146806723797896083055596419684      
   228.005498522224987612752953392484878      
   227.577102156946722107071619359841246      
   227.129304960263322881316693492561333      
   226.661468073640292140694768603253864      
   226.172965328479279476055706676325468      
   225.663181578107978073054609473534498      
   225.131510666448445182735970882906270      
   224.577353124664398689421547828235836      
   224.000113669061821970473401087983856      
   223.399198561061433491716439802094707      
   222.774012876774026736518476559249801      
   222.123957719688904084886013995694966      
   221.448427400471805236031841738674618      
   220.746806597985500837051436774397630      
   220.018467505741285056680338430573461      
   219.262766962700674448604789591320295      
   218.479043558981922139882414819882777      
   217.666614702614531376454565442253252      
   216.824773629223137128973548603991311      
   215.952786330400965899679482505030200      
   215.049888374226382765558820543921208      
   214.115281587180700837109191863630056      
   213.148130563112785241657172694931510      
   212.147558959737136000186992434226895      
   211.112645542204733973064591562537685      
   210.042419924170123899395337479623835      
   208.935857954812359370542810335186782      
   207.791876692835214798089815876237493      
   206.609328900444266803756382100878045      
   205.386996981112845611622861683261588      
   204.123586275613336852836784191292801      
   202.817717616089433221540998254945950      
   201.467919021585810621933655226250861      
   200.072616401496799680695601297059686      
   198.630123107476449120887889340035090      
   197.138628145617619956064520120311190      
   195.596182827186633962583720188461362      
   194.000685589558789899191226001563764      
   192.349864667370675481308620224433668      
   190.641258222665011158480783622014245      
   188.872191464101683119606912240295382      
   187.039750169331270485554572987126052      
   185.140749896291799641391650430090988      
   183.171699991347466262995745102051646      
   181.128761276913498541778069240930157      
   179.007696009647554517020815442680104      
   176.803808315564803789973336467555337      
   174.511872798036342221538373219744767      
   172.126048331130874563362494568101995      
   169.639773123558644582951150623203922      
   167.045635865530788825579118606986363      
   164.335215997382749551423553125417980      
   161.498883640309531380029895345066664      
   158.525546134068738617923027131222132      
   155.402322886899668172931502122671150      
   152.114122428105181858686546002555425      
   148.643083673859367515566312808015292      
   144.967824877360886892578068311823952      
   141.062414035039931600469870744955155      
   136.894925378496363176427132305081181      
   132.425362263246264541906821469342776      
   127.602575655912370158019109309860186      
   122.359522161265377302379065550679600      
   116.605631539491501885563504612039025      
   110.213803332853089703409984482073758      
   102.996541592201143359632292877737019      
   94.6574901708451699364961002342722847      
   84.6777786175029253864772318709762279      
   71.9835220931566590990590720429094685      
   53.4742325890416854449165615748379898      
   1.39352428935254996739254086578986606E-0004
   1.39639195040387311391574756976905630E-0004
   1.35753119891398792131771632278094092E-0004
   1.29342079694586418549553036373120402E-0004
   1.22181995382129568344908071525700552E-0004
   1.14978487983219109564561034898615098E-0004
   1.07311537558135334702086324988749426E-0004
