   5.75680188116313107596348891164124789      
   5.75669440201725230383313969820394630      
   5.75651536527948854198877386284063055      
   5.75626521119695772645432529103083914      
   5.75594734521490266994038292726306588      
   5.75558025026539455300598082274946109      
   5.75521689085141948454379454271850028      
   5.75495535654277541158036492784186465      
   5.75493291454055367271793716390781083      
   5.75530982224661472864287970229415736      
   5.75625245347783041330908871790869242      
   5.75792164542290299837392837555388610      
   5.76046792391042162005623293473050299      
   5.76403237739051558116727609120985137      
   5.76875055616075895389358463705677032      
   5.77475668061312300311021930897006442      
   5.78218624894735224776949783528938218      
   5.79117627881332188931926523299102333      
   5.80186340609256019411922418724621647      
   5.81438064153408798241104776869275703      
   5.82885373555974575205987710878122804      
   5.84539794843000958982741491328959579      
   5.86411572897573420707535502123508839      
   5.88509550121032417622961293261132184      
   5.90841152016321923360435296910792903      
   5.93412461171993440869024274687021645      
   5.96228354857158370645182575790219208      
   5.99292681272061488112941876459396596      
   6.02608452919303023957096812399215299      
   6.06178040500401294553148850136481644      
   6.10003355789687159419472616091193600      
   6.14086016327030750060222339269743016      
   6.18427488161906770491962387096978700      
   6.23029205246378149740088379039988536      
   6.27892665506065538076916898631195923      
   6.33019504275107575651007369950423381      
   6.38411545787093414979654627664727591      
   6.44070832860777371166205596164675200      
   6.49999633815526115974603455196263653      
   6.56200423910243123250717039984136913      
   6.62675836005150538825163040653850508      
   6.69428571274079422087122118873578305      
   6.76461254920114691291923528137700527      
   6.83776212688849268682988336151364730      
   6.91375129308493810952646418511258649      
   6.99258525883008965360091343671769400      
   7.07424952635103427626224204740801550      
   7.15869723592622548566542174765701124      
   7.24582899396441397346019239138955710      
   7.33546027385989943359236327278416331      
   7.42726920831614151904207249820087732      
   7.52072308272412497714751026770846818      
   7.61507565594811447153376286053381015      
   7.70995215137819375161024244993989116      
   7.78551971009403711542221330531940760      
   7.75030377786258912626576437495363153      
   8.32932828699175674549445440296838206      
   8.44142424661814927076293958495645102      
   8.55972796042191067418996315232384011      
   8.71659671656047066611105692627627420      
   8.92606804989363296711747399076019902      
   9.19967543475613724745744120699422962      
   9.55159254365941646893692476941535165      
   10.0018047307699806223828654798447687      
   10.5770721004157270557232713611688373      
   11.3066638462874681613545405748534750      
   12.2120054451836873279981724888413422      
   13.2925879849926503809772529847267153      
   14.5077990312579484333917588275362408      
   15.7521693089646391677627065892071621      
   16.8285220613091556216463939306362863      
   17.4281079616692706141370740819807140      
   17.1467983435548225392074437836874715      
   16.7468616963863260247203491447805187      
   16.3784891204357462388150541196776860      
   16.0379320996179902069744916281686760      
   15.7220349447918568115682662839004931      
   15.4281194990511348520535937089149767      
   15.1538961082772764499642023101617383      
   14.8973940666630176685179726532088419      
   14.6569066951667508523283924869436411      
   14.4309475488540172244846126646348126      
   14.2182151829084895563049019569110067      
   14.0175645685532630578060404351110373      
   13.8279837250472963233935075018488732      
   13.6485744792006525638231979016658794      
   13.4785365178221744249836761886532255      
   13.3171540873856873672720939722569777      
   13.1637848369858582995053226205855769      
   13.0178504082156238710941964512687892      
   12.8788284578247144950537312231027932      
   12.7462458624363343068999352891750065      
   12.6196729038885094030632621653431157      
   12.4987182723626313846053191325115444      
   12.3830247548737784666652216856960215      
   12.2722655008244449542799723700573660      
   12.1661407756088493569074922354475269      
   12.0643751287056367575821988727457651      
   11.9667149152132881265817759591801527      
   11.8729261199034305644937522477668372      
   11.7827924411577405384110850184272975      
   11.6961135989233560400445832045983416      
   11.6127038364216940200064918031758724      
   11.5323905899512677317073134208146110      
   11.4550133049715757145035031868516885      
   11.3804223798503501101045796442992969      
   11.3084782213333468886669700863405332      
   11.2390503980554306763197317017184755      
   11.1720168802833438730543937645081669      
   11.1072633557305069087120613934620647      
   11.0446826125951353727935760779934730      
   10.9841739821517325676076507683801896      
   10.9256428342415649553022816477488866      
