   235.280623255560065767173916371830369      
   235.267416041613270545684319123180784      
   235.245371155904619416425538501310907      
   235.214473519134768719238910154192424      
   235.174696925657909177939177747742619      
   235.125917206036638677475122151590904      
   235.067712195206152544311626983474712      
   234.999138938342217204701347172913495      
   234.918599253087705283662045390842433      
   234.823788379035157771690736714922608      
   234.711654338898946144449131265619487      
   234.578351944737155748766709540300185      
   234.419260933584399314385881961448752      
   234.229145911374473948494132853319591      
   234.002467345664208895933127664250753      
   233.733776899390080705264710870819081      
   233.418097758239586776724988325868668      
   233.051205615501325207228638786352040      
   232.629766535997381848615512539983258      
   232.151330212505215728728702608320161      
   231.614207009120023308274758235315984      
   231.017270772838500502123192963709343      
   230.359729366019634214526832384169320      
   229.640896510488613631190324445724469      
   228.859986976015697787154025312381829      
   228.015946047929387016503734691122652      
   227.107315488734784050136266060007796      
   226.132132397545378927918336638324813      
   225.087854151424802754382556911359501      
   223.971301301408051312859706615955932      
   222.778610168499195378062421472277172      
   221.505187325567714912244362970621830      
   220.145658712678327361418108614461907      
   218.693806503811680443141936083583786      
   217.142486810512134578375864951499123      
   215.483520697083009006648580202673579      
   213.707549606437338432074313565536027      
   211.803843889314009084178715640431843      
   209.760049273025291079138816936280209      
   207.561850103452422286897334884228053      
   205.192518865828542632426087189928517      
   202.632306794386623010378559613745918      
   199.857606673966302818749781021527832      
   196.839779489523927619069565015941053      
   193.543468405625044090528788518363923      
   189.924100267905334512410565003800148      
   185.924039384585982366018971972100492      
   181.466377982646028059297376336044864      
   176.444283699396943172469678531532022      
   170.701207003846482119817867096512697      
   163.989855056845865795673860837640796      
   155.872514260693543629759299614823164      
   145.410963455925214275280685480183474      
   129.901460809418618046533287989056194      
   105.812819443412949090430480831755909      
   55.0556120572441844533775646232206700      
   5.34574384743770425633126719949255325E-0004
   5.44936757953196434516262611558970595E-0004
   5.62632289976440613352050068036232270E-0004
   5.53214489963605832281892809795753252E-0004
   5.05063700418172147450435561866495003E-0004
   4.46237966170065603594498564096867260E-0004
   4.39247345064087251040360208929774592E-0004
   4.53974097652713848198791975069229282E-0004
   4.88189084385028287470389142487849429E-0004
   5.18863307457515594548332760209467347E-0004
   5.51495606554036938009605015514098205E-0004
   6.31422044341700832570176226813873541E-0004
   6.16445434588942520162376438917009970E-0004
   5.42572147798993344759889021677622937E-0004
   4.87138475728176950991574695481427716E-0004
   3.93107518392015334119542923509533627E-0004
   1.32430705999242069506162380349250843E-0004
   1.29341855738352101126636243998098390E-0004
   1.26496785811870131763540729228071125E-0004
   1.23866545122254254648283237262790083E-0004
   1.21426761181282287663733054375285203E-0004
   1.19156749648789237831210212059031705E-0004
   1.17038826727183758927072075182227922E-0004
   1.15057771967959991300289166891094172E-0004
   1.13200404093438986165280082937199523E-0004
   1.11455242770788194811913775646293372E-0004
   1.09812236487631516773069546656068427E-0004
   1.08262541787236778258024709485770940E-0004
   1.06798342789271448200412490775367414E-0004
   1.05412702588826105311889540321297842E-0004
   1.04099440087903960087404236121479751E-0004
   1.02853027272302655795496346068128373E-0004
   1.01668503041869841919550871579464780E-0004
   1.00541400532843505294693516118943703E-0004
   9.94676855060605783916331794191397105E-0005
   9.84437038646130865674888752947645758E-0005
   9.74661367452107318269762295621696355E-0005
   9.65319619255992978818386186657551936E-0005
   9.56384205252671743226476150896659835E-0005
   9.47829881630139112087891867418266568E-0005
   9.39633498839036651566009706903501540E-0005
   9.31773782874571224641488903844273293E-0005
   9.24231143856047584911606469088341549E-0005
   9.16987507970913897343277185994533475E-0005
   9.10026169490523840904905790547828874E-0005
   9.03331660087629723540681299769782786E-0005
   8.96889633118127065390879443329029648E-0005
   8.90686760885285252596139756378210316E-0005
   8.84710643201775709738671461900954923E-0005
   8.78949725811586715368272693904290782E-0005
   8.73393227440659915989730884828452730E-0005
   8.68031074419598077101501509522906598E-0005
   8.62853841966346664957628985895571998E-0005
   8.57852701344183800505062029810597954E-0005
   8.53019372211601510899145427932757826E-0005
   8.48346079571701940949212948487825553E-0005
   8.43825514807166573103131367533261048E-0005
