 0.26859175941275E-03
 0.26859428523846E-03
 0.26859851780696E-03
 0.26860448745953E-03
 0.26861236975904E-03
 0.26862310048542E-03
 0.26863939622285E-03
 0.26866638028333E-03
 0.26871138507413E-03
 0.26878323012598E-03
 0.26889146316444E-03
 0.26904584970979E-03
 0.26925614963728E-03
 0.26953207932699E-03
 0.26988333134231E-03
 0.27031956187199E-03
 0.27085031201041E-03
 0.27148487383051E-03
 0.27223213569201E-03
 0.27310044481448E-03
 0.27409751587627E-03
 0.27523040011974E-03
 0.27650551608373E-03
 0.27792873372314E-03
 0.27950549902744E-03
 0.28124098551398E-03
 0.28314026084264E-03
 0.28520845993107E-03
 0.28745095944803E-03
 0.28987355182059E-03
 0.29248261971910E-03
 0.29528531435506E-03
 0.29828974300254E-03
 0.30150517315294E-03
 0.30494226291592E-03
 0.30861333001909E-03
 0.31253267551925E-03
 0.31671698368509E-03
 0.32118582744857E-03
 0.32596232080246E-03
 0.33107397805301E-03
 0.33655386918765E-03
 0.34244220848036E-03
 0.34878859410338E-03
 0.35565525787902E-03
 0.36312194380358E-03
 0.37129353744381E-03
 0.38031261289383E-03
 0.39038141951362E-03
 0.40180373804323E-03
 0.41507409494412E-03
 0.43110182086129E-03
 0.45194000502395E-03
 0.48411663732185E-03
 0.54165691676700E-03
 0.74752786629436E-03
 0.17888557114337E+02
 0.31818387710625E+02
