   25.5609701966351035855553402254867194      
   18.1244481185043585648184299591798642      
   14.8101904330677790937776197615742866      
   12.8299687802878589256411634346807832      
   11.4767615382331673052337474472749441      
   10.4768087818298888130099447519624969      
   9.69881330799503019360501168729146475      
   9.07082670219800014975109669513724328      
   8.54962304361735972127627853869276917      
   8.10742178001171146404074421459142771      
   7.72542646615538431419316356570708192      
   7.39039148252168928554358575353081053      
   7.09266810413004659171253783014516995      
   6.82503163489338118201667127536791508      
   6.58194771401923140646280808566769740      
   6.35909772838223563494049311378797346      
   6.15306244684371613295627690165234160      
   5.96110466222527049744338078194489440      
   5.78101503574894439277148909291712055      
   5.61099916006115655201033640771985301      
   5.44959225897074292302937897489926851      
   5.29559309451073197198308454783562458      
   5.14801178816321163020214135962818583      
   5.00602814102723450076239189032902802      
   4.86895814490328430860930946679274832      
   4.73622702790808123999219045821602979      
   4.60734757218903459518555573210326275      
   4.48190269553470007316491524959428697      
   4.35953146873730099233683134065307220      
   4.23991788006585750040944333168582322      
   4.12278177299956276940101952847450669      
   4.00787147983988621511611429481947490      
   3.89495775465428221735119702260492111      
   3.78382867494506773048223352738653825      
   3.67428523295242788063304384524607505      
   3.56613737452063921181444531617892153      
   3.45920026564821390012172622585727086      
   3.35329057274548355960646200206570566      
   3.24822252922378799398700291789729050      
   3.14380352244594112075672364389230507      
   3.03982886041241915956309908636541332      
   2.93607524726056555378558809193035699      
   2.83229227467931735953124187253849942      
   2.72819085514613864085755158534800951      
   2.62342685032938292773504669876246928      
   2.51757691260589689576919293694700623      
   2.41010116707919662755703315195956145      
   2.30028242280819623665509240409192246      
   2.18712052757289056327276163968624514      
   2.06913289802043912309053935021915124      
   1.94393332445824261991729954358498132      
   1.80718743177634173538280684114291887      
   1.64929284280886938368998903026695922      
   1.44176218691828847590585015170876504      
   1.15251870059835505475864756359214491      
  0.597154579036864907065117637652092747      
   17.8885571148684725692268245688130268      
   31.8183877109957429580049773571905183      
   43.3789692525030546346959306040420185      
   53.8400065153742415209620522979199003      
   63.8367384001362301776487243870562896      
   73.9288669505332770177093527431236130      
   84.8097489183671066150945903828575246      
   97.2535561912617598751829660890742942      
   112.068751678901510832432993846552266      
   130.327957954188237973867095416915557      
   152.854476120771593342685038699714480      
   179.792613813068537826365774724695540      
   210.311160265112006377500225006765573      
   242.103037432593072080742478793724812      
   270.794963969784982202923013094313382      
   289.349749755471131496608767243161790      
   287.903200721066741410982127376371554      
   283.654205881590446116822039560447195      
   280.093554159157425710395042610486510      
   277.126646093446938657031602551334425      
   274.672492617534322532435096775918116      
   272.661551746424133029812790432403597      
   271.034022721561019114675241244778497      
   269.738454701950974941536138713439290      
   268.730580385183145740447342505085353      
   267.972319197857434333522717390029086      
   267.430915708293662649734207022103879      
   267.078191171260919786653924190107589      
   266.889892927859576884288889428214991      
   266.845130027286802638248879697417364      
   266.925885361124285731853042840030356      
   267.116595670249558329003851505147029      
   267.403791480200651951382762054116635      
   267.775789594702529676987292110623826      
   268.222431339187044422992464250071753      
   268.734860334505657883124213862721019      
   269.305334194529512488743972338231291      
   269.927065162913501748059624102816483      
   270.594085312683470455173231574091272      
   271.301132509551895796932829998716874      
   272.043553873371404406420294196753038      
   272.817223952860350501852865312867049      
   273.618475255225779756018106596750163      
   274.444039143417285176424482587386999      
   275.290995433945857078752313059479481      
   276.156729300547881429292015661577213      
   277.038894319806299755340892522511837      
   277.935380688164155862459797319751716      
   278.844287801863365718929533773844021      
   279.763900526072216791994495458125229      
   280.692668591438133515992404704005972      
   281.629188649399962273572990877055500      
   282.572188593927793347097682037722403      
   283.520513822086016769053935603168109      
   284.473115157531586273361435413422368      
   285.429038204994352714193790643490301      
   286.387413940905520810549511535215672      
