   43.8139327086305723550543541263835161      
   41.0332345719806194419400525980069528      
   37.6274526964329896114443835672120068      
   32.7501370029756854174342811525747437      
   25.7021071675196349209103523677652314      
   6.57304340526354407504628746364027211      
   1.20793755310154527402781830387598746E-0004
   1.31348228734653088267391823002848116E-0004
   1.31824366888141785374185497918593160E-0004
   1.26104352498451722393394973529590652E-0004
   1.10906525399131059365295638109836590E-0004
   9.51924707192159691685475997597609735E-0005
   9.21467954217347135917877297362989639E-0005
   9.25017092956097729876422794049192847E-0005
   9.15808369040434022309147158364468294E-0005
   9.16465079402356305708671612379354219E-0005
   9.03570553492166647213242814033625857E-0005
   9.70984347864188487854017130546169208E-0005
   8.17360715236137317730139813561077495E-0005
   6.70008413088816678226188325360400893E-0005
   5.63149976165491849647282533058822805E-0005
   3.94592913534644282776541700810919604E-0005
   1.55164842104582670677507909666662106E-0005
   1.55165143684248540515026330419798911E-0005
   1.55165308974307271740952442133142687E-0005
   1.55165351892592769475091916303876812E-0005
   1.55165287312568382171305653769634391E-0005
   1.55165130261925277975984492411018228E-0005
   1.55164895296178891900197298900380216E-0005
   1.55164596052354205557888422997524434E-0005
   1.55164244967216913634550493742316053E-0005
   1.55163853132775885509066544851478638E-0005
   1.55163430257595285818994497218365234E-0005
   1.55162984703545082691534997629898746E-0005
   1.55162523571714674731855735980603451E-0005
   1.55162052816526190431844676686387794E-0005
   1.55161577372428323223509082436955862E-0005
   1.55161101282275952590549661987640550E-0005
   1.55160627820335882332567326060052518E-0005
   1.55160159605774842788369726835922118E-0005
   1.55159698704579611420943446559473447E-0005
   1.55159246719280441425433537108064086E-0005
   1.55158804866754215479877765482156432E-0005
   1.55158374044913539973630494734463337E-0005
   1.55157954889357344779003415044458547E-0005
   1.55157547821155987159363486854568231E-0005
   1.55157153086934001065246664357951855E-0005
   1.55156770792341902327695010095851473E-0005
   1.55156400929905238977608018570265741E-0005
   1.55156043402124049144449946262094874E-0005
   1.55155698040580923584942516798198132E-0005
   1.55155364621707824862812820484895664E-0005
   1.55155042879763991341226201877600175E-0005
   1.55154732517491028460448316653502326E-0005
   1.55154433214836505921245356628818807E-0005
   1.55154144636073500864553364894423295E-0005
   1.55153866435589291710086208898580125E-0005
   1.55153598262570826381457330172583917E-0005
   1.55153339764776428862546782636836572E-0005
   1.55153090591551098906203566743443255E-0005
   1.55152850396216568852610356695395579E-0005
   1.55152618837944747600451097640982534E-0005
   1.55152395583205132813525407725394824E-0005
   1.55152180306861363793414533976411450E-0005
   1.55151972692979445392372995180971352E-0005
   1.55151772435399660739655469762271826E-0005
   1.55151579238115405215520483723984148E-0005
   1.55151392815494913094713527938229752E-0005
   1.55151212892375753608648754382162233E-0005
   1.55151039204056971320743272382066169E-0005
