   1.10139324057194604643549487062119782      
   1.07405894629358416982723778333651423      
   1.04749370984171260030080135265433767      
   1.02176139829359965878209863948901277      
   1.00404239589846517340271374193957783      
   1.06051727492680791509209864549433848      
  0.875035966526847901828716355507939096      
  0.853074821733684880745904929187031701      
  0.828822180080512628730366094024997835      
  0.797851128114172303620713800992255860      
  0.759154204448326292037243137622171196      
  0.712766624114924392210062614006957783      
  0.659085600781985365355551959591716087      
  0.598718496127371535339715201095956113      
  0.532817917086209357807712621375248851      
  0.463754102621453496156654722562766790      
  0.395324383475464838381528539252625309      
  0.331983739489957337498037925838684430      
  0.277717115421684978551574098823920211      
  0.235423569633619090212300105524177987      
  0.207132821905972943292944591611292225      
  0.195574293684650815994489313500579623      
  0.204404420785591467123892703473394282      
  0.214485451577225046546086779001122725      
  0.224432595624287843018068268984963905      
  0.234245793911539999518787703149387645      
  0.243925106390629855541465000633736945      
  0.253470703650791236229629311480952724      
  0.262882859292056846374984724855555266      
  0.272161942930256610835091842313236791      
  0.281308413768124058353817209597727055      
  0.290322814673233542017081585881357518      
  0.299205766708666740802684994659003915      
  0.307957964068079595829525461183953893      
  0.316580169371260356334205522712660297      
  0.325073209281218443274060747319840425      
  0.333437970407621933694810120086862673      
  0.341675395465661077511850681529746026      
  0.349786479662841820874414083129087268      
  0.357772267289335443705533115722800795      
  0.365633848490505130480006852412205959      
  0.373372356202957816281496686301893466      
  0.380988963237779808551273124196252945      
  0.388484879496944101695189248034422086      
  0.395861349310281899375961579636626741      
  0.403119648882823163647531672638469768      
  0.410261083843211327518660532357709336      
  0.417286986885721629458013124787292160      
  0.424198715499047339718956037627370110      
  0.430997649776504606858984199431851269      
  0.437685190302817717187912183964261292      
  0.444262756113931009640456241791147989      
  0.450731782726075246920383979226009845      
  0.457093720231973088425640250601626054      
  0.463350031461194329285608259557194527      
  0.469502190203754164381124808199669249      
  0.475551679494582924276521044323664572      
  0.481499989957572952574670629770060688      
  0.487348618210841752666583340390440601      
  0.493099065324562932492351658778381470      
  0.498752835342295656823180454278843849      
  0.504311433854603787108016989912348967      
  0.509776366630110682541798734055946617      
  0.515149138301415507023630395069668208      
  0.520431251105458779490398608029386511      
  0.525624203678148014795232849650464959      
  0.530729489902252395970213197029463779      
  0.535748597808536327017957318826625433      
  0.540683008528195133661933048986526863      
  0.545534195297655633013714739618565581      
