   57.8963128234834218834899396708353273      
   56.5755983269718579808426604415126781      
   55.2071491868163608123347012240270210      
   53.7867902623281416663810260367839086      
   52.3092016588876875358526076433551385      
   50.7675459081694972841562839188321858      
   49.1529263688095799777750764170005841      
   47.4535753293742609716138365890703815      
   45.6535925884874004377433381023299031      
   43.7309048945696472816351376331327211      
   41.6538160583658441485681696856337912      
   39.3749117734931956684016897639693592      
   36.8199312306610566527736402647110344      
   33.8673745206298574387394920899827377      
   30.3092724872322972137385383122700019      
   25.7255800436109723240850366691378628      
   18.7678764556824791701801411986785471      
   4.10371109750208949739065635968573716E-0004
   1.17277652389640635433114833959716910E-0004
   9.80323619983012341978122851743815766E-0005
   8.44313698269490875778883179890635022E-0005
   7.23132038122454389311403214799530422E-0005
   6.49621551355632204461807664830759469E-0005
   7.60970992708042747642628238923191741E-0005
   8.08534060315107250914486687627380673E-0005
   8.12105373143189224956537750585248769E-0005
   8.18711803680690695271270559574689178E-0005
   8.89486855974363483809235760701243164E-0005
   8.25967053907226710331672918835566263E-0005
   6.96846302405614852531683729240799005E-0005
   6.06645622075874708174108488531378173E-0005
   5.24929054824406152922852108662268756E-0005
   3.78720517831434532542937120061331235E-0005
   1.55285141617186297424223731974091054E-0005
   1.55272602651423363421287646673124373E-0005
   1.55261325593677195197109412934525465E-0005
   1.55251196268810804758918123652341313E-0005
   1.55242103966461757705438528355809338E-0005
   1.55233943712170984411198490422010081E-0005
   1.55226617719211506634925101454315172E-0005
   1.55220036169952502235099749221626368E-0005
   1.55214117481156868136401698618059155E-0005
   1.55208788195472741218414688615818569E-0005
   1.55203982620058056869334297045646709E-0005
   1.55199642308939562233684559130312445E-0005
   1.55195715462263756057173671518304099E-0005
   1.55192156295122966463345543376751086E-0005
   1.55188924411936292983422657964879240E-0005
   1.55185984209436870042745695696592913E-0005
   1.55183304321748664347841711754120900E-0005
   1.55180857114243876239626134008042565E-0005
   1.55178618228250964839217459740474559E-0005
   1.55176566175693899374635127173801456E-0005
   1.55174681980930445359251070449032128E-0005
   1.55172948866069567034816992245982631E-0005
   1.55171351975615732327338375385286268E-0005
   1.55169878136216550971777949288559729E-0005
   1.55168515647440511343730944571765024E-0005
   1.55167254099788573308405169759232517E-0005
   1.55166084216482733275001050582244729E-0005
   1.55164997715935050611122915026474621E-0005
   1.55163987192156267470103168623870384E-0005
   1.55163046010699049203967869679799176E-0005
   1.55162168218039032342426596612597115E-0005
   1.55161348462574063626217061542347845E-0005
   1.55160581925668116637832353583595251E-0005
   1.55159864261381946803033660423608008E-0005
   1.55159191543720817950892680518950992E-0005
   1.55158560220392469025400036361436534E-0005
   1.55157967072209079492621337019010281E-0005
