   6.72720149407077302127148919426583706      
   6.78293749106984911239592136136098583      
   6.83991781323766144743748641818581724      
   6.89808552215296962277169835814588284      
   6.95737387125177824943098247744026236      
   7.01770294453971993159327508644675301      
   7.07897481655891725262575706367664804      
   7.14106638308198426887345393282338325      
   7.20381836277554245707474462513270488      
   7.26701763089877622150122493322484799      
   7.33036694841821820141229685064240013      
   7.39342783003313653092686679029878234      
   7.45549583143022684910215970013078074      
   7.51527251696828181365025954180105096      
   7.56988547576761864671353014538234613      
   7.61198178391799821351810761155048368      
   7.61524319593638795333405595683830951      
   8.05751279189583941632810888509728404      
   8.32242032499303536604579017521799919      
   8.48003169773613762649489860411066962      
   8.62778157303180500638446397841910026      
   8.78533073073380160847633536183284833      
   8.96120938276642592816669961685320160      
   9.16019544118091459364128173280768232      
   9.38517613536223708725411934140619522      
   9.63695154030759104742046312734399808      
   9.91294991810380247211128454036196462      
   10.2058926177579633863864251535850628      
   10.5032428581717385114781907737747416      
   10.7875576108741457037680870758624164      
   11.0372977111876058748555303971184691      
   11.2269492006873831350057664534818033      
   11.3202903998148889760765543230061058      
   11.2712053111998284677463050068988537      
   11.2133270957681142241357812441825543      
   11.1574130660712839475897764161992995      
   11.1033597790265903674557136507230739      
   11.0510709885032732582252885580599593      
   11.0004570429772459570394116090190467      
   10.9514343407343790915584252758246548      
   10.9039248364270627444327646368158108      
   10.8578555935154172992598071026566870      
   10.8131583778106781540871385213321947      
   10.7697692878763770995915497304138434      
   10.7276284185643203810429450909825029      
   10.6866795543543672450468669431195619      
   10.6468698895678322309598288637412416      
   10.6081497728365254348204687927394802      
   10.5704724734861773826374137701444978      
   10.5337939677816269143252904398259485      
   10.4980727431151733365318987471240027      
   10.4632696185233551720731608106332016      
   10.4293475800104199374206087252940283      
   10.3962716293359837183797035188539748      
   10.3640086450452768218773516738075027      
   10.3325272546684619284415612258851335      
   10.3017977170841647977891238737563223      
   10.2717918141673868228577968403508856      
   10.2424827509125988671682371212209007      
   10.2138450632995811788414971147548350      
   10.1858545332427401886725984125892545      
   10.1584881100231128522167713779002074      
   10.1317238376505047890428978466998325      
   10.1055407876642493393284463871323403      
   10.0799189969353628676595392595714967      
   10.0548394100185798110428949813836788      
   10.0302838257222714293258818122243855      
   10.0062348475301258941238304190815158      
   9.98267583756709018004760207908965274      
   9.95959087382528006205726385818183845      
