   194.740081063663265478921500458567867      
   191.874373485863023663296199559648974      
   188.806181570487151032379650305089611      
   185.512939595822040529278352122944234      
   181.967336423792685704180147352199868      
   178.135778203408245573369625905578377      
   173.976163962488881563389392748267833      
   169.434565770821567064335302702818608      
   164.440094307809472224713582988878232      
   158.896628441997607761247425649092861      
   152.668878254868503436335862053094058      
   145.557784255621998576060756648407219      
   137.255421901870565123167100652170233      
   127.261274478380702721382563144075108      
   114.718860791091426179341609748355640      
   97.9113233363455516958022123806064987      
   71.4609717406553660021032500013661334      
   1.65328523311840002144087148645691318E-0003
   4.88016958957506623927283582020053214E-0004
   4.15658768574769018216393356010318778E-0004
   3.64227708389392438435031593618579508E-0004
   3.17647705844768275107794094760722754E-0004
   2.91069737062768646480966242040140319E-0004
   3.48532150913756408945384750488932167E-0004
   3.79411728374843808710119414103564298E-0004
   3.91311006330216419214860626405939934E-0004
   4.05792455362355961752072442044490284E-0004
   4.53900366849074854509181062843389416E-0004
   4.33766628001811514612301603397190231E-0004
   3.75863481656259850529586900231928855E-0004
   3.34786416802001663375485127441965126E-0004
   2.94667591623922508919655314897473143E-0004
   2.14361312111005590706885212758852947E-0004
   8.75125356473023858158733232616104005E-0005
   8.70561241270820768041549087346909065E-0005
   8.66157371417220892437399953103897427E-0005
   8.61904944148438474038760042549222019E-0005
   8.57795755668987227533503685907960557E-0005
   8.53822164708842335231121671663596528E-0005
   8.49977055943110276995589052844623361E-0005
   8.46253803752326050349671287504438863E-0005
   8.42646236842669107022162478379575636E-0005
   8.39148604192859579546730737087682194E-0005
   8.35755542688800133580939828813357513E-0005
   8.32462046692198752274031794799618233E-0005
   8.29263439676986009271440693954037296E-0005
   8.26155347977824808763738305594836149E-0005
   8.23133676623613351481818070298438253E-0005
   8.20194587178356508621538375070123922E-0005
   8.17334477482428277354706964830401303E-0005
   8.14549963162146985642805878880540432E-0005
   8.11837860776046421063145956931379659E-0005
   8.09195172459399977186155028015254847E-0005
   8.06619071934790437380528802656777859E-0005
   8.04106891762556838943121377403868490E-0005
   8.01656111715901219441948483383912046E-0005
   7.99264348171951860617486934548776858E-0005
   7.96929344421941759657147529371468531E-0005
   7.94648961811778350535761715174029022E-0005
   7.92421171633024613455704109118217130E-0005
   7.90244047692728231210920070088438558E-0005
   7.88115759497649005331180066806977550E-0005
   7.86034565994530809182760188761552367E-0005
   7.83998809814907459111002905651343999E-0005
   7.82006911979003931425346160746196418E-0005
   7.80057367013812162022018992857213730E-0005
   7.78148738451101225049778565529837892E-0005
   7.76279654669690438884105570490900903E-0005
   7.74448805051905095523970478614770106E-0005
   7.72654936426828428378237275221215353E-0005
