   1.34782403271764247417523026966465665      
   1.32576466006840080669743372240014806      
   1.30376795075701480087857482213224783      
   1.28187276026627934700660486929440298      
   1.26011848985888950358657079364911019      
   1.23854590031585737252208450862936156      
   1.21719828869395829766390273133778658      
   1.19612323624497029639411200542803916      
   1.17537529956326408716588648218133975      
   1.15502036069034470019842687539626169      
   1.13514316104733411137248511634594409      
   1.11586175259240661507242641926190759      
   1.09735969347601324099780956453904343      
   1.07997226091575416804326839805067825      
   1.06444554697502876837318040066036445      
   1.05270476107250511902319312038457235      
   1.05180326162631880586402996946120641      
  0.939507086925945179360555263205242397      
  0.880648856527105289010020422209943581      
  0.848217281547057084551899914399172624      
  0.819414763492418720266590016448432208      
  0.790288817488165025736586512274928470      
  0.759571774153012735506062136229524082      
  0.726929992898710722435903214064032433      
  0.692495909686749564942347338673820323      
  0.656784231631065993005545220090259501      
  0.620720721469558638585128776417305878      
  0.585598665904385656969332951218151924      
  0.552911028866199944863080390850244376      
  0.524150267292114285116951178970222030      
  0.500698803653619180504150219612998469      
  0.483925550325061652988180423486136424      
  0.475978056988589950235697347641533301      
  0.480132767557772279876528715815706636      
  0.485102023398749439020945403054520170      
  0.489976266761555252751656468023284437      
  0.494758475918744748784270381119904072      
  0.499451509889393829495075639263484279      
  0.504058112544131299149348698707813701      
  0.508580916814332437067072248573190519      
  0.513022448958416943621595169615045588      
  0.517385132847828207712854920853297525      
  0.521671294237676614137341340568142628      
  0.525883164995214544984200040844458608      
  0.530022887260673894841591408893108678      
  0.534092517522539292803597403840236215      
  0.538094030590094205363942288111420294      
  0.542029323450497514946419991725594846      
  0.545900219001244725698633030830643356      
  0.549708469647416849111872074377527791      
  0.553455760763868147754834438797709760      
  0.557143714013291193695918258526535223      
  0.560773890520625915632294586926370559      
  0.564347793902785827427759710740276067      
  0.567866873155339761231153406072545332      
  0.571332525395713915828412500658555178      
  0.574746098467366662145567850455529790      
  0.578108893406819968546452796158571215      
  0.581422166777572834330427644837780589      
  0.584687132875241689597715297317107851      
  0.587904965808063281581404124717227873      
  0.591076801457487278276612178909165442      
  0.594203739324503616919652047340305086      
  0.597286844266254380863147645242213838      
  0.600327148126122308648675022627755163      
  0.603325651267299588619773745591239637      
  0.606283324009756270272504591698467784      
  0.609201107978466591062498293862039845      
  0.612079917367268132205495682578067632      
  0.614920640123056945206102962950118190      
