   73.8271853563915421252058494336087042      
   73.3205353971938388673583555880111335      
   72.7966574131037347856605847802565853      
   72.2556780649181273856998590281829474      
   71.6977166260559475368301205596603647      
   71.1228809115855944675268292761748866      
   70.5312632486849200322197924393651161      
   69.9229364611297837022922673704206795      
   69.2979498343414114736360395555092983      
   68.6563250210692624262226599200874612      
   67.9980518407021181603550516661674197      
   67.3230839172128029276097016848364594      
   66.6313340914861794807277768258322400      
   65.9226695328357497361859502636666142      
   65.1969064613108397528882524009388922      
   64.4538043762672073675408649225762620      
   63.6930596666816369712692874211271792      
   62.9142984536980436149713252137893443      
   62.1170684843178335009263926654216931      
   61.3008298549579765989019661345945543      
   60.4649442919826704888021328607025834      
   59.6086626494922065496804733780324066      
   58.7311101974026605992906804496056615      
   57.8312691578621707081933646140866849      
   56.9079577950685603975182829652790819      
   55.9598051578541920716738640955446946      
   54.9852202947363050415864312383199599      
   53.9823543761931408719554277681584569      
   52.9490536220311299658050498855819166      
   51.8828001719807040318475813280601517      
   50.7806369454609253948483051331462367      
   49.6390709387777016850752894504608528      
   48.4539470255702552046350261754882862      
   47.2202806971184677019179302794482278      
   45.9320325165726478790139599238023287      
   44.5817979831819080943157251234195637      
   43.1603714882206588827971526616899648      
   41.6561172910053484005531228128068991      
   40.0540343132398597577013635327457794      
   38.3343144489653220675812680393511415      
   36.4700185207242116674494945301991052      
   34.4231098289089468491138318348592796      
   32.1371526090699990754284638656540605      
   29.5224002787630614227351122909986260      
   26.4205010765048658464992311932061497      
   22.4999788281850453586731663158909120      
   16.7858785044218659332953589692193015      
   2.49333115679351728008498943122644023E-0003
   1.55900271701104368851477409133642381E-0004
   1.07465181018456655622280373899536558E-0004
   9.21042379513899675637994844457938997E-0005
   8.02752500525975570229363367802165887E-0005
   6.86975970136313473053985376077431100E-0005
   5.96836187959835867402583562367688961E-0005
   6.97614587976840919273846425561682993E-0005
   8.35683638906984840313509442750658950E-0005
   9.44732687357944387880251200021990502E-0005
   7.29458975381752926144166479483124940E-0005
   6.29209849528269409852205372495904600E-0005
   5.68246611519327971420733653457218844E-0005
   5.17325358879484870074319227428921450E-0005
   4.66380151011852668437275632696028041E-0005
   3.83277074492365712748459573696483205E-0005
   1.55724528077095251061658960607296471E-0005
   1.55623742526255404058516566113715665E-0005
   1.55544821388807405945731061793490290E-0005
   1.55482234579549605183651630196231562E-0005
   1.55432021960768699686300526609902816E-0005
   1.55391304849517818114511916642142774E-0005
   1.55357961472934799292452761916035470E-0005
