   5.90761459240698878642485104703871328      
   5.92154241315101617861782169310269873      
   5.93595740998438379731645199620784031      
   5.95084281234210738335622224782077982      
   5.96618130930835188043697343149297937      
   5.98195511152099603510986641858077503      
   5.99814600316474388916987798950747594      
   6.01473538460598843601587942825030484      
   6.03170430613468819234597822515269262      
   6.04903349317357693313607312445058707      
   6.06670336319498448450512468617456219      
   6.08469403444920245432586920374155132      
   6.10298532645479025377698143660438752      
   6.12155675202616097909503254740912009      
   6.14038750041322536292442857374193761      
   6.15945641089273977354682987906376636      
   6.17874193587301147676207021211943319      
   6.19822209223712319771642590053758205      
   6.21787439923785443599266147387458785      
   6.23767580074295089968751361417001530      
   6.25760256897953285878451439484114998      
   6.27763018609224089001665664799673607      
   6.29773319874527723997995789904449517      
   6.31788503957045458180419249260125039      
   6.33805780735750057423156628322332588      
   6.35822199530653230078645521827605947      
   6.37834615313018431826019558500901479      
   6.39839646388058333522652109708637288      
   6.41833620943776128971433447282871592      
   6.43812508862993465808407682730839821      
   6.45771833737857085323701488751136461      
   6.47706557850809162118752316686007137      
   6.49610929567340919283163869153718276      
   6.51478277397385598493738384230886097      
   6.53300726645192884344713866910505632      
   6.55068800754407689846044866521507505      
   6.56770845763538802457859843515590356      
   6.58392174029217512770092030411623560      
   6.59913744548692666717135474478889260      
   6.61310042357901374074715486973978548      
   6.62545496082896667380915908061648581      
   6.63568044984432180584497819842658652      
   6.64296664246503713519396192449370966      
   6.64594563865357919046733955026239878      
   6.64202337245690828467111063292924859      
   6.62525016523292658456857204173828906      
   6.57534638071579974843397753316750818      
   6.85161354822335616085097815632624471      
   7.11981964967462963248578772628336989      
   7.24472846432744455634286519795367072      
   7.34357842733383969189023187089571006      
   7.43119933609835436352287297898653172      
   7.51263168126851205173389088999584660      
   7.59013738395419518080638128938987969      
   7.66485520290820042916481543332916604      
   7.73734995032625540302459610256060606      
   7.80781355250853219561052826840820347      
   7.87612866165175781019887588630647050      
   7.94187647043553850286323120446372394      
   8.00432080846179178794235419198028219      
   8.06235833858058640093792757022210887      
   8.11434400617414965929595210842474049      
   8.15723640425586520452557503792779567      
   8.18440620301121187214658634054421899      
   8.20894732855282401931076539086686454      
   8.23303498120618914352804687137931006      
   8.25666404118213423525969260770734670      
   8.27982993372859056992566174905815182      
   8.30252862078317907507711875985618073      
   8.32475659195495460583090158301603871      
