   4.07235355220599803304033864098600148      
   3.99707954519546953635096859614483473      
   3.92079123743573539238996322863491740      
   3.84308174232465203421641795627374501      
   3.76347308388744175461612750818212602      
   3.68139177867130977852391079006266469      
   3.59613479969802685137772807435349620      
   3.50682166610200011290450549829980174      
   3.41232730409586763233658795757216171      
   3.31119111418825995744252156942647897      
   3.20150463982473612325324127664218910      
   3.08079357345941981663853621686494034      
   2.94587085341710209368683230440081197      
   2.79233975826675777505367043592284081      
   2.61293921086570737070767726877297818      
   2.39377204178759372414174566100001232      
   2.10476105808787979135804865488803654      
   1.65779891598214702244514849596149307      
   3.97953075007071471369966659698585800      
   16.5928417915378119858466738424879488      
   25.1026901923659832569326967041006868      
   32.0980176882977415238596823995782741      
   38.2036109912503943101639587599130655      
   43.7015124484181817844866716220351011      
   48.7502656555985657598326613897728426      
   53.4498999871421569763866334808178601      
   57.8682042427044521881992716944531581      
   62.0534380217003934436667475703828996      
   66.0412139588997494105261075851633664      
   69.8584784196230664967927076556990873      
   73.5258602426549380942445409486739138      
   77.0589623354101007221265753431954514      
   80.4687736895883156466709634808385404      
   83.7609233516413993678499386033213510      
   86.9321044827193559051593208500515578      
   89.9482051924156321386907542294045271      
   92.7621003629703397194524482655462304      
   95.5054305611754981173231763106280525      
   98.1821123856896716477497605383472185      
   100.795557352409324358002184311279131      
   103.348900193086929784502575035630831      
   105.845028192378999719855346414597907      
   108.286606636223954618378675312235459      
   110.676101050556099884278051264814405      
   113.015796751842771096894131621524877      
   115.307816117201760073040187501591231      
   117.554133898898418777303267216128810      
   119.756590846689126183941852361993516      
   121.916905855400311210652565546981097      
   124.036686819878490084066079559489526      
   126.117440351920064026857100800495578      
   128.160580491861280669966021039658043      
   130.167436529694025094962421243518952      
   132.139260035834191518173143756787906      
   134.077231189284783770464405932071042      
   135.982464480387843463626749310240357      
   137.856013856284455308418589536159674      
